20069 1 -26.1 -27.3 -26.0 -22.7 -13.1  -3.0   0.4   0.0  -1.8  -9.1 -18.8 -23.7
20069 2 -26.7 -27.0 -25.3 -20.3  -9.3  -1.3   0.5  -0.3  -3.4 -12.6 -20.9 -24.7
20069 3 -27.2 -26.5 -24.3 -17.0  -5.7  -0.2   0.3  -0.8  -6.0 -16.0 -22.5 -25.6
20674 1 -25.0 -26.1 -23.7 -19.8 -11.1  -1.8   3.7   5.0   2.8  -5.6 -16.5 -22.7
20674 2 -25.6 -25.6 -22.5 -17.6  -7.6   0.4   4.8   4.6   0.8  -9.5 -19.1 -23.8
20674 3 -26.0 -24.8 -21.3 -14.6  -4.4   2.2   5.2   3.9  -2.1 -13.2 -21.1 -24.6
20744 1 -14.3 -16.2 -12.8 -11.6  -6.3   0.5   6.2   7.4   4.6  -0.9  -7.6 -11.2
20744 2 -15.4 -15.2 -12.0 -10.7  -3.8   2.5   7.6   6.5   3.3  -3.3  -9.0 -12.2
20744 3 -16.2 -14.0 -11.8  -8.8  -1.5   4.4   7.9   5.5   1.5  -5.7 -10.1 -13.4
20891 1 -32.1 -32.4 -28.9 -21.1 -10.2   1.7  11.6  11.1   3.9  -8.2 -24.5 -29.5
20891 2 -32.9 -31.4 -27.1 -17.5  -6.6   5.7  12.8   9.0   0.8 -13.9 -27.3 -30.3
20891 3 -33.0 -30.3 -24.5 -13.8  -2.6   9.2  12.5   6.5  -3.1 -19.7 -28.8 -31.4
20982 1 -32.3 -30.4 -26.1 -19.4  -9.2   2.3  11.2  11.8   5.7  -6.6 -22.3 -27.5
20982 2 -30.8 -30.9 -25.5 -16.1  -6.7   4.8  13.2  10.4   2.3 -11.6 -24.5 -27.0
20982 3 -30.9 -27.3 -21.6 -12.6  -2.4   8.5  13.0   8.2  -1.6 -17.7 -26.0 -30.6
21432 1 -29.5 -30.1 -29.8 -24.8 -12.5  -2.6   2.9   2.6   0.1  -7.3 -21.0 -27.2
21432 2 -29.9 -30.4 -28.2 -20.9  -8.9  -0.3   3.2   1.4  -1.6 -11.8 -22.8 -27.7
21432 3 -30.2 -30.1 -26.2 -17.4  -5.7   1.3   2.6   1.1  -3.6 -16.8 -26.0 -28.4
21802 1 -36.2 -34.8 -30.4 -23.4 -11.3   0.8   9.8  10.2   4.0  -8.2 -26.2 -31.5
21802 2 -35.4 -34.4 -29.2 -18.4  -7.8   5.4  12.5   7.9   0.8 -13.9 -29.2 -33.1
21802 3 -36.0 -31.2 -26.3 -14.6  -3.7   8.1  11.6   6.6  -2.6 -19.0 -32.3 -34.9
21908 1 -39.7 -36.5 -29.8 -18.7  -6.3   5.5  12.6  11.7   4.3  -7.9 -27.4 -34.4
21908 2 -38.4 -36.3 -27.0 -14.1  -3.4   8.9  14.9   9.2   1.4 -13.5 -31.3 -35.6
21908 3 -39.3 -31.8 -23.2 -10.1   1.0  11.1  13.4   8.0  -1.9 -19.1 -34.8 -38.1
21921 1 -37.6 -34.8 -29.9 -19.5  -6.4   4.2  12.6  11.7   5.1  -6.3 -27.0 -33.6
21921 2 -37.3 -35.1 -26.4 -14.8  -3.3   8.6  13.3   9.0   1.9 -12.0 -29.5 -35.3
21921 3 -39.3 -31.0 -23.9 -11.2   0.2  10.5  11.9   7.5  -1.5 -17.6 -33.5 -35.6
21931 1 -35.2 -33.9 -29.8 -21.5  -8.2   3.2  11.5  10.6   4.7  -6.6 -25.2 -31.5
21931 2 -34.6 -33.6 -27.5 -17.7  -4.7   7.5  11.6   7.6   1.7 -12.8 -28.3 -32.7
21931 3 -36.8 -31.7 -24.6 -13.9  -1.0   9.6  10.3   6.8  -1.2 -18.1 -31.3 -33.2
21946 1 -33.3 -32.9 -30.8 -22.4  -9.7   2.2  10.9   9.2   3.7  -6.5 -23.5 -31.7
21946 2 -33.9 -33.1 -28.6 -18.9  -6.0   5.6  10.1   6.6   0.7 -12.3 -26.4 -32.5
21946 3 -35.3 -32.2 -25.3 -15.2  -1.8   9.0   9.1   5.5  -1.7 -18.2 -29.6 -32.8
21982 1 -20.7 -24.0 -23.6 -20.4  -9.8  -0.6   2.5   2.9   0.8  -4.8 -11.7 -19.9
21982 2 -22.8 -23.4 -23.5 -17.7  -6.4   0.7   2.7   2.2  -1.0  -7.3 -13.6 -21.8
21982 3 -24.5 -25.6 -21.8 -14.3  -3.3   1.7   2.8   1.7  -2.3 -10.2 -17.9 -22.5
22113 1 -11.1 -11.6  -7.0  -2.5   2.1   7.3  11.7  12.9   8.6   3.4  -3.6  -6.7
22113 2  -9.5  -9.7  -5.7  -1.6   4.0   9.2  13.1  10.8   6.7   0.4  -5.5  -9.3
22113 3 -11.4  -8.1  -3.9   0.2   4.9  11.0  13.2   9.1   4.8  -1.1  -7.5 -10.2
22165 1  -7.9 -10.1  -7.7  -5.8  -2.3   3.0   8.0   8.8   6.6   2.8  -2.0  -4.9
22165 2  -9.0  -9.6  -6.8  -5.1  -0.6   4.8   9.0   8.1   5.6   1.1  -3.1  -5.9
22165 3  -9.9  -8.7  -6.3  -3.9   1.2   6.5   9.3   7.3   4.4  -0.6  -4.0  -7.1
22217 1 -12.8 -13.8  -8.5  -2.9   2.5   9.0  13.7  14.1   8.8   3.5  -3.7  -7.9
22217 2 -11.5 -12.0  -7.2  -2.0   4.7  11.2  14.7  11.7   6.7   0.2  -6.0 -10.6
22217 3 -14.0 -10.2  -4.5   0.1   6.1  13.2  15.0   9.8   4.8  -1.5  -8.8 -11.8
22471 1 -13.8 -14.5  -8.6  -3.7   1.5   9.3  14.2  13.0   8.2   2.3  -5.7 -10.1
22471 2 -15.0 -12.7  -6.6  -2.3   4.0  11.5  14.6  11.5   6.5  -0.3  -7.6 -11.3
22471 3 -15.3 -10.7  -5.0  -0.6   6.7  13.1  14.1   9.8   4.7  -3.2  -9.0 -12.8
22520 1 -10.2 -11.6  -7.0  -1.9   3.0   9.5  13.1  14.5  10.4   5.1  -1.5  -5.8
22520 2  -9.7 -10.2  -5.7  -1.3   5.2  11.0  14.4  12.4   8.2   2.2  -3.9  -8.4
22520 3 -12.0  -8.4  -3.4   0.9   6.5  12.3  14.9  11.4   6.2   0.2  -6.1  -9.5
22550 1 -13.5 -13.4  -7.3  -1.5   4.4  11.0  15.1  15.3  10.0   4.2  -3.6  -7.7
22550 2 -12.5 -11.6  -5.8  -0.5   6.7  13.3  16.3  12.4   7.5   1.4  -4.9 -10.0
22550 3 -14.3  -9.1  -3.1   1.8   8.1  15.0  16.0  11.1   5.7  -0.8  -7.7 -11.8
22619 1 -10.7 -11.7  -7.0  -1.0   4.1  11.4  15.1  15.8  10.7   5.3  -1.1  -5.8
22619 2  -9.9 -10.2  -5.6  -0.5   6.8  12.7  16.2  13.3   8.4   2.6  -3.3  -8.5
22619 3 -12.0  -8.5  -2.7   1.7   8.5  14.2  16.2  12.0   6.6   0.5  -5.9  -9.8
22641 1 -11.9 -12.2  -6.8  -0.8   4.9  11.8  15.7  15.8  10.7   5.0  -2.1  -6.5
22641 2 -11.2 -10.6  -5.2   0.2   7.4  13.8  16.9  13.1   8.2   2.3  -4.0  -9.1
22641 3 -12.8  -8.4  -2.5   2.3   8.9  15.3  16.7  11.9   6.3   0.1  -6.7 -10.4
22676 1 -15.9 -15.7  -8.5  -1.6   4.5  11.5  16.2  15.2   9.5   3.5  -5.3  -9.6
22676 2 -14.7 -13.4  -6.5  -0.4   6.7  14.0  16.6  12.4   7.2   0.6  -6.3 -12.2
22676 3 -16.1 -10.2  -3.3   2.0   8.5  15.7  16.1  11.0   5.0  -1.7  -9.5 -14.1
22768 1 -12.6 -12.8  -7.0  -0.2   6.4  13.6  17.4  15.7   9.7   3.9  -4.2  -9.4
22768 2 -13.5 -11.1  -4.7   1.9   8.8  15.4  17.5  13.9   7.8   1.5  -6.4 -10.6
22768 3 -13.7  -9.2  -2.4   4.1  11.4  16.6  17.0  11.8   6.0  -1.4  -8.1 -11.9
22802 1  -8.4  -9.5  -5.5   0.3   6.2  12.8  16.3  16.7  11.5   6.4   0.6  -3.9
22802 2  -8.0  -8.9  -4.4   1.5   8.9  13.9  16.9  14.5   9.1   4.1  -1.4  -6.6
22802 3  -9.5  -7.2  -1.7   3.6  10.3  15.4  17.2  13.0   7.3   2.0  -3.8  -7.1
22820 1  -9.6 -10.3  -6.0   0.4   6.0  12.7  15.8  16.2  11.1   5.7  -0.9  -5.2
22820 2  -9.3  -9.6  -4.3   1.1   8.6  13.7  16.5  13.7   8.6   3.2  -2.7  -7.5
22820 3 -10.7  -7.4  -1.4   3.5  10.1  15.0  16.6  12.4   6.8   0.9  -5.2  -8.3
22837 1  -9.8 -10.7  -5.9   0.5   7.1  13.0  16.6  16.0  10.5   5.3  -1.8  -6.9
22837 2 -10.7  -9.5  -3.8   2.6   9.3  14.5  17.2  14.4   8.8   3.1  -4.0  -8.0
22837 3 -11.1  -7.9  -1.6   4.8  11.3  15.7  17.0  12.4   7.1   0.7  -5.6  -9.0
23022 1 -18.0 -20.8 -16.2 -13.3  -7.1   0.3   5.8   7.2   4.7  -1.2  -9.9 -14.2
23022 2 -19.6 -19.7 -14.7 -12.0  -4.3   2.2   7.1   6.4   3.4  -4.3 -11.7 -15.4
23022 3 -20.7 -18.0 -13.9  -9.9  -1.8   4.0   7.6   5.6   1.5  -7.3 -13.1 -16.9
23032 1 -20.6 -23.6 -18.9 -15.2  -8.1  -0.1   6.3   7.7   4.7  -2.1 -12.4 -17.2
23032 2 -22.2 -22.5 -17.3 -13.6  -5.1   2.1   7.8   6.8   3.2  -5.7 -14.6 -18.3
23032 3 -23.5 -20.8 -16.2 -11.2  -2.4   4.3   8.3   5.7   1.0  -9.3 -16.1 -19.6
23074 1 -29.5 -27.6 -23.1 -18.1  -8.3   2.0  12.4  12.7   6.7  -4.2 -19.1 -24.9
23074 2 -28.2 -27.4 -23.2 -15.2  -6.2   5.1  13.8  11.8   3.9  -8.5 -21.0 -23.3
23074 3 -26.8 -24.7 -19.2 -11.8  -2.1   9.5  14.0   9.4   0.6 -14.5 -23.1 -27.9
23205 1 -19.3 -18.9 -12.3  -9.1  -2.1   5.2  12.9  12.6   7.6   1.1  -8.7 -11.9
23205 2 -17.2 -16.8 -10.7  -7.7  -0.1   8.6  13.1  10.0   5.7  -1.8  -8.9 -14.4
23205 3 -18.1 -14.7  -9.0  -4.9   2.0  11.3  13.4   8.3   3.5  -4.9 -12.7 -15.8
23256 1 -28.6 -26.6 -21.1 -16.6  -7.2   2.1  13.8  12.6   7.0  -2.2 -16.5 -22.4
23256 2 -26.6 -26.2 -21.0 -13.3  -5.0   5.5  14.1  12.1   4.4  -6.2 -18.5 -22.0
23256 3 -24.8 -23.1 -17.0 -11.0  -1.6  10.4  14.3   9.3   1.2 -11.7 -21.8 -26.2
23274 1 -29.3 -26.9 -20.4 -14.0  -4.7   5.3  14.7  13.7   7.7  -2.4 -17.7 -24.9
23274 2 -28.1 -26.4 -20.1 -10.6  -2.3   8.5  15.5  13.0   5.1  -6.6 -20.1 -23.5
23274 3 -26.8 -23.5 -15.5  -8.0   1.2  12.4  15.4  10.5   1.6 -12.8 -22.5 -27.4
23324 1 -19.1 -21.0 -13.7  -8.6  -2.7   7.1  14.1  12.3   6.7  -0.4 -11.2 -15.9
23324 2 -20.6 -19.0 -11.3  -7.4   0.4   9.9  14.8  10.3   5.0  -4.1 -13.4 -16.8
23324 3 -21.5 -16.5  -9.7  -5.4   3.8  12.3  14.0   8.3   2.7  -7.9 -14.9 -18.1
23330 1 -26.3 -25.0 -16.9 -11.7  -3.7   4.6  14.2  12.9   7.6  -0.3 -13.2 -19.7
23330 2 -23.2 -23.3 -15.4  -9.2  -1.4   8.8  14.2  11.6   5.4  -3.7 -14.8 -20.3
23330 3 -22.8 -20.9 -12.8  -6.7   1.4  12.1  14.5   9.0   2.5  -8.1 -19.1 -22.5
23383 1 -34.5 -33.3 -24.7 -15.1  -4.7   5.2  12.6  12.4   6.4  -3.6 -21.3 -31.5
23383 2 -35.4 -32.9 -22.4 -10.9  -1.8   7.5  14.3  11.7   3.7  -7.5 -25.0 -29.8
23383 3 -34.2 -28.7 -18.0  -8.7   1.8  10.4  14.1   9.2   0.6 -13.1 -27.6 -32.2
23405 1 -16.7 -17.4 -10.1  -4.1   0.8   9.6  15.2  13.1   7.5   1.2  -8.4 -13.1
23405 2 -18.0 -15.2  -7.6  -2.8   3.4  12.2  15.4  11.2   5.8  -1.9 -10.5 -14.2
23405 3 -18.3 -12.7  -5.6  -1.2   6.5  14.1  14.6   9.3   3.8  -5.3 -12.0 -15.7
23445 1 -25.8 -24.3 -16.4 -10.7  -2.7   5.4  15.9  13.6   8.2  -0.3 -14.0 -19.7
23445 2 -23.1 -22.7 -15.1  -7.9  -0.6  10.0  15.3  13.0   6.0  -3.7 -15.0 -19.1
23445 3 -22.0 -20.3 -11.4  -5.7   2.2  13.5  15.7  10.0   2.8  -8.4 -18.3 -23.1
23463 1 -29.0 -27.8 -19.4 -12.9  -2.9   6.5  14.9  13.3   7.6  -2.4 -16.1 -24.7
23463 2 -28.1 -25.8 -19.2  -8.9  -0.9  10.2  15.4  12.7   5.1  -6.8 -19.9 -22.4
23463 3 -26.7 -22.0 -14.5  -6.5   2.4  13.0  15.1  10.0   1.7 -11.9 -23.1 -26.9
23472 1 -27.0 -24.5 -18.4 -10.9  -1.8   7.3  16.0  14.4   8.2  -1.5 -16.3 -23.6
23472 2 -26.5 -24.3 -17.7  -7.6   0.3  10.4  16.7  13.7   5.8  -5.5 -18.4 -22.0
23472 3 -25.1 -21.2 -12.6  -5.1   3.5  13.8  16.4  11.2   2.3 -10.7 -21.0 -25.2
23552 1 -26.5 -25.5 -17.6 -11.7  -2.8   6.0  16.3  14.0   8.2  -0.5 -14.6 -21.5
23552 2 -24.6 -23.9 -16.5  -8.0  -1.1  10.5  16.0  13.6   5.9  -4.0 -17.8 -20.3
23552 3 -23.3 -21.6 -12.6  -6.3   2.3  14.0  16.3  10.4   2.4  -8.9 -20.0 -24.5
23631 1 -24.3 -22.6 -13.0  -6.9   1.3   8.6  16.8  14.4   8.7   0.8 -11.4 -18.1
23631 2 -21.2 -20.8 -11.2  -3.7   3.1  12.7  15.8  12.9   6.7  -2.2 -12.4 -17.9
23631 3 -20.7 -16.9  -7.4  -1.6   5.9  15.0  16.3  10.2   3.4  -6.5 -16.0 -20.6
23662 1 -26.8 -24.4 -17.1  -9.4  -0.6   8.0  16.8  14.3   7.8  -0.8 -14.5 -21.9
23662 2 -25.2 -24.2 -15.6  -6.1   0.9  12.0  16.6  13.6   5.9  -4.1 -16.1 -20.8
23662 3 -23.4 -19.4 -10.9  -4.3   4.2  14.5  16.7  10.7   2.5  -8.9 -19.0 -24.9
23678 1 -25.0 -23.0 -15.8  -7.7   0.9   9.3  17.4  15.2   8.8   0.1 -13.3 -22.2
23678 2 -24.9 -22.5 -14.4  -4.3   2.6  12.8  17.8  14.6   6.6  -3.4 -15.6 -20.6
23678 3 -23.6 -18.7  -9.4  -2.2   5.9  15.4  17.4  11.7   3.2  -7.7 -18.4 -23.7
23711 1 -18.9 -18.1  -9.5  -2.5   4.1  10.7  16.4  14.3   8.8   2.0  -8.2 -13.0
23711 2 -17.0 -15.7  -7.4  -0.5   5.8  14.0  16.1  12.1   7.1  -0.6  -8.4 -13.6
23711 3 -17.6 -12.8  -3.7   2.0   7.9  15.4  16.0  10.4   3.8  -3.6 -11.9 -16.5
23724 1 -21.8 -20.7 -10.4  -3.0   4.8  10.8  17.6  14.5   9.5   1.6 -10.0 -16.9
23724 2 -20.1 -18.0  -8.3  -0.3   6.0  14.4  16.5  13.1   7.0  -1.2 -10.0 -16.9
23724 3 -19.2 -13.4  -3.5   1.5   7.9  15.8  16.4  11.0   4.1  -4.9 -13.2 -18.2
23734 1 -22.4 -20.9 -11.7  -4.6   3.3  10.2  17.9  15.1   9.1   1.2 -10.6 -16.9
23734 2 -20.2 -19.5  -9.9  -1.7   4.8  14.0  16.6  13.6   7.2  -1.4 -11.2 -17.0
23734 3 -19.8 -15.0  -5.3   0.2   7.6  16.1  17.0  10.9   3.7  -5.4 -14.5 -19.3
23867 1 -22.3 -21.1 -14.1  -6.0   2.7  10.6  18.3  15.6   9.6   1.4 -11.3 -18.0
23867 2 -21.9 -20.9 -12.0  -2.4   4.1  14.8  18.0  15.0   7.6  -1.4 -12.5 -17.7
23867 3 -20.9 -16.9  -6.7  -0.8   7.2  16.6  17.6  12.0   4.1  -5.5 -15.3 -20.9
23884 1 -24.4 -22.7 -15.2  -5.8   2.6  10.5  17.8  15.7   9.1   0.9 -11.7 -21.2
23884 2 -24.9 -21.9 -13.2  -2.5   4.2  14.0  18.6  15.0   7.0  -2.6 -14.4 -20.1
23884 3 -23.7 -18.4  -7.9  -0.5   7.4  16.0  18.1  12.0   3.7  -6.3 -17.1 -22.7
23891 1 -31.3 -28.3 -17.4  -7.2   1.6  10.2  16.2  14.5   8.0  -1.1 -16.1 -27.0
23891 2 -31.2 -26.6 -14.8  -3.7   3.7  13.5  17.8  13.7   5.5  -4.7 -19.3 -27.0
23891 3 -30.0 -21.9  -9.8  -1.4   7.0  14.9  16.8  11.0   2.2  -9.4 -22.2 -28.6
23914 1 -16.5 -15.9  -7.9  -1.2   6.4  12.6  17.8  15.3  10.0   2.8  -6.8 -11.2
23914 2 -16.0 -13.9  -6.3   1.2   7.7  15.6  17.1  13.7   8.4   0.5  -7.8 -12.6
23914 3 -15.7 -11.5  -2.7   3.7  10.0  16.9  17.1  11.9   4.8  -2.8 -10.0 -14.9
23921 1 -19.8 -19.2  -9.0  -1.3   6.0  12.4  17.6  15.2   9.8   2.9  -8.8 -14.4
23921 2 -18.8 -16.5  -7.4   1.4   7.5  15.3  17.0  13.6   8.0   0.3  -9.3 -15.2
23921 3 -18.8 -12.7  -2.5   3.6   9.7  16.6  17.0  11.8   4.7  -2.9 -12.2 -17.0
23933 1 -20.6 -19.8 -11.7  -4.0   4.8  11.4  18.8  15.6  10.0   2.2  -9.5 -15.5
23933 2 -19.5 -18.7 -10.0  -0.3   6.0  15.4  17.4  14.5   8.1  -0.1 -10.0 -15.7
23933 3 -18.6 -15.1  -4.7   1.2   8.9  17.3  17.9  11.9   4.6  -3.9 -12.9 -18.4
23955 1 -21.2 -20.4 -13.4  -5.3   3.6  11.4  18.4  15.7   9.8   2.1 -10.4 -17.0
23955 2 -21.0 -19.5 -11.7  -1.6   5.3  14.8  17.8  14.9   7.9  -0.5 -11.2 -16.6
23955 3 -20.6 -16.4  -6.2   0.4   8.2  16.8  17.9  12.1   4.3  -4.5 -13.8 -19.4
23966 1 -22.6 -21.6 -14.4  -5.4   3.0  10.9  17.6  15.2   8.7   1.3 -11.9 -19.5
23966 2 -22.5 -20.7 -12.1  -2.1   4.5  13.9  17.5  14.2   6.7  -1.9 -13.0 -18.6
23966 3 -22.2 -17.4  -7.0  -0.5   7.7  15.6  17.3  11.4   3.7  -5.7 -16.2 -21.3
23986 1 -22.1 -19.9 -14.6  -6.6   1.2  10.0  16.5  14.7   7.1  -1.2 -12.3 -19.8
23986 2 -22.0 -20.5 -12.6  -3.7   3.8  12.8  17.0  12.5   4.5  -4.5 -14.8 -18.4
23986 3 -21.5 -16.8  -8.2  -2.0   6.8  15.0  16.3   9.8   1.6  -7.6 -16.6 -20.7
24125 1 -38.0 -34.8 -26.5 -15.5  -4.4   7.0  13.4  12.8   5.7  -6.6 -25.7 -32.7
24125 2 -37.8 -34.4 -23.0 -11.1  -2.1   9.8  15.9  10.7   2.1 -11.7 -29.0 -34.5
24125 3 -37.2 -28.9 -19.2  -8.1   1.9  11.5  14.6   9.2  -1.4 -17.3 -32.8 -36.0
24136 1 -42.7 -39.3 -30.8 -16.9  -3.2   8.6  14.5  12.9   5.3  -6.4 -28.5 -36.9
24136 2 -42.0 -39.0 -25.9 -11.8  -0.3  11.0  16.1  10.1   2.0 -12.5 -32.7 -39.0
24136 3 -42.7 -33.2 -22.1  -7.7   3.7  12.4  14.4   8.7  -1.0 -19.1 -36.8 -40.3
24143 1 -38.6 -36.0 -28.2 -16.3  -3.5   7.4  14.5  13.4   6.1  -5.5 -26.8 -34.1
24143 2 -37.8 -34.6 -24.0 -11.7   0.0  10.5  15.8  10.7   2.6 -12.1 -30.3 -35.8
24143 3 -38.9 -30.2 -20.8  -7.7   3.1  13.0  14.1   8.8  -0.6 -17.8 -33.5 -37.0
24266 1 -45.7 -43.8 -35.9 -18.6  -0.7  11.2  16.6  13.9   5.6  -6.5 -31.2 -42.0
24266 2 -45.3 -42.4 -30.4 -11.9   3.3  13.6  16.3  10.7   2.3 -14.9 -37.3 -43.4
24266 3 -46.7 -39.9 -24.7  -6.8   7.6  14.6  14.8   8.6  -0.8 -22.3 -40.9 -44.7
24329 1 -41.9 -39.1 -29.3 -16.2  -2.8   9.1  14.4  12.6   5.3  -5.9 -26.3 -36.5
24329 2 -41.6 -38.2 -25.0 -11.1   0.3  11.5  15.7  10.4   2.2 -11.6 -31.9 -38.5
24329 3 -41.0 -32.6 -21.3  -7.5   4.6  12.2  14.2   8.7  -0.7 -18.1 -35.3 -39.7
24343 1 -39.2 -35.9 -27.5 -15.1  -1.7   9.9  15.9  14.5   6.9  -4.7 -26.2 -34.3
24343 2 -38.3 -34.6 -22.8  -9.8   1.3  12.2  16.8  11.6   3.5 -10.6 -30.1 -36.6
24343 3 -38.5 -30.3 -19.3  -6.0   5.0  13.7  15.5   9.9   0.1 -17.3 -32.8 -38.0
24382 1 -42.7 -40.4 -33.6 -17.7  -0.5  11.0  16.8  13.7   6.0  -6.4 -29.4 -40.8
24382 2 -43.2 -38.6 -29.2 -12.1   3.9  14.1  15.7  11.0   2.6 -14.3 -33.8 -42.0
24382 3 -43.5 -37.6 -23.4  -6.6   8.1  15.4  14.5   8.8  -0.5 -20.9 -38.8 -42.7
24507 1 -36.5 -33.8 -22.6 -10.4   0.4  10.2  15.9  14.5   7.8  -2.4 -21.1 -32.2
24507 2 -36.9 -32.9 -19.0  -6.5   2.8  12.9  17.6  13.3   4.6  -6.7 -24.9 -31.2
24507 3 -35.4 -26.8 -14.2  -3.6   6.5  14.2  16.4  10.8   1.8 -12.6 -27.6 -33.5
24606 1 -37.2 -34.7 -23.1 -11.5   0.0  10.6  15.9  14.1   7.2  -2.9 -21.8 -32.6
24606 2 -37.7 -33.9 -19.8  -7.0   2.9  12.9  17.3  12.6   4.0  -7.0 -25.2 -32.9
24606 3 -36.3 -26.9 -15.0  -4.2   6.7  13.8  15.8  10.1   1.3 -12.9 -28.6 -34.8
24641 1 -37.9 -33.8 -24.0 -10.8   1.9  13.3  18.1  16.7   8.7  -2.6 -22.4 -32.0
24641 2 -37.0 -31.9 -19.4  -5.8   5.1  15.1  19.2  14.2   5.2  -7.6 -27.1 -35.1
24641 3 -36.7 -27.1 -15.5  -2.1   9.2  16.1  17.5  12.1   2.0 -13.7 -30.8 -36.6
24661 1 -42.6 -38.8 -28.0 -11.9   1.6  13.2  17.6  16.0   8.0  -5.0 -27.5 -38.3
24661 2 -42.0 -36.7 -21.9  -6.4   5.3  14.9  18.1  13.3   4.9 -11.6 -33.6 -42.0
24661 3 -41.2 -32.8 -17.1  -2.8   9.8  15.5  16.6  11.0   0.5 -18.0 -36.0 -42.3
24671 1 -43.5 -40.1 -31.6 -16.3   0.0  11.4  16.2  14.0   6.4  -5.2 -29.2 -40.3
24671 2 -43.0 -37.7 -27.0  -9.3   4.0  13.7  16.2  11.3   3.0 -13.5 -34.7 -43.0
24671 3 -42.8 -36.3 -21.8  -5.1   8.1  14.5  15.1   9.3  -0.4 -20.5 -38.1 -43.2
24688 1 -46.3 -43.1 -37.2 -20.6  -2.4  10.0  15.0  12.4   5.3  -7.4 -32.0 -43.9
24688 2 -45.5 -41.4 -33.1 -13.5   2.6  12.9  15.1  10.3   1.8 -15.9 -37.2 -45.9
24688 3 -46.0 -41.5 -27.6  -7.8   6.6  13.7  13.3   8.0  -1.8 -23.2 -41.2 -46.7
24713 1 -35.0 -32.3 -21.4  -9.9   0.7  11.8  16.5  15.1   7.8  -2.3 -20.2 -30.5
24713 2 -35.6 -30.9 -18.3  -5.6   3.9  13.7  18.0  13.4   4.6  -6.5 -23.9 -32.1
24713 3 -34.6 -25.0 -14.0  -3.0   7.8  14.6  16.5  11.1   2.1 -11.9 -27.1 -33.0
24738 1 -33.8 -31.1 -21.8  -9.4   2.6  13.3  17.5  16.1   8.8  -1.3 -19.8 -28.2
24738 2 -33.2 -29.4 -17.9  -4.6   6.0  15.0  18.6  14.1   5.4  -5.8 -23.2 -31.3
24738 3 -32.2 -24.7 -14.1  -1.0   9.9  15.9  17.4  12.3   2.8 -11.1 -27.1 -32.5
24790 1 -37.4 -33.6 -28.5 -17.2  -1.7   9.4  14.4  12.2   5.4  -6.4 -26.2 -36.9
24790 2 -36.5 -32.2 -25.6 -11.6   2.7  12.5  14.6  10.4   2.0 -14.2 -29.0 -38.6
24790 3 -37.9 -33.4 -21.7  -6.6   6.3  13.6  13.2   8.2  -1.3 -19.9 -34.0 -38.9
24817 1 -31.4 -29.4 -20.3  -8.7   1.6  12.1  16.7  15.5   8.3  -1.7 -17.8 -27.3
24817 2 -31.7 -28.5 -17.2  -4.5   4.9  14.4  18.2  13.9   5.0  -5.4 -20.3 -28.4
24817 3 -30.5 -23.0 -12.6  -1.9   8.6  15.1  16.8  11.5   2.5 -10.3 -23.6 -29.0
24908 1 -30.0 -27.6 -18.5  -6.9   2.8  11.6  16.9  15.2   8.2  -0.8 -15.8 -25.9
24908 2 -30.0 -26.9 -15.6  -3.2   5.5  14.6  18.3  14.0   5.4  -4.2 -18.2 -26.5
24908 3 -29.1 -21.7 -10.4  -0.8   8.7  15.8  17.1  11.2   2.7  -9.0 -21.6 -27.5
24959 1 -40.1 -37.3 -26.5 -11.0   3.7  14.3  19.0  17.3   9.3  -2.2 -23.3 -35.2
24959 2 -39.6 -35.2 -21.4  -4.7   6.9  16.4  19.7  15.0   5.9  -7.8 -29.7 -38.9
24959 3 -39.2 -31.0 -16.4  -0.6  11.0  17.1  18.3  12.8   2.2 -14.7 -33.3 -39.8
24966 1 -40.1 -37.5 -25.9  -9.5   4.1  13.6  18.1  16.4   9.1  -1.5 -22.2 -35.2
24966 2 -40.4 -34.5 -20.4  -3.1   7.1  16.1  18.5  14.4   6.2  -7.1 -29.0 -39.5
24966 3 -39.7 -30.6 -15.6   0.5  10.9  16.9  17.4  12.1   2.8 -13.5 -32.7 -40.6
24967 1 -39.7 -36.0 -26.3 -11.4   3.3  13.0  17.4  15.3   8.0  -2.1 -22.1 -33.9
24967 2 -38.7 -34.2 -22.1  -5.2   6.6  15.1  17.9  13.4   5.1  -7.5 -27.9 -37.9
24967 3 -38.3 -30.1 -17.3  -0.9  10.3  15.9  16.6  11.0   1.7 -14.5 -32.3 -39.7
25062 1 -24.8 -26.6 -26.0 -22.0 -11.6  -0.4   3.0   3.7   1.2  -5.6 -15.2 -23.3
25062 2 -27.7 -26.5 -26.6 -19.0  -6.0   1.2   3.4   2.5  -0.7  -9.4 -18.2 -25.8
25062 3 -27.6 -27.7 -25.2 -15.4  -2.9   2.1   3.4   2.3  -2.3 -13.5 -22.0 -26.2
25138 1 -32.2 -32.5 -29.0 -17.8  -4.2   8.8  14.5  11.4   5.4  -5.0 -22.2 -32.6
25138 2 -35.3 -31.6 -26.9 -14.0   1.4  11.3  14.3   9.5   1.5 -11.9 -27.6 -34.1
25138 3 -36.2 -31.6 -23.0  -9.1   5.5  14.0  12.7   7.7  -0.8 -17.3 -29.8 -33.9
25173 1 -23.6 -26.0 -24.3 -21.3 -10.9   0.1   4.2   4.5   1.7  -5.0 -13.1 -22.3
25173 2 -25.6 -25.3 -25.2 -18.8  -6.1   1.8   4.4   3.3  -0.4  -8.1 -15.8 -24.8
25173 3 -26.6 -27.2 -23.3 -15.0  -3.0   3.0   4.7   3.0  -1.9 -11.9 -20.9 -25.3
25206 1 -35.3 -33.4 -30.0 -18.6  -4.1   7.9  15.0  12.3   5.8  -4.5 -23.4 -34.0
25206 2 -35.9 -33.3 -27.8 -14.3   0.4  11.1  14.6  10.4   2.6 -10.9 -27.5 -35.1
25206 3 -37.0 -33.2 -23.3  -9.5   4.9  14.2  13.6   8.3   0.2 -17.8 -31.5 -35.5
25248 1 -32.3 -33.4 -29.2 -21.6  -9.0   6.5  13.5  10.8   4.3  -7.6 -24.1 -33.3
25248 2 -35.0 -32.3 -29.5 -18.3  -2.3   9.3  13.6   8.6   0.4 -13.8 -28.3 -35.6
25248 3 -36.1 -32.2 -26.4 -13.1   2.3  12.7  11.6   6.9  -2.4 -20.3 -32.2 -34.7
25282 1 -21.9 -24.9 -24.0 -20.5  -9.9  -0.2   5.3   5.5   2.8  -2.8 -10.6 -20.2
25282 2 -24.6 -24.7 -24.9 -18.1  -5.2   2.1   6.1   4.7   1.3  -5.6 -12.8 -23.0
25282 3 -26.7 -26.4 -23.0 -14.1  -2.3   3.0   6.4   4.3  -0.3  -9.3 -18.1 -23.4
25325 1 -34.8 -33.2 -29.7 -17.8  -3.3   9.2  14.2  11.5   5.5  -4.8 -23.0 -34.3
25325 2 -36.4 -32.7 -27.5 -13.8   1.6  12.0  14.3   9.5   2.2 -10.8 -27.9 -35.6
25325 3 -37.4 -32.9 -23.1  -8.9   5.8  13.9  12.8   7.7  -0.1 -17.6 -31.1 -35.6
25356 1 -23.8 -25.8 -23.2 -19.0  -6.9   6.9  13.8  11.4   5.5  -4.9 -17.0 -25.9
25356 2 -26.2 -24.6 -23.9 -16.8  -1.3   9.7  13.7   9.5   2.0  -9.5 -18.4 -26.8
25356 3 -28.1 -26.8 -22.6 -11.5   3.0  12.9  12.3   8.2  -0.5 -14.6 -24.0 -25.9
25378 1 -15.7 -18.3 -16.8 -13.8  -4.7   4.1   9.2  10.1   6.1  -1.8  -9.0 -16.6
25378 2 -18.2 -17.1 -18.1 -12.0  -0.7   5.3  10.1   9.1   3.3  -4.3  -9.8 -17.3
25378 3 -19.9 -20.5 -16.6  -8.2   1.5   7.4  10.5   8.4   1.4  -7.3 -14.7 -16.1
25400 1 -35.6 -33.2 -29.0 -16.7  -1.3  10.4  16.6  13.9   7.1  -4.1 -23.4 -34.5
25400 2 -35.7 -32.7 -25.9 -12.0   3.0  13.6  16.2  11.7   3.7 -11.0 -27.1 -36.0
25400 3 -36.8 -32.4 -21.3  -6.8   7.5  15.7  14.9   9.4   0.9 -17.0 -32.2 -36.3
25428 1 -37.3 -34.1 -29.9 -18.4  -3.5   9.4  14.7  12.0   6.1  -4.3 -22.9 -35.4
25428 2 -36.9 -33.3 -29.1 -14.2   1.8  12.3  14.7  10.2   2.4 -11.1 -28.1 -36.1
25428 3 -36.0 -34.4 -24.1  -8.9   5.5  14.0  13.2   8.3  -0.1 -16.9 -31.6 -36.7
25503 1 -37.1 -34.4 -29.1 -16.4  -0.7  10.8  16.0  13.3   6.2  -4.2 -24.6 -36.0
25503 2 -36.9 -33.3 -26.6 -11.3   3.7  14.0  16.1  11.4   3.4 -11.3 -28.9 -37.2
25503 3 -38.1 -33.4 -21.4  -6.1   7.9  15.6  14.2   9.2   0.9 -17.4 -33.5 -37.7
25538 1 -27.1 -26.6 -24.0 -17.7  -5.4   7.7  14.0  12.1   5.9  -4.2 -20.5 -28.7
25538 2 -28.8 -25.8 -24.2 -14.5  -0.2  11.1  14.0  10.1   2.7 -10.5 -21.7 -30.1
25538 3 -31.0 -26.6 -21.9  -9.4   3.8  13.1  12.5   8.4   0.0 -15.5 -27.4 -29.9
25551 1 -23.0 -25.3 -22.0 -17.4  -5.3   7.6  14.7  12.6   6.9  -3.0 -16.2 -25.4
25551 2 -25.9 -24.0 -23.1 -14.9  -0.4  11.0  14.8  10.9   3.6  -8.2 -17.4 -25.9
25551 3 -27.9 -25.7 -21.4  -9.6   3.3  14.0  13.3   9.4   1.3 -13.3 -23.9 -26.5
25563 1 -18.2 -21.4 -19.4 -16.3  -6.6   3.1  10.4  10.8   6.7  -1.7 -11.5 -19.9
25563 2 -22.0 -21.1 -21.4 -14.5  -2.0   5.1  11.4   9.9   3.8  -5.3 -12.6 -21.1
25563 3 -23.4 -22.8 -20.2  -9.5   0.5   8.5  11.2   9.0   1.7  -9.2 -18.8 -20.8
25594 1 -12.3 -14.5 -14.0 -10.5  -3.4   3.5   8.2   9.1   6.3   0.9  -4.9 -12.1
25594 2 -14.5 -14.9 -14.9  -9.0  -0.1   4.7   9.0   8.4   4.8  -0.9  -5.9 -14.2
25594 3 -16.1 -15.9 -13.2  -5.9   1.5   6.8   9.3   8.1   2.9  -3.6 -10.7 -13.0
25705 1 -35.8 -32.7 -27.5 -15.5  -0.3  10.9  16.4  13.9   6.9  -3.2 -23.2 -35.0
25705 2 -35.5 -31.3 -25.0 -10.5   3.9  14.4  16.5  12.0   3.9 -10.4 -27.6 -36.1
25705 3 -36.9 -31.9 -20.1  -5.5   7.6  15.8  14.9   9.8   1.5 -16.7 -32.4 -36.2
25954 1 -13.7 -13.7 -12.2  -8.6  -0.9   6.4  11.1  12.7   9.7   3.1  -6.5 -13.1
25954 2 -13.9 -12.6 -12.7  -6.9   2.0   8.6  12.2  12.0   7.5  -0.1  -8.9 -13.8
25954 3 -15.9 -14.1 -11.9  -3.6   4.0  10.2  12.7  11.4   5.6  -3.6 -12.3 -15.3
26063 1  -5.9  -6.8  -3.2   2.8   8.8  15.0  17.6  18.3  13.3   7.9   1.8  -2.3
26063 2  -5.8  -6.5  -1.9   4.1  11.2  15.6  18.2  16.1  10.7   5.8   0.1  -4.6
26063 3  -6.6  -4.6   0.8   6.4  12.5  16.9  18.5  14.8   9.0   3.4  -2.2  -4.8
26275 1  -6.9  -6.9  -3.2   3.6  10.3  15.6  17.3  17.7  12.7   7.6   1.3  -3.1
26275 2  -6.6  -7.3  -1.7   5.0  12.3  15.9  17.7  15.7  10.2   5.7  -0.3  -5.4
26275 3  -6.9  -5.2   0.9   7.7  13.4  17.0  18.0  14.2   8.6   3.0  -2.9  -5.5
26359 1  -6.3  -6.0  -2.9   3.9  10.4  15.5  16.9  17.6  12.7   7.5   1.6  -2.9
26359 2  -5.3  -6.5  -1.3   5.1  12.4  15.3  17.2  15.7  10.2   6.0  -0.3  -4.7
26359 3  -6.1  -4.5   1.2   8.3  13.2  16.5  17.4  14.5   8.8   3.1  -2.4  -5.0
26781 1  -7.4  -7.0  -4.0   3.6  10.7  15.7  16.8  17.5  12.6   7.0   0.7  -4.1
26781 2  -7.3  -7.0  -2.3   5.3  12.5  15.5  17.1  15.7  10.1   5.1  -1.0  -5.4
26781 3  -7.2  -5.3   0.3   8.3  13.5  16.6  17.3  14.3   8.7   2.4  -3.4  -5.8
26997 1  -6.7  -6.9  -3.4   5.1  12.0  17.0  17.8  18.5  13.9   7.9   1.4  -3.9
26997 2  -7.2  -6.6  -1.6   6.9  13.8  16.8  18.1  16.9  11.3   6.2  -0.8  -4.7
26997 3  -6.8  -4.9   1.7   9.2  14.9  17.6  18.1  15.5   9.7   3.2  -2.8  -5.3
27037 1 -11.2 -11.1  -6.3   1.2   8.3  14.2  16.7  16.5  11.2   5.3  -2.2  -6.4
27037 2 -11.3 -10.7  -4.6   2.8  10.2  15.3  17.4  14.1   8.6   3.0  -3.6  -9.1
27037 3 -11.7  -7.9  -1.4   5.4  11.9  16.2  17.0  12.7   6.7   0.4  -6.6  -9.9
27051 1 -12.3 -11.8  -6.7   0.8   7.6  13.8  16.8  16.1  10.7   4.9  -3.1  -7.6
27051 2 -12.1 -10.9  -4.7   2.3   9.4  15.0  17.2  13.7   8.2   2.4  -4.5  -9.8
27051 3 -12.7  -8.1  -1.3   4.8  11.3  16.1  16.9  12.4   6.3  -0.3  -7.3 -10.9
27333 1 -10.1 -10.0  -5.4   1.9   9.9  15.5  17.6  17.7  12.3   5.9  -1.8  -6.2
27333 2 -10.5  -9.7  -3.7   4.3  11.3  16.3  18.3  15.2   9.6   3.8  -3.0  -8.2
27333 3 -10.5  -7.0  -0.8   6.9  13.1  17.5  18.2  14.1   7.4   0.9  -6.0  -9.3
27459 1  -9.6 -10.1  -5.7   3.0  11.2  16.1  18.3  18.2  13.1   6.2  -1.7  -6.1
27459 2 -10.3  -9.3  -3.4   5.5  12.3  17.2  19.0  16.0  10.4   4.5  -3.0  -7.6
27459 3 -10.1  -6.9  -0.2   8.5  14.1  18.1  18.8  14.8   8.1   1.3  -5.2  -8.7
27595 1 -10.9 -12.2  -7.4   1.9  11.5  16.6  19.5  19.0  14.0   6.2  -2.3  -6.9
27595 2 -12.1 -10.8  -5.0   5.3  12.9  18.2  19.8  16.7  11.0   4.5  -3.7  -8.1
27595 3 -11.7  -8.8  -1.3   8.3  14.7  19.1  19.8  15.4   8.5   1.1  -5.8 -10.4
27612 1  -7.4  -7.5  -3.7   4.1  11.3  16.4  18.1  18.4  13.2   7.1   0.3  -4.2
27612 2  -7.8  -7.3  -1.7   6.0  12.7  17.0  18.6  16.1  10.5   5.5  -1.1  -5.8
27612 3  -7.5  -5.1   1.1   8.8  14.3  17.8  18.5  14.9   8.7   2.5  -3.8  -6.2
27648 1  -9.3 -10.0  -6.0   3.3  11.5  16.4  18.2  18.3  13.5   6.5  -0.8  -5.8
27648 2  -9.9  -9.4  -3.7   6.0  12.8  17.3  18.8  16.3  10.8   4.9  -2.5  -7.2
27648 3  -9.4  -7.4  -0.5   8.9  14.5  18.0  18.8  15.2   8.5   1.8  -4.8  -8.1
27675 1 -10.2 -11.7  -7.3   2.5  11.6  16.4  18.5  18.3  13.6   6.0  -2.1  -6.7
27675 2 -11.1 -10.5  -5.0   5.7  12.8  17.5  19.0  16.4  10.9   4.6  -3.3  -8.1
27675 3 -10.9  -8.4  -1.4   8.6  14.5  18.2  18.9  15.2   8.2   1.2  -5.4  -9.4
27707 1  -7.8  -7.8  -4.7   3.8  11.1  16.0  17.2  17.8  13.1   7.0   0.2  -5.0
27707 2  -8.5  -7.7  -2.7   5.7  12.6  16.1  17.7  15.9  10.3   5.4  -1.6  -6.0
27707 3  -8.0  -6.3   0.3   8.5  13.9  17.0  17.5  14.7   8.8   2.1  -3.9  -6.4
27823 1  -8.7  -9.6  -6.2   3.1  11.6  16.7  18.0  18.5  13.8   6.7  -0.5  -5.6
27823 2  -9.4  -9.3  -4.1   5.9  13.1  17.2  18.5  16.6  10.9   5.1  -2.3  -6.8
27823 3  -8.9  -7.4  -0.8   8.7  14.8  17.8  18.5  15.4   8.7   1.8  -4.6  -7.6
27857 1  -8.7 -10.4  -6.7   3.3  12.2  17.4  19.0  19.3  14.5   6.9  -0.7  -5.8
27857 2  -9.6  -9.7  -4.2   6.7  13.8  18.3  19.6  17.2  11.8   5.5  -2.0  -7.0
27857 3  -9.3  -7.9  -1.1   9.5  15.5  18.7  19.6  16.1   9.2   2.3  -4.2  -7.8
27995 1 -10.3 -12.4  -8.1   3.0  13.5  18.4  20.8  20.4  15.9   7.3  -1.1  -6.8
27995 2 -11.9 -11.3  -5.6   7.4  14.9  19.9  20.9  18.7  13.0   5.9  -2.5  -8.1
27995 3 -11.9  -9.2  -1.7  10.4  16.3  20.3  21.2  17.3   9.9   2.5  -4.8  -9.7
28009 1 -14.4 -14.9  -8.3   0.0   7.4  13.3  17.4  15.7  10.3   3.7  -5.5  -9.3
28009 2 -14.9 -12.8  -6.0   2.2   8.9  15.5  17.0  13.6   8.4   1.5  -6.3 -11.1
28009 3 -14.7 -10.0  -2.4   4.9  11.0  16.7  17.0  12.2   5.5  -1.5  -8.2 -13.6
28064 1 -18.3 -17.8  -9.3  -1.3   6.9  13.1  18.9  16.3  10.7   3.1  -8.0 -13.1
28064 2 -17.3 -15.9  -7.9   1.9   8.1  16.5  17.7  14.9   8.9   1.0  -8.0 -13.9
28064 3 -16.7 -12.9  -2.6   3.9  10.7  17.8  18.3  12.7   5.5  -2.3 -11.1 -16.1
28138 1 -16.8 -16.4  -9.2  -1.8   5.9  11.6  16.3  13.9   8.8   1.7  -8.2 -12.3
28138 2 -16.9 -14.9  -7.8   0.7   7.3  14.5  15.4  12.6   7.3  -0.1  -8.5 -13.3
28138 3 -16.2 -12.3  -3.7   2.9   9.4  15.3  15.7  10.9   3.7  -3.3 -10.9 -15.5
28224 1 -13.4 -13.9  -7.4   0.7   8.8  14.4  18.6  16.4  11.5   4.4  -5.1  -9.1
28224 2 -14.2 -12.1  -5.6   3.5  10.3  16.8  17.9  14.8   9.7   2.8  -5.9 -10.5
28224 3 -14.2  -9.8  -1.5   6.1  12.1  18.0  18.0  13.5   6.4  -0.5  -7.8 -12.5
28255 1 -15.9 -16.1  -9.1  -0.2   8.8  14.5  18.8  16.4  11.3   4.2  -7.0 -11.5
28255 2 -16.0 -14.3  -7.1   3.1  10.0  16.9  17.9  15.1   9.4   2.4  -7.4 -12.6
28255 3 -16.4 -11.9  -2.1   6.2  11.9  18.0  18.4  13.3   6.2  -0.9 -10.1 -14.6
28275 1 -18.0 -18.0 -11.1  -1.5   8.2  13.8  19.2  16.5  11.0   3.8  -7.6 -13.4
28275 2 -18.0 -16.8  -9.1   2.7   9.3  17.1  18.0  15.4   9.3   1.9  -8.4 -14.2
28275 3 -17.7 -14.3  -3.2   4.9  11.5  18.3  18.5  13.1   6.2  -1.4 -10.6 -16.4
28418 1 -12.6 -13.5  -8.1   0.8  10.4  15.9  19.3  17.6  12.8   5.2  -4.1  -8.6
28418 2 -13.8 -12.0  -6.0   4.2  12.1  17.8  19.0  16.0  10.5   3.4  -5.1  -9.7
28418 3 -13.6 -10.1  -2.1   7.4  13.8  18.9  19.0  14.8   7.5   0.2  -6.8 -11.9
28434 1 -13.9 -15.4 -10.0   0.2   9.2  14.8  18.5  16.4  11.5   4.1  -5.5 -10.2
28434 2 -16.1 -14.2  -7.5   3.8  10.9  17.1  17.8  14.9   9.7   3.0  -6.6 -11.6
28434 3 -16.1 -12.1  -2.6   6.5  12.4  18.0  18.0  13.5   6.8  -0.4  -8.2 -13.7
28493 1 -17.8 -17.5 -12.3  -1.9   8.6  14.0  19.3  16.5  11.1   4.1  -7.2 -13.8
28493 2 -17.9 -17.6  -9.4   2.9  10.0  17.2  18.4  16.0   9.6   1.8  -8.7 -13.9
28493 3 -17.9 -14.3  -3.9   5.2  11.7  18.3  18.6  13.1   6.3  -1.0 -11.2 -16.7
28552 1 -14.3 -15.3  -9.0   1.1  10.5  16.1  19.8  17.5  12.7   5.2  -5.5 -10.4
28552 2 -15.1 -13.6  -7.1   5.3  11.9  18.5  18.7  16.4  10.9   3.7  -6.3 -11.6
28552 3 -15.4 -11.7  -1.8   8.1  13.6  19.5  19.2  14.8   7.6   0.5  -8.2 -13.4
28573 1 -16.8 -16.9 -12.2  -1.0   9.6  14.7  19.4  16.9  11.8   4.7  -6.8 -12.4
28573 2 -17.2 -16.7 -10.0   4.2  10.9  17.9  18.3  16.0  10.1   3.0  -7.8 -13.1
28573 3 -17.2 -14.3  -4.0   6.5  12.5  18.8  18.8  13.7   7.1  -0.5 -10.1 -15.6
28666 1 -15.8 -16.4 -11.7  -0.7  10.2  15.9  20.0  17.7  13.0   5.4  -6.1 -11.8
28666 2 -16.7 -15.3  -9.9   4.7  12.0  18.8  18.9  16.8  11.2   3.6  -7.4 -12.5
28666 3 -16.7 -13.9  -4.0   7.8  13.6  19.5  19.5  14.8   7.5   0.4  -9.7 -14.7
28698 1 -16.5 -16.7 -11.8  -0.8  10.4  15.4  20.2  17.6  12.5   5.0  -6.0 -12.7
28698 2 -17.0 -16.6  -9.3   4.6  11.9  18.5  19.3  17.4  10.8   3.0  -7.6 -12.8
28698 3 -17.0 -13.9  -4.0   7.0  13.4  19.4  19.4  14.6   7.6   0.1 -10.1 -15.1
28704 1 -11.5 -13.6  -8.9   1.4  11.9  16.6  19.4  18.5  13.8   5.7  -2.4  -7.9
28704 2 -13.1 -12.5  -6.6   5.5  13.2  18.2  19.2  16.8  11.4   4.5  -3.7  -8.8
28704 3 -12.9 -10.4  -2.7   8.6  14.6  18.9  19.4  15.4   8.4   1.1  -5.8 -11.0
28722 1 -12.1 -13.9  -9.0   1.4  11.6  16.4  19.6  18.0  13.3   5.6  -3.0  -8.9
28722 2 -14.5 -12.8  -6.7   5.4  13.2  18.2  19.1  16.6  11.3   4.4  -4.9 -10.0
28722 3 -14.3 -10.8  -2.0   8.9  14.4  19.2  19.2  15.1   8.2   1.2  -6.5 -12.2
28748 1 -14.4 -15.6 -10.7   1.2  11.5  17.3  20.3  18.4  14.0   5.4  -4.7 -10.9
28748 2 -15.8 -14.4  -8.5   5.9  13.2  19.6  19.5  17.3  11.8   4.2  -6.6 -11.7
28748 3 -15.9 -12.2  -2.8   9.1  14.8  20.3  19.8  16.0   8.4   0.8  -8.6 -13.5
29111 1 -19.5 -18.9 -11.9  -3.5   5.5  12.5  18.9  16.1  10.3   3.0  -9.4 -15.7
29111 2 -19.6 -18.3 -10.0   0.6   7.1  15.7  18.2  15.3   8.5   0.3 -10.2 -15.6
29111 3 -19.4 -15.3  -4.3   2.2   9.5  17.6  18.3  12.6   5.1  -3.3 -12.8 -18.0
29231 1 -19.4 -18.9 -12.6  -3.5   5.6  12.6  18.4  16.4  10.2   2.9  -8.5 -16.4
29231 2 -19.4 -18.5 -10.3   0.2   7.3  15.6  18.7  15.4   8.6   0.3 -10.1 -15.7
29231 3 -19.9 -15.4  -5.0   2.3   9.8  17.2  18.3  12.8   5.3  -3.2 -12.7 -18.0
29263 1 -20.6 -19.8 -13.5  -3.2   5.6  12.6  18.1  16.5  10.0   2.5  -8.3 -17.5
29263 2 -21.0 -19.3 -10.8   0.2   7.3  15.4  19.2  15.4   8.4  -0.4 -11.0 -17.0
29263 3 -21.7 -16.3  -5.7   2.2  10.2  17.1  18.5  13.1   5.3  -3.7 -13.0 -18.6
29282 1 -23.1 -22.8 -14.2  -3.2   5.2  13.4  18.3  17.0  10.4   2.4  -9.0 -19.2
29282 2 -24.2 -21.9 -11.3   0.1   7.1  16.1  19.6  15.9   8.2  -0.5 -11.5 -20.0
29282 3 -24.3 -17.9  -6.2   2.3  10.5  17.3  18.8  13.4   5.2  -3.9 -14.3 -21.0
29313 1 -18.4 -18.2 -12.2  -2.8   6.6  13.0  18.4  16.1  10.2   3.2  -8.0 -15.1
29313 2 -19.0 -18.0 -10.0   1.4   8.6  15.9  18.2  15.3   8.4   1.1  -9.7 -15.2
29313 3 -19.4 -15.3  -4.3   3.8  10.4  17.3  18.1  12.7   5.4  -2.3 -11.9 -17.9
29328 1 -17.9 -17.5 -12.6  -2.6   7.0  13.2  18.4  16.3  10.5   3.6  -7.4 -15.2
29328 2 -18.5 -17.7  -9.6   1.8   8.7  15.9  18.5  15.4   8.9   1.1  -9.0 -14.7
29328 3 -19.1 -14.8  -4.6   3.8  10.8  17.2  18.1  12.8   5.7  -2.0 -11.7 -16.8
29570 1 -14.9 -14.6  -9.7  -0.7   7.3  13.7  18.2  17.0  10.8   4.0  -5.4 -12.5
29570 2 -15.6 -14.6  -7.3   2.4   9.2  15.9  19.0  15.9   9.3   1.5  -7.9 -12.3
29570 3 -16.2 -11.9  -2.9   4.0  11.7  17.4  18.3  13.7   6.3  -1.1  -9.0 -13.5
29594 1 -18.2 -16.9 -11.1  -1.2   6.8  13.6  17.7  16.8  10.4   3.2  -6.9 -14.9
29594 2 -18.7 -16.5  -8.6   1.7   8.8  15.9  18.9  15.7   8.6   0.3  -9.3 -15.5
29594 3 -18.8 -13.6  -4.2   3.4  11.5  17.2  18.1  13.5   5.8  -2.5 -11.1 -16.3
29612 1 -17.1 -17.3 -13.0  -2.2   8.9  14.7  19.4  17.3  11.8   4.6  -6.4 -13.9
29612 2 -18.1 -17.8 -10.4   2.8  10.7  17.4  19.3  16.7  10.2   2.2  -8.3 -13.8
29612 3 -18.5 -15.2  -5.1   5.7  12.5  18.5  19.1  14.0   6.8  -0.7 -11.2 -16.1
29645 1 -15.8 -16.4 -12.2  -1.8   8.1  14.2  18.7  17.3  11.2   4.5  -5.6 -13.8
29645 2 -17.3 -16.7  -9.4   2.5  10.4  16.5  19.3  16.4  10.0   1.8  -8.0 -13.9
29645 3 -18.5 -13.8  -4.3   4.7  12.4  18.0  18.6  13.9   7.0  -0.8 -10.5 -14.9
29752 1 -14.8 -13.8 -12.1  -5.7   2.1   8.4  13.1  11.9   6.4   0.0  -7.8 -12.4
29752 2 -15.5 -15.3 -10.9  -2.0   3.8  10.9  13.9  11.3   5.4  -2.5  -9.8 -12.2
29752 3 -15.1 -13.5  -6.8  -0.9   6.1  12.5  13.1   8.9   2.3  -4.8 -11.2 -14.4
29789 1 -17.5 -17.5 -12.8  -3.9   3.5   9.5  13.2  12.7   7.0   0.6  -8.1 -14.9
29789 2 -19.1 -16.8 -11.1  -1.1   5.5  11.6  14.5  11.8   5.3  -1.8 -10.4 -16.3
29789 3 -19.3 -14.7  -6.8   0.5   7.8  13.0  13.9  10.0   3.0  -4.8 -11.9 -16.8
29866 1 -15.8 -17.3 -11.3   1.5   8.9  15.5  19.5  18.3  11.9   4.8  -4.6 -13.1
29866 2 -18.4 -16.3  -7.3   4.2  11.1  17.4  20.4  17.3  10.1   2.3  -7.6 -14.9
29866 3 -19.2 -14.1  -1.9   5.9  13.5  19.1  19.5  15.2   7.8  -0.5  -9.7 -15.2
29939 1 -14.1 -14.1 -11.7   0.2  10.1  15.9  19.7  18.5  12.7   5.9  -4.0 -11.5
29939 2 -16.3 -15.3  -8.5   4.7  12.1  17.8  20.4  17.8  11.3   3.6  -6.6 -12.5
29939 3 -16.6 -13.7  -3.4   7.0  14.0  19.2  19.5  15.4   8.7   0.8  -9.2 -13.5
30054 1 -29.4 -27.4 -18.8  -6.7   3.2  12.5  17.1  16.5   9.4   0.1 -14.6 -24.5
30054 2 -30.1 -26.0 -15.5  -2.7   6.0  15.0  18.7  14.9   6.3  -3.3 -16.8 -26.0
30054 3 -27.8 -21.8 -10.9   0.3   9.3  15.9  17.3  12.7   3.5  -7.8 -20.5 -27.1
30089 1 -34.1 -31.7 -21.7  -8.2   3.7  12.8  17.1  16.1   8.8  -0.8 -17.5 -28.4
30089 2 -34.7 -29.8 -17.9  -3.1   6.5  14.9  18.1  14.0   5.9  -5.1 -22.9 -31.8
30089 3 -33.0 -25.9 -13.3   0.2  10.3  15.7  16.9  12.0   2.6 -10.5 -26.5 -34.7
30230 1 -27.4 -25.5 -17.4  -5.2   4.4  12.7  17.4  16.6   9.5   0.8 -12.7 -22.5
30230 2 -27.8 -24.6 -14.4  -1.5   7.1  15.4  18.6  15.1   6.9  -2.2 -14.9 -23.5
30230 3 -25.9 -20.6  -9.4   1.1   9.9  16.6  17.4  13.1   4.0  -6.7 -18.4 -25.3
30252 1 -30.3 -28.3 -18.4  -4.9   4.1  12.3  17.3  16.7   9.5   0.4 -14.4 -25.2
30252 2 -31.4 -25.9 -14.7  -1.2   6.6  14.7  18.6  15.0   6.8  -3.2 -17.0 -26.7
30252 3 -28.4 -22.0  -9.5   1.5   9.6  16.2  17.4  13.1   3.7  -8.0 -20.6 -29.3
30309 1 -19.9 -19.0 -12.0  -2.5   4.7  11.9  17.0  16.8  10.4   2.8  -7.0 -14.8
30309 2 -20.1 -17.2  -9.9   0.2   6.9  14.2  18.6  15.5   8.6  -0.1  -9.6 -15.8
30309 3 -19.8 -15.2  -5.7   2.1   9.3  16.0  18.0  13.5   5.9  -2.9 -11.1 -17.4
30372 1 -33.3 -30.5 -21.6  -8.4   2.1  11.3  15.7  14.9   8.2  -1.7 -17.2 -28.0
30372 2 -34.0 -28.6 -18.2  -3.8   4.8  13.4  16.7  13.4   5.3  -5.8 -21.2 -30.2
30372 3 -31.9 -25.4 -13.1  -0.8   8.2  14.4  15.7  11.5   2.0 -11.3 -24.5 -32.8
30385 1 -32.7 -27.5 -17.7  -5.9   3.8  13.0  17.2  16.4   9.8  -0.2 -16.8 -27.2
30385 2 -31.4 -24.9 -14.5  -1.8   6.9  14.9  18.0  14.8   6.8  -4.7 -21.2 -30.6
30385 3 -30.1 -22.2 -10.5   1.1  10.2  15.8  17.0  12.8   3.8  -9.7 -24.7 -32.7
30393 1 -31.3 -27.5 -19.5  -8.8   0.8  11.3  15.6  14.8   7.8  -2.9 -17.8 -26.6
30393 2 -31.3 -26.1 -16.6  -4.8   3.9  13.1  16.4  12.8   4.7  -7.3 -21.5 -30.2
30393 3 -30.2 -23.4 -13.1  -2.0   8.0  14.1  15.3  11.1   1.2 -11.9 -24.7 -32.0
30433 1 -20.6 -21.5 -15.4  -5.7   2.6   9.8  14.4  16.3  11.0   2.5  -8.2 -15.7
30433 2 -22.3 -20.1 -13.2  -2.0   4.8  12.1  16.9  15.0   8.5  -0.7 -10.4 -16.1
30433 3 -22.5 -18.3  -9.6   0.1   7.3  13.8  16.6  14.1   5.6  -4.2 -12.6 -18.2
30521 1 -27.4 -25.2 -15.9  -3.8   5.4  12.4  16.5  16.1   9.2   1.1 -10.8 -22.2
30521 2 -28.1 -23.2 -13.1   0.0   7.6  14.7  18.1  14.5   6.8  -2.0 -14.3 -23.6
30521 3 -27.6 -20.3  -8.2   2.1  10.2  16.1  17.2  12.7   4.0  -6.3 -17.5 -25.6
30554 1 -29.5 -25.3 -17.6  -6.2   2.9  11.1  15.0  14.6   8.1  -0.9 -14.5 -24.7
30554 2 -29.4 -23.5 -15.0  -2.3   5.9  13.1  16.0  12.7   5.4  -4.8 -18.1 -26.3
30554 3 -27.1 -20.9 -10.5  -0.1   8.7  14.3  15.2  11.0   2.5  -9.2 -21.4 -28.7
30612 1 -23.0 -22.7 -15.2  -2.9   5.8  13.0  17.5  17.2  11.0   3.5  -6.4 -17.9
30612 2 -24.3 -21.1 -12.5   0.7   7.8  15.4  19.0  15.9   8.8   0.5 -10.2 -19.9
30612 3 -24.3 -18.6  -7.9   2.5  10.6  17.2  18.2  14.2   6.3  -2.7 -13.8 -21.5
30636 1 -26.4 -26.1 -14.5  -2.8   5.7  13.3  17.3  17.3  11.2   2.7  -8.7 -19.2
30636 2 -28.5 -22.6 -11.8   0.8   8.2  15.5  19.2  16.1   8.6  -0.4 -12.1 -20.9
30636 3 -27.7 -18.9  -7.1   2.7  10.9  17.0  18.1  14.7   5.6  -4.1 -14.7 -23.6
30650 1 -27.1 -23.5 -15.6  -4.8   3.9  11.7  15.5  15.1   8.6   0.4 -11.8 -21.7
30650 2 -27.4 -21.7 -13.7  -1.2   6.8  13.8  16.7  13.3   6.3  -2.8 -15.3 -23.3
30650 3 -25.8 -19.3  -9.1   0.9   9.6  15.0  15.7  11.8   3.6  -7.3 -18.6 -25.8
30673 1 -29.8 -25.0 -17.3  -4.8   4.3  12.4  16.7  15.6   9.4   0.1 -14.4 -25.3
30673 2 -28.4 -23.5 -14.1  -0.7   7.8  14.4  17.2  13.9   6.6  -3.5 -18.7 -27.7
30673 3 -27.7 -21.0  -9.8   1.6  10.1  15.3  16.5  12.3   3.9  -8.6 -22.2 -29.2
30710 1 -17.5 -16.6 -10.0  -0.6   7.6  13.5  16.9  16.9  11.1   4.2  -4.7 -13.9
30710 2 -18.6 -15.6  -7.8   2.5   9.6  15.4  18.6  15.8   8.9   1.6  -8.5 -15.4
30710 3 -18.5 -13.1  -3.8   4.2  11.6  16.6  17.7  14.1   6.7  -1.6 -10.5 -16.2
30758 1 -26.2 -22.8 -13.0  -2.2   6.2  14.1  17.7  17.2  10.8   2.5  -9.5 -19.8
30758 2 -26.4 -20.3 -10.5   1.4   9.1  16.0  18.7  15.3   8.3  -0.6 -13.0 -21.7
30758 3 -24.8 -17.5  -6.1   3.4  11.9  17.4  18.0  14.1   5.5  -5.0 -16.6 -24.8
30777 1 -28.9 -25.0 -15.3  -1.7   6.9  14.3  18.3  17.6  11.4   3.0 -11.0 -23.1
30777 2 -29.0 -22.5 -12.0   2.0  10.4  16.3  19.1  15.7   8.7  -0.6 -15.8 -25.9
30777 3 -27.4 -19.6  -7.0   4.4  12.3  17.6  18.4  14.4   6.3  -5.6 -19.5 -27.9
30844 1 -25.3 -22.9 -13.8  -3.3   5.2  12.0  15.6  15.6   9.1   1.3  -9.5 -19.4
30844 2 -26.1 -20.6 -11.9   0.2   7.6  14.1  17.2  13.8   6.7  -1.8 -13.4 -21.2
30844 3 -25.0 -18.3  -7.4   2.0  10.1  15.3  16.5  12.5   4.1  -6.1 -16.8 -24.1
30879 1 -27.0 -23.8 -14.9  -2.0   6.5  14.0  17.8  17.2  11.1   3.1 -10.3 -21.9
30879 2 -26.9 -21.6 -11.5   1.6  10.4  15.9  18.5  15.3   8.8  -0.3 -14.7 -24.4
30879 3 -26.0 -19.1  -7.2   3.9  12.1  17.0  18.0  14.2   6.5  -4.9 -18.4 -26.3
30925 1 -20.0 -17.9 -10.2   0.2   7.9  14.6  17.6  17.5  11.6   4.3  -5.9 -15.3
30925 2 -20.7 -16.0  -7.6   3.1  10.3  16.5  19.4  16.4   9.2   1.1  -9.8 -17.0
30925 3 -20.0 -13.8  -3.3   4.4  12.6  17.5  18.3  15.2   7.0  -2.7 -12.5 -18.7
30935 1 -26.0 -23.1 -13.7  -1.6   6.5  13.1  16.3  16.2  10.0   2.2  -8.5 -19.1
30935 2 -26.8 -20.6 -10.5   1.6   9.1  15.1  17.8  14.5   7.6  -0.9 -12.9 -21.5
30935 3 -25.5 -18.1  -5.6   3.3  11.4  16.2  17.2  13.5   5.3  -4.9 -16.6 -24.5
30949 1 -21.5 -18.5 -10.4  -1.4   6.9  13.6  16.8  16.7  10.8   3.1  -7.6 -16.6
30949 2 -21.5 -16.4  -8.6   1.8   9.7  15.3  17.7  14.8   8.3   0.2 -11.6 -18.0
30949 3 -20.6 -14.3  -5.0   3.8  12.0  16.5  17.3  13.7   6.2  -3.8 -14.5 -20.6
30965 1 -26.0 -23.9 -14.7  -1.7   6.7  14.5  18.3  18.1  11.9   3.3  -9.4 -20.4
30965 2 -26.6 -21.8 -11.0   1.5  10.0  16.6  19.3  16.2   9.2   0.0 -13.4 -22.8
30965 3 -26.0 -19.4  -6.4   3.9  12.5  18.0  18.8  15.2   6.5  -4.7 -17.1 -25.1
31004 1 -26.4 -25.1 -18.6  -8.1   1.5  11.9  16.1  15.2   8.0  -2.5 -16.7 -23.0
31004 2 -27.0 -24.5 -15.8  -4.2   4.4  13.7  16.9  13.0   5.1  -6.6 -18.9 -25.3
31004 3 -26.7 -21.4 -12.4  -1.7   8.5  14.3  15.7  11.4   1.7 -10.8 -21.5 -26.0
31088 1 -21.2 -18.6 -15.5  -7.7  -0.3   5.7  11.5  13.8  10.6   2.9 -11.3 -18.2
31088 2 -20.2 -18.0 -13.3  -4.0   2.0   7.8  12.5  13.5   8.6  -2.0 -14.5 -20.2
31088 3 -21.5 -17.5 -11.2  -1.7   3.4   9.6  13.2  12.8   6.0  -5.7 -16.4 -20.9
31137 1 -38.4 -35.0 -25.7 -12.2   0.3   9.9  14.7  13.2   6.9  -4.2 -22.5 -33.4
31137 2 -38.3 -33.6 -22.5  -7.0   3.5  12.5  14.9  11.3   3.7  -9.3 -27.9 -37.4
31137 3 -37.5 -30.2 -17.8  -3.6   7.2  13.4  14.1   9.2   0.5 -15.2 -31.7 -39.0
31168 1 -17.9 -16.7 -12.6  -5.5  -0.1   5.2  11.1  13.3  11.5   4.1  -7.9 -14.2
31168 2 -17.6 -16.3 -10.5  -3.1   2.0   7.9  12.0  13.6   9.3   0.5 -11.4 -16.6
31168 3 -18.8 -14.3  -8.9  -1.3   3.2   9.5  13.1  13.4   6.9  -2.9 -12.7 -17.3
31174 1 -19.6 -19.4 -16.0  -7.0   0.1   5.1   9.7  12.1  10.4   3.8  -6.1 -14.7
31174 2 -20.0 -19.5 -13.5  -4.0   1.9   7.0  10.7  12.4   8.2   1.0  -9.6 -18.4
31174 3 -21.0 -17.6 -11.5  -1.5   3.2   8.2  11.8  11.8   6.0  -2.3 -12.1 -19.6
31253 1 -32.0 -25.9 -16.3  -4.0   5.4  13.8  17.8  17.1  11.3   2.1 -14.5 -26.4
31253 2 -30.5 -24.2 -12.6   0.2   8.5  16.0  18.3  15.6   8.6  -2.6 -19.8 -30.0
31253 3 -29.9 -20.6  -8.6   2.4  11.6  16.4  17.6  13.8   5.8  -7.8 -23.6 -32.0
31329 1 -31.5 -26.8 -17.5  -5.1   4.1  12.5  17.2  16.2  10.6   1.3 -13.8 -25.9
31329 2 -31.0 -24.6 -13.8  -1.0   7.2  14.7  17.1  14.7   7.5  -2.7 -19.5 -30.5
31329 3 -30.7 -20.9  -9.9   1.6   9.7  15.6  17.0  12.9   4.8  -7.6 -22.6 -31.5
31369 1 -22.4 -19.9 -14.9  -4.8   1.9  10.7  16.1  16.3  13.1   5.2  -6.2 -16.9
31369 2 -22.0 -19.0 -11.9  -2.0   4.6  13.4  16.7  16.1  10.4   2.0 -11.0 -20.2
31369 3 -22.9 -17.1  -9.3   0.3   7.4  14.8  17.1  15.1   7.9  -1.3 -14.4 -21.9
31416 1 -27.5 -23.7 -15.0  -3.2   5.5  13.1  18.0  17.6  13.5   4.9  -8.9 -21.1
31416 2 -26.9 -21.7 -11.4   0.6   8.2  15.6  18.0  17.1  10.5   1.5 -14.7 -25.4
31416 3 -27.3 -18.1  -7.7   3.1  10.3  16.5  18.3  15.6   7.8  -2.8 -17.7 -27.2
31439 1 -24.3 -21.1 -14.6  -3.5   4.5  12.2  17.3  17.3  13.7   5.8  -6.3 -18.3
31439 2 -23.6 -19.8 -11.0  -0.2   7.1  14.8  17.8  17.0  11.2   2.5 -11.9 -21.9
31439 3 -24.3 -17.1  -7.9   2.4   9.4  16.3  18.2  15.9   8.5  -1.0 -15.4 -23.5
31478 1 -31.9 -27.9 -19.7  -7.9   2.2  10.4  15.3  14.4   8.7  -0.4 -15.0 -26.8
31478 2 -31.2 -25.9 -16.3  -3.5   5.1  12.6  15.4  12.9   5.9  -4.3 -21.0 -30.9
31478 3 -31.3 -22.9 -12.6  -0.5   7.4  13.8  15.6  11.1   3.3  -9.5 -24.0 -31.6
31707 1 -20.2 -16.9  -9.4   1.9   9.7  16.5  21.1  21.2  16.0   7.7  -3.7 -15.3
31707 2 -20.3 -15.5  -6.2   4.9  12.5  18.3  21.4  19.5  13.0   4.3  -7.8 -17.8
31707 3 -19.7 -12.6  -2.6   7.5  14.7  19.4  21.8  18.2  10.6   0.4 -11.7 -19.3
31770 1 -15.7 -14.8  -9.6  -0.9   4.2   9.2  13.4  16.5  14.8   8.1  -1.2 -10.4
31770 2 -16.0 -13.8  -6.8   1.0   5.9  10.9  14.8  17.0  12.9   5.6  -5.2 -13.3
31770 3 -16.8 -11.5  -4.3   2.4   7.4  12.0  15.7  16.5  10.6   2.5  -7.6 -14.3
31829 1 -10.9 -10.1  -6.0   0.1   3.9   7.8  12.3  16.3  15.5   9.7   0.9  -7.3
31829 2 -10.9  -9.3  -4.0   1.3   5.3   9.5  14.1  16.8  14.0   7.2  -2.5  -9.6
31829 3 -11.9  -7.1  -2.2   2.3   6.7  10.7  15.3  16.6  12.1   4.5  -4.7  -9.4
31960 1 -11.9 -10.8  -4.6   2.8   7.8  12.0  16.0  20.0  17.5  11.2   2.4  -7.0
31960 2 -13.0  -9.1  -2.0   4.7   9.8  13.0  17.6  19.8  15.6   8.9  -1.3  -9.5
31960 3 -12.9  -7.3   0.1   6.6  11.2  14.2  19.1  19.0  13.7   5.4  -4.3 -10.8
31961 1 -16.8 -15.0  -6.4   3.6   9.9  14.9  18.9  21.9  17.7  10.4   0.7 -10.7
31961 2 -18.2 -12.5  -2.5   6.0  12.2  16.1  20.3  21.2  15.0   7.6  -3.2 -13.8
31961 3 -17.8  -9.9   0.4   8.5  13.7  17.3  21.6  19.8  12.9   4.3  -7.3 -15.4
31989 1  -7.0  -6.9  -2.6   3.2   7.0  11.1  15.4  19.7  17.5  11.6   4.3  -3.7
31989 2  -8.0  -5.9  -0.7   4.4   8.7  11.7  16.9  19.9  15.8   9.5   1.0  -5.9
31989 3  -8.6  -4.3   1.0   5.8   9.9  13.5  18.6  18.9  13.8   6.9  -1.5  -6.3
32027 1 -18.9 -18.3 -14.6  -5.5   0.7   7.5  13.1  15.5  13.9   7.0  -3.7 -13.2
32027 2 -18.9 -18.3 -12.0  -2.9   2.0  10.2  14.2  15.9  11.9   3.9  -8.2 -16.3
32027 3 -20.5 -16.6  -9.6  -0.9   4.0  11.6  15.0  15.3   9.5   0.6 -10.5 -17.6
32061 1 -16.4 -15.6 -11.2  -2.0   3.8   9.3  14.2  16.4  14.1   7.6  -1.9  -9.6
32061 2 -16.8 -15.2  -8.2   0.0   5.8  11.4  15.3  16.5  12.3   5.1  -5.5 -12.9
32061 3 -17.7 -13.2  -5.8   2.1   7.1  12.9  16.4  15.9   9.9   2.0  -7.2 -14.6
32076 1 -16.1 -15.4 -12.0  -3.9   1.1   5.3   9.0  12.2  11.5   6.0  -2.7 -10.6
32076 2 -16.2 -15.9 -10.0  -1.8   2.4   6.5  10.0  12.8   9.8   3.9  -6.7 -13.3
32076 3 -17.2 -13.7  -7.7  -0.3   3.5   7.9  11.7  12.7   8.1   1.3  -8.2 -14.6
32098 1 -15.9 -14.6 -10.0  -1.6   2.9   7.9  12.2  15.6  14.0   7.7  -1.4 -10.2
32098 2 -16.0 -14.2  -7.2   0.1   4.6   9.4  13.5  15.7  12.2   5.4  -5.6 -13.4
32098 3 -16.6 -12.0  -4.8   1.5   6.1  10.7  15.0  15.3  10.1   2.5  -7.5 -14.5
32099 1 -11.0 -12.2  -9.2  -2.5   0.4   3.7   7.7  11.1  11.7   8.4   1.5  -4.7
32099 2 -12.1 -12.3  -7.2  -1.4   1.3   4.8   9.1  12.1  11.1   6.8  -1.5  -7.4
32099 3 -13.3 -10.6  -5.2  -0.5   2.2   6.2  10.8  12.3  10.0   4.5  -2.4  -8.9
32150 1 -11.3 -12.8  -8.4  -0.1   5.4  10.2  14.3  17.6  14.6   8.2   0.9  -7.5
32150 2 -13.2 -12.7  -6.0   1.6   7.0  11.3  15.4  17.2  13.0   6.6  -2.8  -8.6
32150 3 -13.9 -10.2  -3.6   3.3   8.3  12.7  17.1  16.5  11.1   4.1  -4.1  -9.7
32165 1  -3.2  -5.9  -4.4   0.4   3.9   7.3  10.8  15.5  15.7  12.4   6.4   0.8
32165 2  -4.2  -5.9  -2.8   1.5   5.3   8.5  12.1  16.0  15.0  10.9   4.0  -1.2
32165 3  -5.5  -4.9  -1.6   2.7   6.2   9.5  14.1  16.0  13.8   8.8   2.6  -2.2
32213 1  -4.5  -5.4  -4.7  -2.1   0.2   3.2   6.7   9.1   9.3   7.0   1.8  -1.7
32213 2  -4.5  -5.3  -4.1  -1.3   1.2   4.3   7.6   9.6   8.8   5.7   0.0  -2.6
32213 3  -5.5  -5.5  -3.5  -0.5   2.0   5.6   8.7   9.7   7.9   4.0  -0.7  -3.6
32252 1 -17.4 -16.4 -14.4  -8.6  -0.8   5.0   9.4  11.2   8.7   4.0  -4.9 -12.1
32252 2 -17.1 -15.8 -13.3  -5.7   1.3   6.8  10.4  10.8   7.1   1.1  -6.9 -13.7
32252 3 -18.7 -16.1 -12.2  -2.8   3.2   8.4  10.8  10.2   5.4  -0.9 -10.4 -17.2
32287 1 -14.2 -13.3 -11.7  -5.7   0.8   6.1  10.8  12.5   9.8   5.1  -2.9  -9.2
32287 2 -13.6 -12.4 -10.4  -3.6   2.8   8.0  11.8  12.1   7.9   2.8  -5.3 -10.9
32287 3 -15.8 -13.7  -9.0  -1.2   4.5   9.7  12.2  11.3   6.3   0.6  -7.4 -13.9
32389 1 -16.9 -13.9 -10.6  -4.5   2.3   9.2  14.5  14.3  10.7   5.3  -3.6 -11.2
32389 2 -15.0 -12.6  -9.6  -2.4   4.5  12.3  15.1  13.9   8.6   2.6  -6.8 -14.4
32389 3 -17.2 -12.9  -8.0   0.4   7.0  13.5  15.4  12.7   6.7   0.0 -10.0 -16.9
32477 1 -13.6 -13.8 -11.0  -4.7   0.8   6.3  10.9  12.5  10.0   5.5  -2.3  -8.8
32477 2 -14.2 -12.4  -9.7  -2.5   3.0   8.1  11.9  12.2   8.3   3.7  -5.4 -11.0
32477 3 -15.6 -13.3  -8.2  -0.7   4.6   9.6  12.3  11.5   6.7   1.2  -7.5 -13.6
32562 1 -11.7 -11.6  -9.3  -3.7   1.0   5.6  10.1  11.9  10.1   6.1  -0.9  -7.2
32562 2 -11.5 -10.2  -8.0  -2.0   2.7   7.2  11.2  11.8   8.7   4.3  -4.2  -9.0
32562 3 -13.0 -11.2  -6.5  -0.3   4.0   8.8  11.7  11.4   7.3   1.9  -5.9 -11.7
32618 1  -3.2  -3.4  -3.0  -1.3   1.1   4.3   7.6  10.2  10.1   6.9   2.0  -1.5
32618 2  -3.1  -3.0  -3.0  -0.7   2.3   5.2   8.6  10.6   9.1   5.5   0.4  -2.0
32618 3  -3.9  -3.8  -2.7   0.3   3.1   6.5   9.8  10.6   8.0   3.8  -0.6  -3.1
34110 1  -7.2  -8.0  -4.2   5.4  12.6  17.4  18.4  19.4  14.8   8.2   0.7  -4.3
34110 2  -8.0  -7.2  -2.5   7.3  14.2  17.7  19.1  17.9  12.0   6.5  -1.0  -5.1
34110 3  -7.7  -5.9   1.1   9.9  15.4  18.3  19.0  16.4  10.2   3.0  -3.1  -6.1
34123 1  -7.1  -8.0  -4.4   5.7  13.2  17.9  19.3  20.0  15.5   8.4   1.0  -4.2
34123 2  -7.7  -7.5  -2.4   8.1  14.7  18.6  20.0  18.3  12.5   6.9  -0.7  -5.0
34123 3  -7.5  -5.8   1.2  10.4  16.1  19.1  20.0  17.1  10.4   3.4  -2.7  -6.1
34152 1  -8.2  -9.8  -6.0   4.5  13.3  18.3  20.0  20.5  16.0   8.0  -0.1  -5.2
34152 2  -9.2  -9.0  -3.8   7.8  14.8  19.3  20.5  18.7  12.8   6.4  -1.4  -6.3
34152 3  -8.9  -7.5  -0.3  10.6  16.4  19.8  20.8  17.6  10.5   2.9  -3.5  -7.2
34163 1  -9.3 -11.3  -7.7   3.4  12.6  18.0  19.9  20.2  15.5   7.2  -1.0  -6.3
34163 2 -10.8 -10.4  -5.2   7.2  14.3  19.1  20.3  18.4  12.5   5.8  -2.1  -7.1
34163 3 -10.6  -8.9  -1.5   9.9  15.8  19.6  20.7  17.2   9.8   2.3  -4.5  -8.5
34186 1  -9.6 -11.9  -7.8   3.6  13.7  19.3  21.6  21.6  16.8   7.7  -0.7  -6.4
34186 2 -10.9 -11.0  -5.5   8.0  15.4  20.7  21.9  19.9  13.7   6.2  -2.1  -7.6
34186 3 -11.5  -8.9  -1.2  11.2  17.2  21.0  22.5  18.6  10.7   2.6  -4.5  -9.0
34579 1  -6.1  -8.7  -3.9   7.8  15.3  21.7  24.4  24.7  19.5  10.7   2.2  -3.3
34579 2  -8.1  -7.6  -1.3  10.7  17.6  23.0  24.8  23.2  16.5   8.9   0.6  -4.2
34579 3  -8.3  -5.9   3.3  13.2  19.2  23.4  25.4  21.5  13.6   5.1  -0.9  -5.1
34720 1  -2.9  -4.0  -0.5   8.7  14.7  20.3  22.8  23.8  19.2  12.2   4.6  -0.4
34720 2  -4.2  -2.9   0.7  10.5  17.1  21.5  23.5  22.6  16.9  10.6   2.7  -1.1
34720 3  -4.3  -2.3   4.6  12.4  18.6  22.1  23.8  21.2  14.8   7.0   1.6  -1.8
34740 1  -2.6  -4.6  -0.2   9.6  14.6  19.7  22.7  23.6  19.0  12.2   4.5  -0.5
34740 2  -4.8  -3.1   1.0  11.0  16.6  21.1  23.4  22.5  16.8  10.6   2.9  -1.1
34740 3  -4.6  -2.1   5.2  12.5  17.9  21.7  24.1  21.3  14.6   6.8   1.8  -1.7
34866 1  -3.1  -6.0  -0.8   9.1  15.5  21.9  25.2  25.5  20.5  12.5   4.4  -0.8
34866 2  -5.3  -4.8   0.5  11.3  18.1  23.4  25.6  24.3  18.0  10.4   2.9  -1.3
34866 3  -5.4  -2.9   4.8  13.4  19.6  24.2  26.3  22.7  15.4   7.0   1.8  -2.5
34880 1  -3.5  -5.8  -1.4   8.9  15.6  21.8  25.0  24.9  19.8  11.9   4.5  -1.0
34880 2  -5.2  -4.7   0.5  11.5  18.2  23.4  25.1  23.6  17.3  10.1   2.7  -1.7
34880 3  -5.6  -3.2   4.7  13.7  19.5  23.8  25.6  21.9  14.8   7.0   1.5  -2.7
34927 1   0.8  -0.6   2.6  11.3  15.0  19.8  23.0  23.9  19.7  13.7   7.0   2.4
34927 2  -1.1   1.2   4.1  12.2  17.1  21.0  23.5  22.7  17.8  12.2   5.5   2.2
34927 3  -1.0   1.7   7.8  13.1  18.5  21.6  24.0  21.9  16.0   8.8   4.8   1.3
34949 1  -2.1  -3.7  -0.3   8.6  12.8  17.9  21.3  22.1  17.8  11.5   4.4  -0.5
34949 2  -3.8  -2.1   0.9   9.9  15.1  19.4  21.8  21.2  16.1  10.8   3.0  -0.7
34949 3  -4.0  -1.8   4.6  11.0  16.3  19.9  22.5  20.1  14.1   6.9   1.9  -1.0
35011 1 -11.1 -13.6  -8.9   2.3  13.4  18.4  21.3  20.5  16.0   6.9  -1.8  -7.9
35011 2 -13.8 -12.2  -6.5   7.1  14.7  20.2  21.1  19.0  13.2   5.5  -3.6  -9.4
35011 3 -13.6 -10.5  -2.3  10.6  16.3  20.8  21.6  17.9   9.9   2.1  -5.6 -10.8
36038 1 -12.3 -12.4 -11.4   0.0  10.7  15.6  19.4  18.1  12.7   6.8  -2.1  -9.9
36038 2 -14.2 -14.0  -8.9   4.8  12.5  17.4  19.9  17.6  11.5   4.2  -5.7 -11.0
36038 3 -14.6 -12.2  -3.7   7.5  13.6  19.2  18.8  15.2   9.2   1.9  -8.4 -12.3
36064 1  -7.0  -7.2  -5.6   1.2   8.2  12.7  16.3  16.3  11.4   6.1  -0.4  -4.8
36064 2  -8.2  -8.5  -4.1   4.6   9.6  14.6  17.4  16.1  10.3   4.0  -2.4  -5.4
36064 3  -8.2  -6.9  -0.4   5.9  10.9  15.6  17.0  13.9   8.3   2.1  -4.5  -7.0
36096 1 -27.9 -27.0 -17.2   1.2  10.0  16.3  19.5  18.5  12.3   4.1  -8.1 -22.7
36096 2 -29.5 -23.2 -11.4   5.0  12.2  18.3  20.6  17.8  10.5   1.1 -14.7 -26.0
36096 3 -29.6 -21.4  -4.3   7.2  14.3  19.5  19.6  15.8   8.0  -3.1 -19.2 -27.2
36229 1 -17.6 -18.0 -12.3   0.1   8.4  13.1  16.2  15.1  10.2   4.0  -6.0 -15.2
36229 2 -20.6 -16.3  -8.7   4.0   9.7  15.1  16.8  14.7   9.0   1.1  -9.6 -17.8
36229 3 -21.2 -15.2  -3.8   5.6  11.3  15.9  15.9  12.7   6.8  -1.8 -14.0 -18.0
36259 1 -26.1 -25.9 -17.2  -2.9   5.2  10.9  14.2  13.4   8.3   1.5 -10.6 -22.5
36259 2 -27.6 -23.0 -12.6   0.7   7.3  12.9  14.6  13.0   6.9  -2.7 -15.9 -24.3
36259 3 -27.7 -20.3  -7.3   1.9   8.9  14.1  14.1  10.9   4.6  -6.3 -19.7 -25.8
36307 1 -29.9 -30.9 -21.8  -5.5   8.5  14.9  17.8  17.3  11.9   4.5  -8.6 -23.2
36307 2 -31.9 -27.4 -17.7   1.6  10.8  16.8  18.8  16.7   9.9   1.7 -13.8 -26.7
36307 3 -32.2 -25.7 -12.6   5.1  13.0  17.7  17.9  14.7   7.8  -3.4 -18.8 -28.9
37001 1   2.8   1.7   3.8  10.1  13.1  19.0  22.4  23.8  20.0  14.8   8.7   4.7
37001 2   1.3   3.1   4.8  10.8  15.4  20.4  23.3  22.9  18.4  13.3   7.4   4.5
37001 3   1.3   2.6   7.5  11.8  17.2  21.1  23.8  22.0  16.7  10.4   6.8   3.7
37107 1   1.1   0.1   3.0   9.3  12.1  16.3  19.1  20.2  17.3  12.5   7.0   2.8
37107 2  -0.1   1.9   4.2  10.2  14.1  17.5  20.1  19.6  15.5  11.7   5.6   1.8
37107 3  -0.1   2.1   6.2  10.6  15.3  17.9  20.6  19.0  14.4   9.1   5.1   1.4
37126 1  -5.0  -7.0  -5.1   1.4   3.7   7.7  10.7  11.6   9.0   5.4   0.5  -3.3
37126 2  -7.0  -5.3  -4.1   2.2   5.9   8.9  11.2  11.0   7.8   5.0  -0.3  -3.7
37126 3  -7.0  -5.7  -1.8   2.2   6.8   9.5  11.9  10.7   6.9   2.3  -1.2  -4.3
37470 1   3.0   1.6   3.4   8.2  13.8  20.2  24.3  25.1  21.8  15.9  10.0   5.4
37470 2   2.1   2.1   4.1  10.6  16.2  22.0  24.8  24.8  20.2  14.4   8.5   4.4
37470 3   1.7   2.4   6.1  12.2  18.0  22.8  25.3  23.4  17.9  12.0   7.5   3.9
37472 1   1.1  -0.1   2.7   8.2  13.8  20.4  24.2  24.9  21.6  15.3   8.7   3.7
37472 2   0.3   0.3   3.5  10.6  16.3  21.9  24.5  24.4  19.8  13.6   7.2   2.6
37472 3  -0.1   1.3   5.9  12.3  18.1  22.8  25.1  23.1  17.6  11.1   6.1   2.0
37663 1  -0.4  -2.1   0.8   8.1  11.8  16.4  19.6  20.0  17.1  10.9   5.6   1.5
37663 2  -2.3  -0.6   2.0  10.5  13.8  17.7  20.0  19.5  15.3  10.2   4.4   0.7
37663 3  -2.3  -0.7   5.0  10.7  15.0  18.1  20.6  18.5  13.3   8.0   4.0   0.1
31152 1 -35.2 -30.9 -21.3  -7.2   3.6  13.1  17.6  15.9   9.6  -1.0 -18.7 -30.7
31152 2 -34.6 -28.6 -16.9  -2.2   6.5  15.6  17.4  14.2   6.3  -5.9 -24.4 -34.3
31152 3 -34.2 -25.1 -12.8   0.8  10.0  16.0  16.7  12.0   3.1 -11.1 -28.3 -35.9
