20069  13  12  13  11  13  13  20  22  22  20  15  17  191
20087  11  10  10   9   8  13  22  22  21  13   9   9  157
20292  14  16  15  12  14  20  33  30  25  21  10  13  223
20476  21  21  17  13   9  19  24  29  22  18  14  21  228
20667  16  14  13  11  15  18  18  32  25  26  22  22  232
20674  34  27  22  18  20  30  35  45  42  33  23  31  360
20744  40  28  27  20  20  23  35  31  44  35  25  37  365
20891  11  12  14  14  16  31  42  39  32  27  18  17  273
20982  18  15  16  17  24  37  46  44  38  34  24  24  337
21432   7   6   7   8   9  18  29  23  18  15   8   7  155
21802   9   8   8  10  13  22  30  28  20  18  12   9  187
21908   7   8  10  13  20  38  44  40  31  24  13  10  258
21921  15  16  15  14  24  37  54  56  41  41  23  21  357
21931   9  10   7   6  14  29  47  41  28  19  14  11  235
21946  13  12   8   8  12  29  36  35  23  20  15  11  222
21982   8   8   6   6   6  13  21  30  19  12  12   8  149
22113  29  22  20  24  30  57  65  68  52  45  41  34  487
22165  42  28  28  22  22  31  31  45  46  50  41  40  426
22217  38  28  30  27  40  52  69  57  52  50  46  36  525
22235  33  24  30  31  40  55  64  68  46  48  42  34  515
22471  30  25  27  28  37  51  61  76  61  58  42  42  538
22520  25  17  23  27  41  55  52  63  54  52  41  29  479
22550  35  28  28  32  43  60  65  68  59  63  52  43  576
22619  28  24  27  27  37  62  64  79  58  54  40  35  535
22641  38  30  29  30  38  55  65  77  66  69  55  44  596
22676  34  26  24  33  48  57  70  75  55  55  44  40  561
22768  32  25  25  35  46  66  72  82  50  48  40  36  557
22802  41  32  35  32  35  54  57  79  69  62  64  57  617
22820  33  24  31  32  41  62  68  75  59  52  47  42  566
22837  43  31  30  36  46  68  72  87  67  78  61  54  673
23022  34  28  22  19  22  34  48  47  47  43  37  39  420
23032  22  18  15  16  18  25  35  43  36  30  23  22  303
23058  14  12  12  13  17  29  37  49  37  27  16  15  278
23074  41  39  35  31  30  38  44  57  48  56  45  51  515
23205  26  23  24  28  34  42  52  65  52  47  39  34  466
23242  25  20  21  23  26  31  31  48  38  36  25  29  353
23256  30  27  27  26  30  47  46  62  43  44  31  36  449
23274  29  25  28  28  27  54  51  59  54  60  42  40  497
23324  32  27  30  30  41  47  58  69  59  59  42  40  534
23330  23  20  18  26  38  45  65  69  45  44  28  26  447
23383  24  19  19  22  26  50  57  66  52  45  36  32  448
23405  34  28  28  32  42  57  64  73  56  60  44  42  560
23445  25  19  20  27  38  55  62  66  57  54  32  29  484
23463  30  22  26  29  27  50  48  60  52  63  44  41  492
23472  34  26  30  33  34  54  62  70  65  71  49  47  575
23552  30  24  24  31  37  53  63  74  55  54  38  35  518
23631  29  22  22  34  47  60  74  72  57  52  38  28  535
23662  33  25  23  31  40  59  71  72  59  61  46  36  556
23678  39  28  27  34  42  50  61  69  65  70  55  48  588
23711  46  33  30  38  53  65  72  74  63  68  57  49  648
23724  30  20  22  35  45  63  78  78  59  50  39  30  549
23734  36  26  25  36  51  67  77  91  65  60  46  37  617
23867  29  21  19  29  50  61  81  72  55  51  43  33  544
23884  39  27  26  33  47  54  66  71  68  64  57  49  601
23891  29  21  21  27  40  51  53  80  55  55  48  36  516
23914  56  39  34  48  54  75  90  77  69  76  71  64  753
23921  26  17  16  34  48  60  88  81  61  43  31  25  530
23933  31  22  21  30  49  65  75  76  61  52  40  36  558
23955  22  17  16  27  47  71  64  80  55  42  34  27  502
23966  35  25  23  32  47  59  78  82  65  57  51  39  593
23986  24  20  23  29  44  55  53  82  67  52  41  31  521
24125  11  11  11  14  22  36  54  46  31  30  18  14  298
24136   9   9  10  11  19  34  38  33  30  29  15  13  250
24143  10  10  10  13  20  34  46  42  39  37  18  15  294
24266   6   7   5   6  12  28  33  33  15  13   9   9  176
24329   9   8   9  12  27  48  60  45  29  27  16  12  302
24343   9  10  11  12  23  38  51  43  37  37  18  15  304
24382   7   7   5   5  10  28  42  47  21  11  10   7  200
24507  17  12  13  17  32  46  56  61  41  30  26  23  374
24606  13   8   9  15  30  44  50  66  35  25  19  16  330
24641   9   9   8  10  22  35  52  37  33  27  19  14  275
24661   8   8  11  20  36  62  74  64  56  45  18  12  414
24671   6   6   4  11  23  44  60  55  31  18  11   6  275
24688   9   8   4   6  12  33  48  38  23  16  11   7  215
24713  13  10  13  16  32  50  46  55  34  36  26  18  349
24738  14   8   8  10  26  40  49  42  31  24  19  17  288
24790  10   9   5   5  16  40  62  59  33  21  12   9  281
24817  15  10  12  17  30  39  44  52  35  37  28  20  339
24908  21  14  15  26  35  51  54  61  39  38  34  27  415
24959   9   8   5  10  17  39  38  36  31  18  14  12  237
24966  11   8   6  12  24  37  54  53  38  26  19  12  300
24967  14   8   6   9  21  46  47  48  37  19  15  14  284
25062  12   8   8   9   9  15  30  33  22  23  17  11  197
25138  15  13  10   7  11  24  40  36  27  19  19  15  236
25173  22  14  11  10  13  18  31  44  40  30  30  15  278
25206  13  15   9   7  10  25  38  36  26  21  19  14  233
25248  13  11   6   7   7  23  39  39  17  13  19  15  209
25282  17  13   8  12  13  14  25  32  29  33  29  15  240
25325  15  12   8   7  13  30  51  38  26  19  21  16  256
25356  20  16  12  13  13  28  55  47  28  21  25  15  293
25378  38  30  25  18  22  41  79  88  60  38  53  35  527
25399  27  22  17  19  22  18  29  55  46  39  39  28  361
25400  16  15   9   6  11  29  42  42  35  19  20  14  258
25428  13  11   8   8  12  28  48  47  29  18  18  14  254
25503  17  17  10   7  11  24  41  39  29  19  20  16  250
25538  19  15  10  11  10  29  38  42  32  23  28  20  277
25551  30  24  18  20  17  31  50  59  43  34  43  30  399
25563  40  29  23  19  14  22  36  44  31  22  31  40  351
25594  56  47  37  36  37  34  54  86  81  71  96  59  694
25677  49  34  25  28  27  24  39  66  65  50  65  58  530
25705  27  25  16  14  21  36  69  66  48  39  37  23  421
25745  29  26  21  21  15  29  47  63  47  30  35  29  392
25927  41  40  32  31  19  28  48  60  55  84  67  44  549
25932  17  14  11  18  20  26  48  59  42  44  38  20  357
25954  25  26  21  21  18  29  49  63  49  52  46  24  423
25956  33  30  28  25  19  30  52  72  57  53  48  35  482
26063  40  31  35  33  38  64  77  77  67  65  57  49  633
26157  38  28  30  30  44  66  78  85  69  61  54  43  626
26275  40  31  35  36  46  70  74  71  62  51  52  47  615
26359  49  39  37  36  50  80  86  77  67  56  54  54  685
26781  45  39  40  41  56  88 101  69  77  58  56  55  725
26997  37  32  37  41  51  79  93  63  61  50  53  47  644
27037  32  27  23  36  44  71  77  73  55  50  41  40  569
27051  41  32  29  40  45  70  75  71  54  57  47  48  609
27333  40  30  28  34  45  72  76  73  60  59  49  49  615
27459  43  36  30  39  48  69  78  74  62  63  56  52  650
27595  36  31  25  35  38  71  67  59  55  55  45  38  555
27612  47  36  33  38  52  84  89  80  67  66  59  53  704
27648  43  37  28  36  42  63  88  70  55  59  54  54  629
27675  26  19  19  34  36  67  67  65  53  47  39  32  504
27707  35  30  33  36  52  80  84  69  61  56  47  42  625
27823  29  26  25  38  41  66  80  52  56  52  42  38  545
27857  35  30  30  29  41  60  69  49  49  48  46  44  530
27995  35  29  23  32  32  59  56  45  42  40  38  36  467
28009  39  28  30  34  58  82  74  70  61  66  53  45  640
28064  24  17  17  26  39  58  73  73  59  40  33  28  487
28138  57  40  41  53  59  90 106  99  91  85  73  64  858
28224  41  30  25  35  54  75  74  76  73  61  51  43  638
28255  27  21  16  27  43  60  83  72  64  41  35  30  519
28275  23  15  14  23  41  54  81  75  51  40  31  26  474
28418  41  28  22  33  44  64  63  70  62  55  47  41  570
28434  34  25  20  31  42  65  81  64  60  52  43  36  553
28493  21  14  13  24  39  59  65  62  46  37  27  28  435
28552  23  17  14  23  43  60  70  60  48  34  29  27  448
28573  17  13  12  23  31  48  69  57  42  27  23  21  383
28666  17  12  12  21  29  49  66  50  37  27  25  23  368
28698  24  16  14  22  34  50  60  55  37  31  30  26  399
28704  31  25  19  32  38  73  56  51  54  50  38  31  498
28722  45  37  26  34  38  57  61  61  53  63  53  51  579
28748  19  15  14  21  38  43  70  45  30  30  25  23  373
29111  28  19  19  30  54  63  74  83  53  49  39  35  546
29231  26  17  17  25  48  62  63  74  51  48  36  32  499
29263  30  19  17  25  40  50  52  65  46  45  43  35  467
29282  17  11  10  20  32  39  49  53  41  28  26  20  346
29313  26  17  15  23  49  66  68  70  51  42  33  30  490
29328  23  16  14  24  45  53  69  69  48  44  33  28  466
29379  16  13   9  17  24  34  50  49  43  28  29  23  335
29570  18  12  15  32  48  55  74  69  42  42  35  26  468
29594  20  14  13  23  41  47  70  81  43  39  28  27  446
29612  22  15  14  21  35  47  60  49  36  33  30  26  388
29645  27  17  16  25  44  67  65  64  40  42  39  34  480
29752 123  84  90 133 142 104 123 140 148 204 165 146 1602
29789   5   4   7  33  50  81 137 112  61  24  11   7  532
29866  10   7   5  17  37  54  66  63  44  25  13  11  352
29939  33  29  22  36  52  53  62  59  47  48  49  44  534
30054  29  19  16  17  36  53  58  64  42  42  42  36  454
30089  18  11   9  13  30  52  64  51  44  21  20  18  351
30230  19  13  11  15  32  48  70  63  42  29  28  27  397
30252  18  12   8  14  35  61  90  80  53  21  24  23  439
30309  14  11  11  18  33  42  57  71  38  23  22  21  361
30372   3   3   3  12  39  74  74  73  48  14   5   4  352
30385   7   4   5  18  39  81 110  92  60  17  10   8  451
30393  16  11  15  31  45  89 105  88  71  41  22  18  552
30433  15  12  10  20  27  33  65  66  39  29  18  15  349
30521  12   8   6  10  22  44  76  75  35  14  16  17  335
30554   2   3   3  15  29  72 115  89  37  10   5   3  383
30612   9   6   6  12  24  39  64  63  39  16  12  14  304
30636  13   6   4   9  15  35  83  67  40  23  34  36  365
30650   3   3   5  15  25  59 102  88  40  10   7   5  362
30673   5   5   6  17  31  78 112 108  45  14  10   6  437
30710  13   8  12  18  33  71 117  88  54  25  20  16  475
30758   4   3   5  11  24  64 100  86  36   9   6   4  352
30777   3   3   5  14  28  61  96  88  41  11   9   6  365
30844   4   4   5  13  24  62  94  86  45  15  10   7  369
30879   3   4   7  19  24  77 130 107  50  16   9   6  452
30925   3   3   4  10  25  68  96  70  39  13   7   5  343
30935   5   3   2   8  18  56  96  84  39  10   7   6  334
30949   3   1   3  11  21  57 122  98  43  10   3   3  375
30965   3   3   4  10  16  50  93  72  37   9   4   4  305
31004  27  25  29  34  62  91 100 100  91  63  37  32  691
31088  17   9  10  23  40  42  78  78  74  56  27  16  470
31137  10   8   8  26  48  65  91  91  57  40  17  12  473
31168  26  13  21  50  78  92 159 166 156  85  31  31  908
31174  30  18  19  36  51  48  62  70  66  78  48  35  561
31253   6   4  10  36  47  78 133 119  72  34  19  11  569
31329  10   6  13  39  66  88 152 147  84  46  27  14  692
31369  36  33  33  38  55  44  71  80  76  82  58  47  653
31416  11   8  12  30  52  57  84  84  65  48  22  16  489
31439  23  17  17  25  46  45  63  86  65  53  34  28  502
31478   9   5  11  37  74  94 170 154  97  46  27  12  736
31707   4   6  11  28  55  97 122 147  89  34  16  10  619
31770  21  21  38  59  71  62  83 114 113 101  47  32  762
31829  16  25  41  65  90  88 105 131 126  80  48  22  837
31960   9  13  23  49  73 116 134 159 139  65  26  15  821
31961   7  11  14  36  55  84  89 123 118  60  23  14  634
31989  13  16  25  52  60  80 126 130 133  57  46  21  759
32027  26  27  31  31  50  50  66  76  77  76  32  38  580
32061  34  30  24  29  48  34  58  88  90  99  47  57  638
32076  39  34  47  59  67  44  63  97 103  97  57  47  754
32098  25  27  33  63  69  51  80 103 124 101  46  36  758
32099  25  22  24  33  43  37  56  68  88  76  51  40  563
32150  44  35  43  60  69  52  83 100 113 106  79  64  848
32165  65  41  66  91 135 114 128 137 178 139 112  72 1278
32213  71  58  58  49  51  41  57  95  82 117  86  81  846
32252  15  11  12  18  20  46  62  68  54  63  58  22  449
32287  19  16  15  22  32  44  58  82  65  78  69  35  535
32389  70  67  44  32  34  42  52  71  46  60  66  61  645
32477  37  23  20  27  45  48  79 117 101 128 107  55  787
32509 117  93  84  95  86  78  86 112 115 165 129 106 1266
32562  40  29  27  32  47  52  88 127 106 120 102  60  830
32618  60  54  48  39  37  33  46  77  63  87  82  63  689
34110  38  32  31  43  51  69  69  57  56  48  48  45  587
34123  37  32  30  38  44  75  70  53  57  49  48  49  582
34152  42  29  29  33  37  63  65  44  49  39  48  48  526
34163  31  26  21  29  41  52  47  45  48  32  38  35  445
34186  30  24  21  26  25  46  40  37  43  32  38  36  398
34579  21  17  19  22  26  32  23  19  23  20  25  28  275
34720  41  40  38  44  48  65  57  52  51  33  45  61  575
34740  38  31  29  48  55  61  58  45  44  34  44  49  536
34866  14  11  16  17  31  39  29  21  21  18  22  16  255
34880  16  10  17  21  25  25  24  20  18  17  16  14  223
34927  60  44  45  53  70  81  59  52  47  58  68  75  712
34949  27  27  31  48  64  81  56  47  43  47  47  39  557
35011  27  19  19  24  25  54  40  37  32  37  33  33  380
36038  50  44  39  50  68  57  78  58  52  65  69  59  689
36064  15  15  20  68 116 128 147 136 101  72  43  29  890
36096   8   5   3   5  12  36  47  42  22   9  12  11  212
36229  15   9   7  29  64  65  77  70  47  41  24  19  467
36259   3   2   1   4   7  23  33  23   9   3   4   4  116
36307   5   4   5   6  11  29  55  40  20   8   9   9  201
37001  50  43  41  40  37  39  34  39  45  41  59  71  539
37061  21  20  25  42  51  61  38  39  28  27  30  28  410
37107 201 149 144 148 140 119 113 122 162 190 249 249 1986
37126  13  15  26  57  99 108 100  88  56  31  22  18  633
37228  34  35  49  76 138 167 109  95  71  53  43  32  902
37470  26  34  24  20  25  18  22  22  53  57  50  42  393
37472  25  28  22  17  27  25  25  23  46  40  40  30  348
37663  11  15  22  36  52  60  37  39  42  36  23  14  387
31152  17  14   7  16  37  43  71  71  51  37  22  17  403
