20744  1 19   VI  4   VI 26   VI  1   IX 20 VIII 16   IX    75     58     91   24
20744  2          (1993)  (1971)          (1959)  (1984)       (1990) (1985)
20891  1 12   VI 29    V 25   VI  2   IX 15 VIII 22   IX    83     59    116   66
20891  2          (2011)  (1974)          (1937)  (2011)       (1933) (2011)
20982  1  9   VI 26    V 24   VI  6   IX 26  VII 25   IX    90     35    118   56
20982  2          (1960)  (1973)          (1971)  (1997)       (1971) (2011)
21802  1 12   VI 27    V 25   VI 31 VIII 15 VIII 19   IX    81     53    106   62
21802  2          (2013)  (1972)          (1954)  (1938)       (1972) (2012)
21908  1  3   VI 21    V 26   VI  4   IX 22 VIII 18   IX    94     64    115   58
21908  2          (2010)  (1958)          (1978)  (1991)       (1958) (1988)
21921  1  6   VI 20    V 24   VI  5   IX 19 VIII 19   IX    92     62    116   56
21921  2          (2010)  (1963)          (1972)  (1976)       (1972) (2010)
21931  1 10   VI 27    V 23   VI  1   IX 30  VII 20   IX    84     51    111   80
21931  2          (1990)  (1989)          (1978)  (1949)       (1978) (1937)
21946  1 11   VI 24    V 27   VI 26 VIII 25  VII 15   IX    77     46    107   85
21946  2          (2012)  (1996)          (1985)  (1971)       (1985) (1995)
22113  1 23    V 26   IV 18   VI 28   IX  5   IX 23    X   129     98    157   85
22113  2          (1959)  (1982)          (1993)  (2000)       (1993) (2000)
22165  1 14   VI 28    V 27   VI 21   IX  8  VII 24    X   100     14    147   54
22165  2          (1921)  (1916)          (1957)  (2000)       (1957) (2000)
22217  1 19    V 29   IV 15   VI 28   IX  8   IX 22    X   133    107    161   77
22217  2          (1934)  (1982)          (1993)  (1944)       (1951) (1987)
22235  1 28    V  6    V 17   VI 23   IX 29 VIII 22    X   119     83    155   73
22235  2          (1934)  (1990)          (1986)  (2000)       (1990) (2000)
22471  1 19    V 30   IV 13   VI 29   IX  8   IX 20    X   134     96    163   80
22471  2          (1982)  (1971)          (1968)  (1991)       (1968) (2012)
22520  1 17    V 19   IV 11   VI  5    X 16   IX  1   XI   142    103    172   81
22520  2          (1921)  (1941)          (1968)  (1961)       (1941) (1950)
22550  1 10    V 15   IV  3   VI  1    X  9   IX 23    X   145    109    169   82
22550  2          (1921)  (1907)          (1973)  (1944)       (1907) (1922)
22619  1  9    V 23   IV 28    V  6    X 12   IX 29    X   151    113    169   80
22619  2          (1990)  (1969)          (1993)  (2008)       (1968) (2006)
22641  1  6    V 14   IV  1   VI  4    X 10   IX 29    X   152    112    177   80
22641  2          (1990)  (1969)          (1973)  (2008)       (1968) (1937)
22676  1  7    V 19   IV  3   VI 30   IX  8   IX 21    X   147    112    179   86
22676  2          (1983)  (1969)          (1968)  (2012)       (1990) (1967)
22768  1 30   IV 10   IV 22    V  4    X 15   IX  2   XI   158    118    201   73
22768  2          (2000)  (1941)          (1894)  (2008)       (1941) (2000)
22802  1 29   IV 13   IV 15    V 13    X 20   IX  6   XI   168    136    203   77
22802  2          (1989)  (1955)          (2002)  (1961)       (1966) (2011)
22820  1 30   IV 15   IV 22    V  9    X 10   IX  6   XI   163    133    196   77
22820  2          (1950)  (1958)          (1993)  (1961)       (1966) (1937)
22837  1 29   IV 11   IV 24    V 10    X 19   IX  7   XI   165    133    194   78
22837  2          (2002)  (1884)          (1977)  (1961)       (1941) (1934)
23022  1 19   VI 31    V 27   VI 30 VIII  5  VII 25   IX    73     16    116   33
23022  2          (2012)  (1952)          (1959)  (2008)       (1959) (2012)
23032  1 21   VI  9   VI 26   VI  4   IX  7  VII 26   IX    76     17    103   30
23032  2          (1993)  (1956)          (1985)  (1923)       (1982) (2001)
23058  1 14   VI  4   VI 24   VI 10   IX 27 VIII  1    X    89     64    119   23
23058  2          (2011)  (1992)          (1992)  (2011)       (1992) (2011)
23074  1 11   VI 20    V 26   VI 13   IX 23 VIII  2    X    95     65    127   48
23074  2          (1941)  (1989)          (1911)  (2011)       (1992) (2011)
23205  1  4   VI 10    V 26   VI 22   IX 24 VIII 17    X   111     66    159   74
23205  2          (2005)  (1966)          (1958)  (1981)       (1958) (2005)
23242  1 16   VI 28    V 26   VI 15   IX 12 VIII  5    X    92     50    127   47
23242  2          (2011)  (1980)          (1969)  (2009)       (1969) (2011)
23256  1 10   VI 20    V 26   VI 15   IX 24 VIII  5    X    98     73    120   54
23256  2          (1941)  (1974)          (1958)  (2009)       (1958) (1945)
23274  1  3   VI 17    V 19   VI 17   IX 28 VIII  5    X   107     79    136   67
23274  2          (2013)  (1970)          (1967)  (2009)       (1968) (2011)
23324  1  1   VI 11    V 19   VI 19   IX 30 VIII 16    X   111     84    157   54
23324  2          (2005)  (1978)          (1939)  (2003)       (1916) (2005)
23330  1  3   VI  4    V 21   VI 18   IX  3   IX 16    X   108     80    151   62
23330  2          (1897)  (1886)          (1926)  (2005)       (1926) (2005)
23383  1  4   VI 20    V 20   VI 12   IX 24 VIII  3    X   101     72    136   68
23383  2          (2011)  (1970)          (1993)  (2011)       (1968) (2011)
23405  1 22    V 22   IV 18   VI 25   IX  1   IX 17    X   127     87    160   76
23405  2          (1906)  (1969)          (1916)  (1981)       (1916) (1962)
23445  1  1   VI 12    V 19   VI 20   IX  1   IX 15    X   112     86    156   68
23445  2          (2005)  (1987)          (1968)  (2005)       (1969) (2005)
23463  1  1   VI 14    V 16   VI 16   IX 28 VIII  5    X   108     74    137   59
23463  2          (2000)  (1992)          (1967)  (2009)       (1992) (2011)
23472  1 29    V 16    V 16   VI 21   IX  6   IX 12    X   116     94    139   62
23472  2          (1999)  (1992)          (1998)  (2009)       (1992) (2009)
23552  1 31    V 14    V 19   VI 20   IX  2   IX 12    X   113     86    141   65
23552  2          (2000)  (1987)          (1968)  (1947)       (1992) (2011)
23631  1 21    V 29   IV  9   VI 23   IX  6   IX 14    X   126     96    156   84
23631  2          (1962)  (1949)          (1956)  (1988)       (1968) (1991)
23662  1 26    V  9    V 16   VI 21   IX 30 VIII 12    X   119     86    146   69
23662  2          (2003)  (1961)          (1996)  (2009)       (1974) (2011)
23678  1 22    V  3    V 11   VI 23   IX  3   IX 17    X   125     97    151   72
23678  2          (1999)  (1987)          (1968)  (2011)       (1996) (2011)
23711  1 10    V 10   IV  4   VI 26   IX  5   IX 17    X   140    110    178   84
23711  2          (1995)  (1969)          (1891)  (2005)       (1958) (1995)
23724  1 11    V 10   IV  4   VI 25   IX  5   IX 17    X   138    104    169   80
23724  2          (1995)  (1971)          (1958)  (1981)       (1969) (1991)
23734  1 13    V 11   IV  1   VI 25   IX  7   IX 16    X   136    104    168   76
23734  2          (1995)  (1946)          (1972)  (2011)       (1972) (1947)
23867  1 14    V 15   IV  3   VI 26   IX  2   IX 17    X   136    104    185   76
23867  2          (2011)  (1984)          (1968)  (2011)       (1968) (2011)
23884  1 16    V  2    V  1   VI 25   IX  5   IX 18    X   133     98    159   72
23884  2          (1999)  (1980)          (1996)  (2011)       (1996) (2011)
23891  1 18    V  3    V  1   VI 18   IX  3   IX  7    X   124     97    143   75
23891  2          (1999)  (1979)          (1968)  (2009)       (1972) (1999)
23914  1  2    V  8   IV 25    V 30   IX  9   IX 21    X   152    114    196   74
23914  2          (1991)  (1999)          (1958)  (1991)       (1958) (1991)
23921  1  1    V  5   IV 24    V 29   IX  8   IX 21    X   152    117    199   88
23921  2          (1991)  (1978)          (1996)  (1991)       (1939) (1991)
23933  1  7    V 11   IV 26    V 29   IX  9   IX 20    X   146    106    188   63
23933  2          (1951)  (1972)          (1972)  (1967)       (1972) (1967)
23955  1  9    V 15   IV  1   VI 29   IX  7   IX 18    X   144    106    186   80
23955  2          (2011)  (1979)          (1958)  (2011)       (1972) (2011)
23966  1 14    V 16   IV  4   VI 24   IX  2   IX 18    X   134     99    185   70
23966  2          (2011)  (1984)          (1968)  (2011)       (1972) (2011)
23986  1 21    V  3    V  6   VI 19   IX 25 VIII  7    X   122     86    143   59
23986  2          (1999)  (1961)          (1996)  (1948)       (1996) (1999)
24125  1 31    V 11    V 12   VI  6   IX 20 VIII 27   IX    99     81    128   68
24125  2          (2013)  (1965)          (1953)  (1948)       (1958) (2013)
24136  1 27    V  9    V 11   VI  7   IX 22 VIII 26   IX   104     81    128   75
24136  2          (2010)  (1996)          (1993)  (1988)       (1996) (2010)
24143  1 27    V 10    V 12   VI  8   IX 27 VIII 20   IX   105     80    126   65
24143  2          (2010)  (1996)          (1978)  (1949)       (1996) (2010)
24266  1 20    V  2    V  4   VI  8   IX 18 VIII 22   IX   112     80    129   67
24266  2          (2005)  (1904)          (1992)  (1932)       (1972) (2005)
24329  1 25    V  4    V 10   VI  8   IX 23 VIII 26   IX   107     81    143   55
24329  2          (2005)  (1996)          (1993)  (1988)       (1996) (2005)
24343  1 25    V  2    V  4   VI 12   IX 31 VIII 27   IX   111     94    148   61
24343  2          (2005)  (1964)          (1950)  (2005)       (1950) (2005)
24382  1 18    V  5    V  1   VI  9   IX 20 VIII 21   IX   115     95    133   72
24382  2          (1990)  (1996)          (1972)  (1980)       (1987) (1944)
24507  1 20    V  3    V  7   VI 17   IX  2   IX  4    X   121     96    142   68
24507  2          (2014)  (1987)          (1972)  (1943)       (1987) (1943)
24606  1 20    V  3    V  2   VI 13   IX 27 VIII 27   IX   117     90    138   70
24606  2          (2014)  (1962)          (1967)  (2003)       (1996) (2005)
24641  1 14    V 21   IV  4   VI 18   IX  5   IX 10    X   128    104    172   68
24641  2          (1943)  (1926)          (1957)  (1943)       (1987) (1943)
24661  1 15    V 29   IV 26    V 16   IX  5   IX 27   IX   125    108    148   58
24661  2          (2013)  (1961)          (2001)  (1943)       (2003) (2005)
24671  1 16    V  4    V  2   VI 10   IX 27 VIII 28   IX   118     96    135   69
24671  2          (2005)  (1970)          (1967)  (1983)       (1967) (1983)
24688  1 21    V  3    V  1   VI  7   IX 22 VIII 19   IX   110     92    129   65
24688  2          (2013)  (1970)          (1943)  (1953)       (1958) (2013)
24713  1 17    V  1    V 30    V 16   IX 28 VIII 28   IX   123    103    144   48
24713  2          (2013)  (2004)          (1967)  (1951)       (1967) (1966)
24738  1 11    V 21   IV 24    V 18   IX  6   IX 10    X   131    110    172   66
24738  2          (1943)  (1987)          (1966)  (1943)       (1946) (1943)
24790  1 22    V  8    V  5   VI  8   IX 22 VIII 21   IX   110     91    128   71
24790  2          (1939)  (1952)          (1943)  (1944)       (1950) (2002)
24817  1 13    V 19   IV 25    V 17   IX 28 VIII  9    X   128    103    173   71
24817  2          (1943)  (1948)          (1967)  (1943)       (1967) (1943)
24908  1 12    V 18   IV 28    V 18   IX 28 VIII  9    X   130    105    174   77
24908  2          (1943)  (1933)          (1967)  (1943)       (1968) (1943)
24959  1  9    V 23   IV 20    V 20   IX  6   IX  9    X   135    114    163   54
24959  2          (1943)  (1952)          (1915)  (1917)       (1964) (2009)
24966  1 10    V 25   IV 25    V 21   IX  1   IX  2    X   135    114    155   57
24966  2          (2000)  (1956)          (1967)  (1912)       (1964) (1994)
24967  1 10    V 24   IV 21    V 17   IX  6   IX 30   IX   131    113    150   58
24967  2          (1943)  (1952)          (2001)  (1972)       (1964) (2005)
25138  1 24    V 11    V  9   VI  5   IX 12 VIII 25   IX   105     73    130   70
25138  2          (1967)  (1982)          (1938)  (2003)       (1938) (2003)
25173  1 20   VI 13   VI 26   VI 15  VII  3  VII 17 VIII    26      8     53   13
25173  2          (1936)  (1958)          (2011)  (2002)       (2011) (2002)
25206  1 25    V 10    V 14   VI  8   IX 17 VIII 23   IX   107     72    136   80
25206  2          (1944)  (1975)          (1992)  (1944)       (1972) (1944)
25248  1  3   VI 19    V 23   VI  2   IX 21 VIII 20   IX    92     63    113   51
25248  2          (1967)  (1950)          (1963)  (2003)       (1949) (2007)
25325  1 22    V 11    V  6   VI  7   IX 18 VIII 24   IX   109     77    135   55
25325  2          (1967)  (1983)          (1992)  (2004)       (1992) (1944)
25356  1 29    V 17    V 14   VI  6   IX 19 VIII 24   IX   101     76    127   41
25356  2          (1967)  (1949)          (1961)  (1969)       (1949) (2010)
25378  1  9   VI 20    V 25   VI 12   IX 22 VIII 30   IX    96     64    126   53
25378  2          (1969)  (1985)          (1955)  (1995)       (1955) (1969)
25400  1 19    V  5    V  2   VI 13   IX  1   IX 28   IX   118     93    139   76
25400  2          (1948)  (1996)          (1950)  (1988)       (1950) (1944)
25428  1 24    V 13    V  6   VI  6   IX 18 VIII 24   IX   106     76    126   49
25428  2          (1967)  (1949)          (1992)  (2004)       (1949) (1995)
25503  1 17    V  2    V 31    V 12   IX 30 VIII 25   IX   119     92    134   52
25503  2          (1967)  (1950)          (1990)  (1980)       (1950) (1967)
25538  1 28    V 22    V  6   VI 11   IX 28 VIII 26   IX   107     90    115   26
25538  2          (2000)  (1976)          (1967)  (2003)       (1987) (1970)
25551  1 29    V 17    V 13   VI 11   IX 29 VIII 26   IX   106     81    130   35
25551  2          (1967)  (1949)          (1963)  (2008)       (1949) (2010)
25563  1 13   VI  1   VI 26   VI 12   IX 24 VIII  1    X    92     62    112   41
25563  2          (1993)  (1929)          (1933)  (1984)       (1933) (1984)
25594  1 15   VI 27    V 28   VI 15   IX 29 VIII  1    X    93     73    117   54
25594  2          (1990)  (1945)          (1948)  (1942)       (1947) (1990)
25677  1 15   VI  3   VI 26   VI 12   IX 25 VIII  1    X    90     70    112   45
25677  2          (1990)  (1987)          (1994)  (1984)       (1987) (1984)
25705  1 18    V  3    V  1   VI 14   IX 31 VIII 29   IX   120    101    135   63
25705  2          (1984)  (1963)          (1964)  (1983)       (1987) (1983)
25745  1 26    V 16    V  7   VI 17   IX  1   IX  1    X   115     94    137   45
25745  2          (1996)  (1952)          (1973)  (1984)       (1973) (1984)
25927  1 11   VI 29    V 25   VI 29   IX 15   IX 14    X   111     86    130   51
25927  2          (2011)  (1937)          (1950)  (1939)       (1950) (1939)
25932  1  7   VI 26    V 26   VI 28   IX  9   IX 17    X   114     93    141   54
25932  2          (2007)  (1954)          (1964)  (1974)       (1954) (1974)
25954  1  2   VI 20    V 13   VI 28   IX  9   IX 21    X   119     94    144   51
25954  2          (1984)  (1942)          (1965)  (1974)       (1965) (1988)
25956  1  7   VI 27    V 20   VI 24   IX  9   IX 10    X   110     91    136   41
25956  2          (1997)  (1944)          (1965)  (2014)       (1938) (2014)
26063  1 22   IV 30  III 15    V 21    X 30   IX 18   XI   183    146    221   75
26063  2          (2008)  (1935)          (1897)  (2013)       (1912) (2008)
26157  1 16   IV 30  III  2    V 27    X  4    X 18   XI   195    170    223   53
26157  2          (2008)  (1978)          (2002)  (2013)       (1997) (1983)
26275  1 15   IV 28  III  1    V 20    X 24   IX 13   XI   189    157    221   59
26275  2          (2010)  (1954)          (1939)  (1967)       (1939) (1967)
26359  1 10   IV 17  III 28   IV 22    X 30   IX 11   XI   196    165    218   63
26359  2          (1990)  (1974)          (1978)  (1967)       (1978) (1990)
26781  1 13   IV 17  III  6    V 17    X 24   IX 10   XI   188    157    222   72
26781  2          (1990)  (1965)          (1977)  (1967)       (1965) (2007)
26997  1  6   IV 17  III 28   IV 22    X 24   IX 10   XI   200    174    218   64
26997  2          (1990)  (1974)          (1977)  (2012)       (1977) (1990)
27037  1 25   IV  7   IV 20    V  6    X 18   IX  7   XI   165    125    209   86
27037  2          (2008)  (1941)          (1976)  (1961)       (1941) (2008)
27051  1 27   IV  7   IV 18    V  4    X 15   IX  2   XI   161    128    209   77
27051  2          (2008)  (1945)          (1894)  (2008)       (1941) (2008)
27333  1 20   IV 27  III 14    V 10    X 19   IX  5   XI   174    139    214   72
27333  2          (1983)  (1978)          (1977)  (1967)       (1978) (2008)
27459  1 17   IV 27  III  6    V 12    X 20   IX  5   XI   179    140    216   72
27459  2          (1983)  (1893)          (1977)  (1967)       (1941) (2008)
27595  1 17   IV 31  III 11    V 11    X 19   IX  5   XI   178    140    215   66
27595  2          (1975)  (1952)          (1881)  (1896)       (1941) (2008)
27612  1 11   IV 20  III 30   IV 20    X 23   IX 14   XI   193    158    221   78
27612  2          (2007)  (1954)          (1977)  (1954)       (1986) (2007)
27648  1 15   IV 27  III  6    V 14    X 24   IX 13   XI   183    159    216   77
27648  2          (1983)  (1893)          (1939)  (2013)       (1898) (2008)
27675  1 16   IV 27  III  6    V 12    X 23   IX  5   XI   180    142    215   71
27675  2          (1951)  (1893)          (1941)  (1896)       (1941) (2008)
27707  1 12   IV 26  III 28   IV 19    X 25   IX  9   XI   191    159    215   63
27707  2          (1983)  (1981)          (1986)  (1967)       (1986) (2008)
27823  1 14   IV 27  III 27   IV 16    X 24   IX 13   XI   186    154    215   71
27823  2          (1983)  (1974)          (1939)  (2013)       (1939) (2008)
27857  1 15   IV 24  III 30   IV 17    X 26   IX 18   XI   186    159    225   75
27857  2          (2008)  (1884)          (1881)  (2010)       (1941) (2008)
27995  1 13   IV 26  III 27   IV 18    X 27   IX 18   XI   189    159    224   69
27995  2          (2008)  (1912)          (1941)  (2010)       (1941) (2013)
28009  1 25   IV 28  III 16    V  3    X 15   IX 25    X   162    127    203   86
28009  2          (1983)  (1972)          (1973)  (1991)       (1972) (1991)
28064  1 28   IV 30  III 22    V  2    X 11   IX 22    X   158    112    199   86
28064  2          (1995)  (1972)          (1972)  (1967)       (1972) (1991)
28138  1  5    V 11   IV  4   VI 26   IX  5   IX 17    X   145    111    181   79
28138  2          (1951)  (1969)          (1956)  (1917)       (1958) (1917)
28224  1 25   IV 28  III 13    V  4    X 15   IX 26    X   163    134    204   84
28224  2          (1983)  (1918)          (1958)  (1991)       (1958) (1991)
28255  1 22   IV 30  III 14    V  4    X 16   IX 26    X   166    134    204   86
28255  2          (1951)  (1969)          (1958)  (1991)       (1958) (1991)
28275  1 28   IV  3   IV 18    V  3    X 17   IX 26    X   159    129    195   81
28275  2          (1995)  (1937)          (1958)  (1991)       (1911) (1991)
28418  1 19   IV  1   IV  8    V  8    X 20   IX 26    X   173    136    198   79
28418  2          (1983)  (1941)          (1977)  (1991)       (1941) (1991)
28434  1 23   IV  2   IV 13    V  4    X 15   IX 22    X   165    137    196   89
28434  2          (1995)  (1971)          (1958)  (2012)       (1941) (2012)
28493  1 26   IV  5   IV 18    V  4    X 15   IX 23    X   162    133    195   94
28493  2          (1995)  (1966)          (1992)  (1967)       (1958) (1997)
28552  1 18   IV 30  III  4    V  9    X 20   IX  4   XI   175    153    203   80
28552  2          (1995)  (1989)          (1976)  (2008)       (1946) (1997)
28573  1 23   IV  3   IV 15    V  6    X 17   IX 28    X   167    134    204   85
28573  2          (1995)  (1970)          (1958)  (1997)       (1969) (1997)
28666  1 21   IV  3   IV 12    V  8    X 17   IX 30    X   171    135    205   86
28666  2          (1995)  (1936)          (1958)  (1997)       (1958) (1997)
28698  1 22   IV  4   IV 13    V 10    X 19   IX 27    X   172    143    203   85
28698  2          (1995)  (1936)          (1933)  (1997)       (1946) (1997)
28704  1 15   IV 31  III  3    V 11    X 25   IX  1   XI   180    152    206   65
28704  2          (1975)  (1978)          (1986)  (1955)       (1978) (2008)
28722  1 17   IV 30  III 13    V 10    X 23   IX 31    X   177    142    206   72
28722  2          (1995)  (1918)          (1902)  (1905)       (1902) (1935)
28748  1 16   IV 30  III  4    V 10    X 20   IX 29    X   178    158    206   75
28748  2          (1995)  (1952)          (1976)  (1991)       (1998) (1983)
29111  1  4    V  3   IV 27    V  1    X 10   IX 23    X   151    106    192   74
29111  2          (1995)  (1972)          (1972)  (1967)       (1972) (2011)
29231  1  5    V  8   IV 21    V 30   IX 16   IX 18    X   149    122    193   89
29231  2          (1997)  (1940)          (1969)  (1997)       (1969) (1997)
29263  1  5    V  7   IV 29    V 29   IX  4   IX 20    X   148    113    192   80
29263  2          (1997)  (1933)          (1968)  (1928)       (1933) (2011)
29282  1  5    V 10   IV 17    V 29   IX  5   IX 18    X   148    119    189   76
29282  2          (1997)  (1948)          (1996)  (1990)       (1996) (2011)
29313  1  2    V  4   IV 23    V  1    X 16   IX 19    X   153    122    194   84
29313  2          (1995)  (1929)          (1969)  (1928)       (1969) (1997)
29328  1 30   IV  5   IV 16    V  2    X 19   IX 26    X   156    137    194   89
29328  2          (1995)  (1948)          (1984)  (1967)       (1992) (1997)
29379  1 30   IV  7   IV 11    V 29   IX  5   IX 17    X   153    120    189   89
29379  2          (1997)  (1989)          (1996)  (1990)       (1996) (1997)
29570  1 27   IV 31  III 24    V  5    X 17   IX 27    X   162    136    196   85
29570  2          (2014)  (1929)          (1920)  (1967)       (1998) (1945)
29594  1 30   IV  7   IV 20    V  2    X 15   IX 21    X   156    132    192   77
29594  2          (1997)  (1974)          (1968)  (1928)       (1974) (2011)
29612  1 25   IV  5   IV 15    V  4    X 17   IX 26    X   163    135    194   79
29612  2          (1995)  (1975)          (1992)  (1967)       (1992) (1997)
29645  1 26   IV  8   IV 12    V  5    X 21   IX 27    X   163    138    194   80
29645  2          (1997)  (1993)          (1998)  (2005)       (1998) (1997)
29752  1 18    V 20   IV  7   VI 16   IX 24 VIII 12    X   122     80    147   83
29752  2          (1967)  (1938)          (1948)  (2009)       (1938) (1945)
29789  1 14    V 24   IV  4   VI 15   IX 26 VIII 10    X   125     98    154   86
29789  2          (2007)  (1983)          (1946)  (1966)       (1983) (2007)
29866  1 21   IV 30  III  9    V  7    X 19   IX 27    X   170    147    194   75
29866  2          (2014)  (1941)          (1969)  (2005)       (1955) (2014)
29939  1 19   IV 30  III 14    V 10    X 26   IX 26    X   175    137    197   81
29939  2          (2014)  (1954)          (1955)  (1936)       (1954) (1982)
30054  1 11    V 20   IV 25    V 21   IX  7   IX  5    X   134    112    168   72
30054  2          (1943)  (1962)          (1989)  (1943)       (1987) (1943)
30089  1 10    V 23   IV 24    V 19   IX 31 VIII  3    X   133    107    163   63
30089  2          (1943)  (1987)          (1967)  (2012)       (1946) (1943)
30230  1  8    V 21   IV 21    V 23   IX  9   IX  9    X   139    122    163   67
30230  2          (1967)  (1976)          (1946)  (1948)       (1946) (1900)
30252  1  9    V 20   IV 27    V 24   IX 11   IX  6    X   139    112    159   75
30252  2          (1967)  (1962)          (1968)  (1979)       (1962) (1967)
30309  1  6    V 16   IV 26    V 29   IX  6   IX 19    X   147    122    180   73
30309  2          (1943)  (1977)          (1968)  (2011)       (1968) (1943)
30372  1 14    V 21   IV 27    V 17   IX 30 VIII 29   IX   127     99    150   79
30372  2          (1943)  (1978)          (1967)  (1945)       (1978) (1943)
30385  1  9    V 20   IV 23    V 22   IX  9   IX 10    X   137    116    172   71
30385  2          (1967)  (1954)          (1997)  (1943)       (1954) (1943)
30393  1 18    V  1    V  1   VI 14   IX 29 VIII  1    X   120    101    138   73
30393  2          (2013)  (1972)          (1966)  (1994)       (1967) (1973)
30433  1 17    V 22   IV  7   VI 29   IX 10   IX 16    X   136    109    157   82
30433  2          (1967)  (1933)          (1946)  (1945)       (1946) (1967)
30521  1  6    V 17   IV 18    V 22   IX  7   IX  8    X   140    123    160   74
30521  2          (1943)  (1977)          (1968)  (2012)       (1968) (2007)
30554  1 13    V 22   IV 27    V 17   IX  1   IX 30   IX   128    105    157   75
30554  2          (1943)  (1977)          (1996)  (1966)       (1987) (1967)
30612  1  2    V 12   IV 16    V  1    X 14   IX 17    X   153    128    179   84
30612  2          (1997)  (1982)          (1946)  (2004)       (1946) (1943)
30636  1  4    V 12   IV 21    V  1    X 15   IX 16    X   151    127    187   60
30636  2          (2011)  (1954)          (1946)  (2004)       (1946) (2011)
30650  1  9    V 25   IV 26    V 20   IX  1   IX  2    X   135    115    156   76
30650  2          (2011)  (1942)          (1996)  (2006)       (1996) (2000)
30673  1  8    V 21   IV 24    V 22   IX  9   IX  4    X   138    115    159   70
30673  2          (1967)  (1954)          (1997)  (1974)       (1954) (1967)
30710  1 28   IV  8   IV 14    V  2    X 15   IX 20    X   158    133    192   84
30710  2          (1945)  (1902)          (1904)  (2011)       (1957) (2011)
30758  1  1    V 12   IV 15    V 28   IX 12   IX 16    X   151    127    179   71
30758  2          (1939)  (1935)          (1891)  (1925)       (1946) (1925)
30777  1 29   IV 14   IV 17    V  1    X 18   IX 18    X   156    131    173   72
30777  2          (1981)  (1987)          (1968)  (1966)       (1987) (1975)
30844  1  4    V 10   IV 15    V 22   IX  8   IX  8    X   142    123    170   78
30844  2          (1945)  (1974)          (1968)  (1936)       (1989) (1945)
30879  1 30   IV 15   IV 15    V 30   IX 13   IX 16    X   154    128    175   79
30879  2          (1882)  (1931)          (1912)  (1932)       (1912) (1967)
30925  1 25   IV  3   IV 15    V  4    X 16   IX 17    X   163    133    189   68
30925  2          (1938)  (1902)          (1968)  (2004)       (1957) (2009)
30935  1  2    V 12   IV 15    V 26   IX 12   IX  9    X   148    128    172   67
30935  2          (2011)  (1974)          (1989)  (2012)       (1946) (2000)
30949  1 29   IV 12   IV 22    V 30   IX 17   IX 16    X   155    123    175   70
30949  2          (2011)  (1954)          (1968)  (1990)       (1954) (1982)
30965  1 28   IV 12   IV 14    V  1    X 18   IX 18    X   157    138    176   68
30965  2          (2011)  (1987)          (1985)  (1966)       (1962) (1949)
31004  1 17    V  1    V 29    V 17   IX 29 VIII  2    X   124    105    148   74
31004  2          (2013)  (1952)          (1996)  (1974)       (1987) (2005)
31088  1  2   VI 10    V 20   VI 30   IX 12   IX 13    X   121     95    141   40
31088  2          (2014)  (1931)          (1972)  (1936)       (1972) (1961)
31137  1 19    V 28   IV  6   VI 12   IX 31 VIII 27   IX   117     98    152   72
31137  2          (2000)  (1980)          (1967)  (2000)       (1969) (2000)
31168  1  4   VI  9    V 21   VI  5    X 19   IX 17    X   124     98    150   70
31168  2          (2002)  (1948)          (1941)  (1972)       (1940) (1934)
31174  1  6   VI 19    V 25   VI  1    X  9  VII 16    X   118     27    144   68
31174  2          (1981)  (1960)          (1953)  (1943)       (1953) (1943)
31253  1  3    V 16   IV 16    V 29   IX 15   IX 16    X   150    128    177   62
31253  2          (1939)  (1980)          (2001)  (1943)       (1980) (1943)
31329  1  9    V 19   IV 24    V 25   IX 11   IX  9    X   140    121    170   74
31329  2          (1967)  (1954)          (1997)  (2006)       (1969) (2012)
31369  1 20    V  6    V  6   VI  7    X 21   IX 23    X   141    121    157   66
31369  2          (1967)  (1942)          (1916)  (1935)       (1940) (1966)
31416  1  5    V 16   IV 28    V  5    X 20   IX 17    X   154    128    173   82
31416  2          (1967)  (1942)          (1964)  (1943)       (1940) (1998)
31439  1  8    V 18   IV 30    V  8    X 25   IX 20    X   154    133    182   72
31439  2          (1968)  (1942)          (1962)  (1943)       (1940) (2012)
31478  1 14    V 28   IV 30    V 18   IX  8   IX 29   IX   128    108    147   57
31478  2          (2001)  (1980)          (1966)  (1967)       (1987) (1996)
31707  1 17   IV  2   IV  5    V 14    X  1    X 30    X   181    160    205   70
31707  2          (1948)  (1958)          (1955)  (1995)       (1955) (1998)
31770  1 12    V 17   IV  2   VI 18    X  4    X  5   XI   160    131    184   68
31770  2          (1968)  (1937)          (1913)  (1935)       (1954) (2009)
31829  1 12    V 26   IV  5   VI 25    X 14    X 10   XI   167    136    191   69
31829  2          (1963)  (1954)          (1973)  (1968)       (1960) (1968)
31960  1 19   IV  1   IV 10    V 31    X 19    X 12   XI   196    178    221   82
31960  2          (2003)  (1971)          (2002)  (2004)       (1971) (2004)
31961  1 12   IV 30  III 26   IV 24    X 14    X  7   XI   196    180    216   63
31961  2          (1968)  (1916)          (1968)  (2005)       (1924) (2005)
31989  1 19   IV  2   IV  8    V  5   XI 20    X 19   XI   201    174    220   73
31989  2          (2003)  (1980)          (2002)  (1975)       (1980) (1993)
32027  1 28    V 13    V 13   VI 12    X  1    X 19    X   138    119    158   41
32027  2          (1968)  (1942)          (1960)  (1972)       (1960) (2012)
32061  1 10    V 17   IV 29    V 16    X 28   IX 30    X   160    137    184   74
32061  2          (1968)  (1937)          (1969)  (1954)       (1913) (2012)
32076  1  2   VI  8    V 22   VI 12    X  3    X 25    X   133    110    160   77
32076  2          (1995)  (1947)          (1978)  (2011)       (2001) (1995)
32098  1 19    V 27   IV 12   VI 18    X  4    X  8   XI   153    114    179   70
32098  2          (1967)  (1969)          (1913)  (1932)       (1969) (2009)
32099  1 13   VI 29    V 27   VI 25    X  6    X  4   XI   135    111    154   53
32099  2          (2009)  (1969)          (1968)  (1994)       (1957) (2009)
32150  1  4    V 16   IV 20    V 23    X  9    X  8   XI   173    154    202   84
32150  2          (2003)  (2005)          (1962)  (1956)       (1958) (2003)
32165  1 12    V 20   IV 13   VI 13   XI  5   XI 27   XI   186    150    210   93
32165  2          (1954)  (1960)          (1947)  (1999)       (1981) (1983)
32213  1 16   VI  5   VI 26   VI 20    X 10    X 12   XI   127    107    148   31
32213  2          (2007)  (1971)          (1968)  (1990)       (1979) (1990)
32252  1  5   VI 23    V 22   VI 29   IX 14   IX 18    X   117     90    144   56
32252  2          (1991)  (1947)          (1938)  (1997)       (1950) (1997)
32287  1 28    V  8    V 15   VI  4    X 18   IX 26    X   130    100    156   72
32287  2          (2007)  (1960)          (1950)  (1997)       (1950) (2007)
32389  1 17    V 28   IV  4   VI  5    X 20   IX 20    X   142    122    169   62
32389  2          (2012)  (1960)          (1945)  (1990)       (1955) (1939)
32477  1 27    V  5    V 14   VI  8    X 22   IX 27    X   135    111    168   71
32477  2          (2012)  (1960)          (1979)  (1952)       (1960) (2012)
32509  1 28    V 17    V 14   VI 18    X  4    X  2   XI   144    111    162   51
32509  2          (1962)  (1960)          (1955)  (2003)       (1960) (1984)
32562  1 31    V 16    V 12   VI 13    X 28   IX  1   XI   136    108    159   73
32562  2          (2014)  (1985)          (1985)  (2003)       (1985) (2014)
32618  1 10   VI 24    V 23   VI 19    X  1    X  6   XI   132    101    157   42
32618  2          (1929)  (1975)          (1942)  (2003)       (1942) (1996)
34110  1  9   IV 18  III 26   IV 22    X 24   IX 25   XI   197    172    240   60
34110  2          (1990)  (1909)          (1977)  (2010)       (1898) (2010)
34123  1  8   IV 18  III 27   IV 24    X 30   IX 26   XI   200    171    241   64
34123  2          (1990)  (1974)          (1959)  (2010)       (1939) (2010)
34152  1  8   IV 23  III 26   IV 23    X  6    X 19   XI   199    177    228   65
34152  2          (1990)  (1974)          (1975)  (2010)       (1965) (2013)
34163  1 14   IV 24  III  1    V 16    X 22   IX 18   XI   186    159    224   69
34163  2          (2008)  (1884)          (1881)  (2010)       (1898) (2013)
34186  1  9   IV 25  III 23   IV 21    X 30   IX 11   XI   196    175    223   42
34186  2          (2008)  (1952)          (1976)  (2013)       (1976) (2013)
34579  1 30  III  7  III 14   IV 29    X  8    X 18   XI   214    185    243   66
34579  2          (2002)  (1952)          (1939)  (2004)       (1939) (2002)
34720  1 27  III 10  III 14   IV 10   XI 18    X  6  XII   229    190    261   52
34720  2          (2002)  (1907)          (1908)  (1996)       (1908) (2002)
34740  1 20  III  5    I  7   IV  8   XI 21    X  7  XII   234    201    298   63
34740  2          (1953)  (1954)          (1953)  (1980)       (1987) (1948)
34866  1 23  III  1  III 14   IV  7   XI 22    X  7  XII   230    200    269   56
34866  2          (2002)  (1952)          (1945)  (1980)       (1987) (2002)
34880  1 27  III  1  III 17   IV  8   XI 11    X  7  XII   227    189    269   57
34880  2          (2002)  (1896)          (1939)  (1980)       (1908) (2002)
34927  1  8  III 18    I  6   IV 25   XI 28    X 22  XII   263    232    319   65
34927  2          (2013)  (1954)          (1951)  (1996)       (1954) (2013)
34949  1 24  III 20   II 10   IV 11   XI 22    X 30  XII   233    202    284   80
34949  2          (2002)  (1981)          (1999)  (2010)       (1987) (2010)
35011  1 11   IV 29  III 25   IV 17    X  2    X 10   XI   190    171    222   61
35011  2          (1995)  (1961)          (1978)  (2013)       (1978) (2013)
36038  1 18   IV  5   IV  6    V 13    X 20   IX  7   XI   179    151    210   61
36038  2          (1995)  (1936)          (1933)  (1932)       (1969) (1932)
36064  1 21   IV 24  III 14    V 14    X 20   IX  5   XI   177    148    224   79
36064  2          (1997)  (1936)          (1933)  (1983)       (1970) (1997)
36096  1 17   IV 31  III  4    V  3    X 19   IX 19    X   170    140    189   74
36096  2          (2014)  (1957)          (1969)  (1995)       (1957) (2014)
36229  1 23   IV 31  III 17    V  2    X 12   IX 23    X   163    134    196   75
36229  2          (2014)  (1975)          (1992)  (1936)       (1960) (1997)
36259  1  7    V 13   IV 28    V 22   IX  2   IX  8    X   139    117    169   79
36259  2          (1945)  (1954)          (1949)  (1979)       (1936) (1997)
36307  1 24   IV  6   IV  7    V  4    X 15   IX 21    X   164    139    191   80
36307  2          (2007)  (1960)          (1968)  (1997)       (1957) (1997)
37001  1 24   II  1    I 31  III 11  XII  5   XI 31  XII   291    246    357   63
37001  2          (2001)  (2003)          (1994)  (1965)       (1985) (2010)
37061  1 23  III  1  III  8   IV 12   XI 22    X 10  XII   235    202    281   62
37061  2          (2002)  (1932)          (1945)  (2008)       (1987) (2008)
37107  1 14  III 20    I 11   IV 27   XI 26    X 30  XII   259    213    332   73
37107  2          (1966)  (1945)          (1973)  (2009)       (1973) (1966)
37126  1  9    V  1   IV 29    V 15    X 21   IX  7  XII   160    120    216   75
37126  2          (1975)  (1981)          (1961)  (2010)       (1992) (2012)
37228  1 25  III 20   II 16   IV  9   XI  6    X 10  XII   230    189    286   33
37228  2          (2002)  (1912)          (1883)  (2008)       (1883) (2008)
37470  1  8  III  1    I  4   IV 11  XII 11   XI 31  XII   279    236    348   61
37470  2          (2001)  (1936)          (1993)  (1980)       (1993) (2001)
37472  1 16  III  3    I 12   IV  2  XII 30    X 31  XII   262    215    308   55
37472  2          (2011)  (1923)          (1953)  (1884)       (1900) (2011)
37663  1 26  III 23   II 19   IV 18   XI 21    X 31  XII   238    186    284   70
37663  2          (2002)  (1965)          (1977)  (2010)       (1965) (2010)
31152  1 10    V 18   IV 21    V 21   IX  6   IX  6    X   135    108    164   57
31152  2          (1968)  (2004)          (1969)  (2009)       (1969) (2009)
