20069 1   0.0   0.0   0.9   1.5   2.3   5.1   8.7   8.1   4.5   2.1   1.0   0.2
20069 2  2012  1985  2011  1990  1960  1977  1979  1961  2008  2012  2012  1991
20069 3  1947     .  1985     .     .     .     .     .     .     .     .     .
20087 1  -1.0  -1.0   0.4   1.0   3.2   8.8  12.7  10.6   4.9   1.6   0.8   0.2
20087 2  2006  1985  2011  1990  1993  1943  1985  1962  1956  2009  2001  1993
20087 3     .     .    .     .     .     .     .     .     .     .     .     .
20292 1   0.3  -0.5   0.0   6.3   8.2  12.3  24.0  21.6  13.4   5.4   0.0  -0.6
20292 2  1942  1945  1991  2011  1943  1942  1948  1982  1936  2009  2001  2011
20292 3     .     .     .     .     .     .     .     .     .     .     .     .
20476 1  -0.1  -1.0   0.0   3.6   6.8  19.6  27.7  20.9  15.3   8.3   0.0   0.2
20476 2  2012  1986  1995  2011  2011  1984  1979  1983  2008  2009  2002  1993
20476 3     .     .     .     .     .     .     .     .     .     .  1985     .
20667 1   1.0   1.4   2.1   4.8   3.8  19.1  27.1  23.9  15.3   8.5   2.2   1.1
20667 2  1934  1984  1993  1947  1954  1938  1954  1945  2008  1947  1944  1943
20667 3     .     .     .     .     .     .     .     .     .     .     .     .
20674 1  -0.3  -0.6   0.0   3.0  10.4  22.2  26.8  26.9  18.1   8.2   1.9   0.3
20674 2  2012  2012  1995  2011  1941  1943  1965  1945  2008  2009  1956  1938
20674 3     .  1986     .     .     .     .     .     .     .     .     .     .
20744 1   2.6   1.7   1.8   7.8  17.6  22.2  28.3  23.8  16.5   9.7   4.8   2.6
20744 2  1981  1984  1989  1990  1995  2011  1989  1964  2001  1944  1929  1929
20744 3     .     .     .     .     .     .  1954     .  1984     .     .     .
20891 1  -2.4   0.0   3.8   8.8  20.4  32.9  36.7  29.9  24.2  11.9   2.2   0.0
20891 2  1955  1995  2008  2011  2011  2014  1979  1965  1980  1943  1938  1993
20891 3     .     .     .    .     .     .     .     .     .     .     .     .
20982 1  -1.0   4.1  15.1  10.7  23.7  32.9  35.6  30.4  23.4  13.2   6.1   0.0
20982 2  1987  1995  1985  1997  2011  2002  1979  1940  1945  2009  1938  1999
20982 3     .     .     .     .     .     .     .     .     .     .     .  1988
21432 1  -7.2  -3.3  -4.0   0.3   6.2  20.7  25.1  20.2  11.8   1.8  -2.5  -3.1
21432 2  1957  1956  1990  1967  1943  1936  1991  1983  1971  1947  1974  1938
21432 3     .     .     .     .     .     .     .     .     .     .     .     .
21802 1  -4.6  -2.0  45.9   9.8  20.6  34.0  35.6  31.3  24.2   9.6   0.3  -2.0
21802 2  1942  1999  2000  2011  2013  1936  1979  1965  1980  1947  1938  1993
21802 3     .     .     .     .     .     .     .     .     .     .     .     .
21908 1  -0.4  -0.2   4.4  14.8  25.4  35.0  34.4  32.0  25.4  16.8   5.4   0.0
21908 2  2008  1940  2011  2011  2011  1959  1979  1965  1980  1962  1975  1993
21908 3     .     .     .     .     .     .     .     .     .     .     .     .
21921 1  -6.8  -8.0   8.8   9.2  25.7  31.8  34.3  31.0  22.1   8.8  -1.4  -4.4
21921 2  2009  1990  1968  2011  2013  1935  1937  1983  1980  1932  1975  1983
21921 3     .  1972     .     .     .     .     .     .     .     .     .     .
21931 1  -8.0  -2.2  -0.1   8.3  26.6  33.2  35.3  30.7  22.6   6.3   0.5  -7.1
21931 2  1993  1940  1975  2011  1981  1959  1992  1983  1980  1972  2012  1975
21931 3     .     .     .     .     .     .     .     .     .     .     .     .
21946 1  -8.0 -11.1  -3.4   4.9  22.8  30.0  31.6  29.3  20.6   6.1   0.0  -8.0
21946 2  1994  1968  1975  1997  1981  1964  1952  1952  1980  1958  1991  2000
21946 3     .     .     .     .     .     .     .     .     .     .     .     .
21982 1   1.5  -0.2   0.2   2.5   9.6  17.4  18.2  16.7  11.9   5.3   1.8   2.0
21982 2  1962  2006  1971  2009  1927  1927  1927  1936  1988  1959  1996  2007
21982 3     .     .     .     .     .     .     .     .     .     .     .     .
22113 1   7.0   6.6   9.0  16.9  29.4  30.8  32.9  29.1  24.2  15.0   9.6   7.2
22113 2  1949  2004  1948  2002  2013  1939  1972  1945  1938  2005  1975  1997
22113 3     .     .     .     .     .     .     .     .     .     .     .     .
22165 1   4.0   2.9   2.4   8.7  19.7  26.2  30.5  27.5  20.4  12.2   7.1   8.2
22165 2  1965  1921  1968  1936  1995  1921  1943  1941  1925  1974  1961  1920
22165 3     .     .     .     .     .     .     .     .     .     .     .     .
22217 1   7.5   8.0  12.2  18.9  27.2  31.4  31.6  29.8  22.1  14.7  11.4   8.0
22217 2  1971  1972  2007  1921  1984  1974  1945  2003  1968  2005  1975  2007
22217 3     .     .     .     .     .     .     .     .     .     .     .     .
22235 1   4.6   5.1   9.3  17.1  27.9  31.7  33.9  31.7  24.1  13.7   8.4   6.4
22235 2  1964  2004  2007  2001  2013  1974  1972  1972  1938  2005  1957  1997
22235 3     .     .     .     .     .     .     .     .     .  2000     .     .
22471 1   5.0   4.8   9.3  22.8  29.9  32.1  35.0  32.6  26.2  17.3   9.5   4.0
22471 2  1929  1976  1920  2001  2000  1947  1972  1930  1992  1974  1957  2006
22471 3     .     .     .     .     .     .     .     .     .     .     .     .
22520 1   8.7   6.5  12.0  19.6  29.2  31.1  32.6  31.8  25.6  16.6  11.4   6.9
22520 2  1971  1976  2007  1921  2014  1988  2010  2003  1992  2005  2005  2006
22520 3     .     .     .     .     .     .     .     .     .  2000     .     .
22550 1   5.0   5.2  12.1  25.3  31.7  33.0  34.4  32.5  27.2  18.3  10.1   5.8
22550 2  1971  1998  2007  2001  2014  2013  1972  1920  1963  1974  1957  2006
22550 3     .     .     .     .     .     .     .     .     .     .     .     .
22619 1   7.4   6.5  13.2  21.2  30.8  31.0  32.4  31.1  27.0  18.6  10.9   7.3
22619 2  1971  1990  2007  2000  2014  1956  2010  2010  1963  2005  2011  2006
22619 3     .     .     .  1999     .     .     .     .     .     .     .     .
22641 1   6.1   5.3  13.4  25.9  32.0  32.9  35.8  34.4  27.4  19.8  11.1   7.7
22641 2  1973  2014  2007  2001  2014  1948  1972  2010  1963  2005  1957  2006
22641 3     .     .     .     .     .     .     .     .     .     .     .     .
22676 1   4.5   4.0  12.4  25.4  31.7  33.3  36.0  33.7  26.9  20.9  12.3   5.4
22676 2  1971  2014  2007  2001  1944  1998  1972  2010  1995  1974  2011  2006
22676 3  1932     .     .     .     .     .     .     .     .     .     .     .
22768 1   5.1   6.8  13.6  26.9  31.7  35.6  35.2  35.7  29.0  20.6  12.7   5.9
22768 2  1971  2014  2007  1950  2014  1998  1954  2010  1963  2005  2013  2006
22768 3     .     .     .     .     .     .     .     .     .     .     .     .
22802 1   7.0   8.8  15.0  25.0  28.4  32.0  35.4  34.0  27.0  18.4  11.4   9.4
22802 2  1914  1990  1990  1921  1961  1999  2010  1917  1938  2000  2011  2006
22802 3     .     .     .     .     .  1917     .     .     .     .     .     .
22820 1   6.0   7.3  15.5  24.2  33.0  31.7  33.9  32.4  26.0  21.3  11.1   9.4
22820 2  1898  1990  2007  2000  2014  1939  2010  2010  1932  2005  2005  2006
22820 3     .     .     .     .     .     .     .     .     .     .     .     .
22837 1   6.2   6.3  15.8  26.6  33.5  33.9  35.7  35.6  28.3  21.5  12.1   9.7
22837 2  2007  1997  2007  2001  2014  1998  2010  1972  1938  2005  1957  2006
22837 3     .  1990     .     .     .     .     .     .     .  1999     .     .
23022 1   1.6   1.7   3.5   7.6  20.3  28.0  31.8  28.8  20.5  11.7   3.4   4.9
23022 2  1972  1972  1995  1955  2011  1945  1990  1942  1940  1947  1934  1947
23022 3  1966     .     .     .     .     .     .     .     .     .     .     .
23032 1   1.2   1.1   4.3   5.4  15.0  24.0  29.5  25.7  18.9  10.7   4.5   1.1
23032 2  1972  1984  2008  1995  2011  1941  1990  1942  1931  1947  2007  1953
23032 3     .     .     .     .     .     .     .     .     .     .     .     .
23058 1  -0.2   0.9   1.0   3.4  11.7  30.0  32.4  26.4  20.8  10.2   1.5   0.5
23058 2  2007  1984  2008  2011  2011  1977  1990  2000  2005  2009  2005  2007
23058 3     .     .     .     .     .     .     .     .     .     .     .     .
23074 1  -0.3  -0.6   4.2   8.8  26.5  31.2  32.3  30.0  24.5  12.3   2.7   0.7
23074 2  2007  1980  1995  1997  2011  2002  1991  1945  2008  2009  1938  1969
23074 3     .     .     .     .     .     .     .     .     .     .     .     .
23205 1   4.7   2.8   7.7  14.2  27.8  33.4  33.9  33.1  23.9  17.2   6.5   6.8
23205 2  1930  1997  2008  1995  1991  1945  1990  1940  1965  1974  2005  1929
23205 3     .     .     .     .     .     .     .     .     .     .     .     .
23242 1   0.6   1.4   7.1   6.1  17.6  29.6  32.8  26.3  22.5  13.7   3.6   0.7
23242 2  2008  1980  1973  1995  2011  1955  1968  1945  2009  1974  2007  1953
23242 3  2007     .     .     .     .     .     .     .     .     .     .     .
23256 1   0.3   0.8   3.7   7.1  28.0  31.5  33.0  29.5  25.4  15.9   3.1   3.2
23256 2  2007  1995  2008  1997  1953  1955  1990  2001  2008  2009  2010  1974
23256 3     .     .     .     .     .     .     .     .     .     .     .     .
23274 1   1.2   0.7   6.5  13.0  27.8  33.6  34.0  31.3  24.8  14.6   3.1   1.0
23274 2  2007  1980  2008  1997  2011  2002  2013  1945  1945  2009  1938  1969
23274 3     .     .     .     .     .     .     .     .     .     .     .     .
23324 1   2.0   7.8  10.7  17.0  29.5  33.4  36.0  31.7  25.5  19.5   6.0   4.5
23324 2  1995  1972  2008  1995  1991  1955  2002  1953  1957  1974  1967  1981
23324 3  1975     .     .     .     .     .     .     .     .     .     .     .
23330 1   3.5   2.0   5.4  15.5  24.5  31.6  32.9  29.9  24.8  18.2   5.2   4.1
23330 2  2008  1896  1951  1995  1991  2012  1990  1946  2009  1974  1967  2006
23330 3     .     .     .     .     .     .     .     .     .     .     .     .
23383 1  -0.7  -0.2   5.1  12.9  27.2  33.0  34.5  30.9  23.8  13.3   2.9  -0.1
23383 2  2007  1940  1961  2011  2003  1979  1999  1970  2008  1967  1978  1979
23383 3     .     .     .     .     .     .     .     .     .     .     .     .
23405 1   3.1   3.6  12.1  24.1  30.9  34.4  33.6  32.3  26.1  18.9   9.2   3.8
23405 2  1975  1997  1951  2001  2010  1912  1972  1930  1957  1974  2013  2006
23405 3     .     .     .     .     .     .     .     .     .     .     .     .
23445 1   1.7   1.0  10.6  20.7  29.6  35.0  34.7  32.6  25.7  17.0   7.0   2.0
23445 2  1995  1962  2008  1995  1991  1955  1990  2001  2009  2009  1967  1971
23445 3     .     .     .     .     .     .     .     .     .     .     .     .
23463 1   1.4   0.6  12.0  17.0  31.4  36.3  36.2  32.1  30.2  17.2   3.5   1.6
23463 2  2007  1980  2008  2011  2011  2003  2013  2001  2008  2009  2013  1969
23463 3     .     .     .     .     .     .     .     .     .     .     .     .
23472 1   0.5   0.8   8.7  15.6  27.7  33.2  35.5  31.1  24.4  16.9   2.6   1.1
23472 2  1995  1963  1995  1984  1953  2002  1968  2001  1945  1967  1978  1975
23472 3     .     .     .     .     .     .     .     .     .     .     .     .
23552 1   1.6   1.8   7.4  15.1  30.0  34.1  35.6  31.6  26.3  17.5   5.3   2.0
23552 2  2007  1940  1966  2011  2001  1955  1963  2001  2008  2009  1967  1969
23552 3     .     .     .     .     .     .     .     .     .     .     .     .
23631 1   2.0   5.0  10.5  23.7  30.2  33.2  33.6  32.6  26.0  19.6   8.1   2.6
23631 2  1932  2004  1951  1995  1991  1955  1982  1998  1995  1974  1967  1976
23631 3     .     .     .     .     .     .     .     .  1917     .     .  1953
23662 1   1.6   2.2  12.2  17.6  32.7  39.7  36.7  32.7  25.8  18.8   4.8   3.0
23662 2  1995  1963  2008  1951  1955  1994  1956  2001  2008  2009  2002  1975
23662 3     .     .     .     .     .     .     .  1998     .     .     .     .
23678 1   0.7   4.1  11.4  18.4  31.0  34.9  35.3  31.2  25.7  19.0   5.6   3.3
23678 2  1992  1963  1995  1997  1999  1983  1968  1998  1984  1967  1938  1975
23678 3     .     .     .     .     .     .     .     .     .     .     .     .
23711 1   3.7   3.4  14.0  24.0  37.7  34.5  34.5  34.7  28.8  22.7   9.4   3.7
23711 2  1955  2014  1951  2001  2010  1963  1972  1972  1917  1974  1933  2006
23711 3     .     .     .  1967  1944  1918     .     .     .     .     .     .
23724 1   4.0   5.7  16.4  25.2  32.2  36.2  35.0  34.2  28.2  21.6   9.1   5.0
23724 2  1955  2004  1951  1967  1952  1955  2004  2010  1995  1974  2008  1976
23724 3     .     .     .     .     .     .     .     .     .     .     .     .
23734 1   3.0   4.0  13.2  23.6  31.3  33.1  34.9  31.8  26.1  19.2   7.8   2.5
23734 2  1932  1911  1966  1995  1952  1989  1974  2010  1957  1974  1967  1960
23734 3     .     .     .     .     .     .     .     .     .     .     .     .
23867 1   2.1   4.0  13.1  21.4  31.9  34.5  34.6  32.7  28.1  19.1   6.8   3.6
23867 2  1948  1932  1951  2010  1955  2012  2007  1998  2003  2009  1967  1975
23867 3     .     .     .     .     .     .     .     .     .     .     .     .
23884 1   1.6   4.4  14.5  22.4  33.6  35.0  36.1  33.0  26.9  21.6   7.2   3.6
23884 2  1948  1978  2008  2010  1999  1983  1999  2001  1984  1967  1938  1979
23884 3     .     .     .     .     .     .     .     .     .     .     .     .
23891 1   0.1   3.0  12.3  21.4  32.1  36.4  38.9  33.4  26.1  19.4   5.5   3.7
23891 2  1948  1963  2008  1939  1955  1972  1963  1964  1981  1943  1963  1979
23891 3     .     .     .     .     .     .     .     .     .     .     .     .
23914 1   3.3   4.1  12.7  24.0  32.0  36.4  33.8  34.7  28.5  19.6   9.3   5.3
23914 2  1955  1970  2007  2010  1952  1959  2010  1920  1957  1923  2013  2008
23914 3     .     .     .     .     .     .     .     .     .     .     .     .
23921 1   5.0   9.0  16.9  26.6  34.3  35.1  35.1  34.8  30.3  23.4  10.2   6.2
23921 2  1995  2004  1951  1977  1952  1955  1940  2010  1995  1991  2007  1992
23921 3     .     .     .     .     .     .     .     .     .     .     .     .
23933 1   2.7   4.5  13.0  25.1  34.5  34.5  34.5  31.4  27.3  20.4   8.7   3.1
23933 2  1948  2004  1951  1995  1952  1955  1957  1949  1982  1991  1967  1981
23933 3     .     .     .     .     .     .     .     .     .     .     .     .
23955 1   2.2   4.6  12.7  23.3  33.5  33.2  34.9  33.1  29.8  21.8   7.6   3.9
23955 2  1995  1962  1951  1943  1952  1983  1969  1998  1988  1936  1955  1979
23955 3     .     .     .     .     .  1978     .     .     .     .     .     .
23966 1   2.2  11.1  14.0  21.2  32.6  39.9  36.9  31.3  28.9  19.8   6.4   2.9
23966 2  1948  1967  2008  1974  1955  1976  1999  1982  1952  1947  1978  1975
23966 3     .     .     .     .     .     .     .     .     .     .     .     .
23986 1  -1.0   3.3  16.6  19.0  30.3  32.6  33.7  31.4  25.6  18.7   4.9   2.5
23986 2  1997  1963  2008  2011  1999  2006  1968  1965  1966  1943  1978  1979
23986 3     .     .     .     .     .     .     .     .     .     .     .     .
24125 1  -6.0  -1.0   5.2  14.1  25.4  34.5  35.7  33.2  25.1  11.4   4.1  -0.2
24125 2  1999  1963  2011  2011  1937  2014  1936  1962  1944  1949  1975  1979
24125 3     .     .     .     .     .     .     .     .     .  1943     .     .
24136 1  -5.7  -1.0   6.4  15.8  27.3  34.4  35.7  33.7  25.9  10.9   3.6  -1.0
24136 2  1942  1940  2011  1965  1945  1959  1999  1963  1986  1943  1978  1979
24136 3     .     .     .     .     .     .     .     .     .     .     .     .
24143 1 -11.7  -4.2   6.3  11.8  28.3  31.1  36.7  31.4  22.7   7.7   0.6  -8.2
24143 2  1979  1940  1937  2011  2013  2005  1937  1983  1980  1951  2012  1979
24143 3     .     .     .     .     .     .     .     .     .     .     .     .
24266 1  -9.0  -0.3   4.5  14.3  28.1  34.0  37.3  33.7  25.1  14.5   1.1  -5.3
24266 2  1997  1940  1975  1943  1981  1990  1988  1969  1934  1949  1975  1979
24266 3     .     .     .     .     .     .     .     .     .     .     .     .
24329 1  -2.9  -1.3   7.4  15.4  28.3  33.2  35.5  32.8  27.1  14.8   4.0   0.0
24329 2  2007  1963  2008  1951  1999  2000  2011  2012  1986  1967  1978  2003
24329 3     .     .     .     .     .     .     .     .     .     .     .     .
24343 1 -11.4 -10.0   6.5  11.9  31.4  32.5  34.6  30.6  24.0  12.7   1.7 -10.4
24343 2  1957  1999  2011  1997  1980  1986  1937  1983  1986  1951  2012  1942
24343 3     .     .     .     .     .     .     .     .     .     .     .     .
24382 1  -5.0  -3.8   3.7  11.5  28.5  34.6  37.8  34.3  26.6  15.2   2.7  -6.9
24382 2  1995  1967  1960  1984  2010  1973  2010  1969  2000  1996  2012  1951
24382 3     .     .     .     .     .     .     .  1952     .     .     .     .
24507 1  -1.2   3.3   9.3  18.5  31.3  37.6  38.8  32.6  25.8  13.9   6.5   3.0
24507 2  2007  1963  1981  2010  1999  1979  1994  2001  1986  2011  1978  1979
24507 3     .     .     .     .  1990     .     .     .     .     .     .     .
24606 1  -1.6   2.5  11.8  18.7  34.1  35.1  35.6  32.0  28.3  18.0   6.0   3.1
24606 2  1992  1963  1981  1967  1999  1980  1994  1986  1966  1967  1975  1983
24606 3     .     .     .     .     .     .     .     .     .     .  1963     .
24641 1  -0.4  -2.0  10.1  23.6  30.3  36.1  37.4  36.0  27.7  18.0   3.7  -2.0
24641 2  1979  1998  2011  1980  1990  1956  1980  1969  1955  1943  2013  2003
24641 3     .     .     .     .     .     .     .     .     .     .     .  1989
24661 1  -2.1  -2.0  11.5  21.8  28.6  34.0  35.9  35.6  25.2  11.4   3.4  -3.8
24661 2  1980  1995  1968  1966  1948  1959  2011  1969  1940  1951  2012  2007
24661 3     .     .     .     .     .     .     .     .     .     .     .     .
24671 1  -9.3 -10.9   3.9  13.0  26.9  34.7  36.8  35.6  24.4   8.8   1.0  -9.7
24671 2  1980  1957  2001  1974  1981  1986  2001  2011  1986  1968  2012  1951
24671 3     .     .     .     .  1974     .     .     .     .     .     .     .
24688 1 -16.4 -12.5   2.0  11.7  26.2  31.1  34.6  32.9  23.7  11.0  -2.0  -6.5
24688 2  1938  2014  1952  1984  1971  1966  2010  2011  2000  1954  2006  1980
24688 3     .     .     .     .     .     .     .     .     .     .     .     .
24713 1  -0.3   1.0  10.5  19.4  32.0  33.2  36.1  33.2  27.4  19.0   5.2   0.9
24713 2  1979  1963  2008  1943  1999  1970  1999  2002  1984  1967  1963  1983
24713 3     .     .     .     .     .     .     .  1954     .     .     .     .
24738 1   1.5   2.1  11.7  19.7  31.1  35.5  37.8  34.2  27.6  19.5   6.0  -0.9
24738 2  1979  1963  2008  1997  1981  1995  2008  1957  1939  1943  1975  1939
24738 3     .     .     .     .     .     .     .     .     .     .     .     .
24790 1  -5.2  -1.6   0.2  12.1  26.1  32.0  35.0  33.0  24.4  11.3   2.1  -3.6
24790 2  1980  2014  2007  2000  2008  2009  2010  2011  2000  1996  2006  1996
24790 3     .     .     .     .     .     .     .     .     .     .     .     .
24817 1   0.2   3.6  11.2  20.3  33.9  34.9  35.8  34.1  30.4  20.1   6.2   3.4
24817 2  1979  1963  1990  1943  1999  1980  1994  1969  1944  1967  1978  1990
24817 3     .     .     .     .     .     .     .     .     .     .     .     .
24908 1   1.3   5.3  13.8  20.7  33.9  35.2  35.7  34.8  29.6  19.2   6.9   1.7
24908 2  1979  1963  2008  1967  1999  1969  1994  2002  1966  1967  1963  1958
24908 3     .     .     .     .     .     .     .     .     .     .     .     .
24959 1  -5.8  -2.0  12.4  21.1  31.1  35.1  38.4  35.4  27.0  18.6   3.9  -3.9
24959 2  1979  2002  1965  1943  1971  1998  2011  1954  1934  1943  2012  1951
24959 3     .  1998     .     .     .     .     .     .     .     .     .     .
24966 1  -5.5  -2.0   8.9  17.8  29.7  35.3  36.3  34.6  26.2  17.0   5.8  -1.0
24966 2  2012  1998  1948  1968  1990  1970  1942  2011  1989  1910  2012  1975
24966 3     .     .     .     .     .     .     .     .     .     .     .     .
24967 1  -5.0  -1.0  10.1  19.3  31.1  36.8  38.8  36.7  27.1  18.1   6.6  -2.0
24967 2  1948  2002  1990  1952  1971  1980  1942  2011  1944  1943  2013  2003
24967 3     .     .     .     .     .     .     .     .     .     .     .     .
25062 1   9.5   2.5   6.5   9.1  12.1  24.5  28.1  25.5  18.0  12.1   5.2   6.0
25062 2  1956  1962  1954  1990  2009  1989  1952  1974  2009  1944  1992  1964
25062 3     .     .     .     .     .     .     .     .     .     .     .     .
25138 1   5.3   2.7   5.9  12.0  25.5  33.2  35.1  32.7  24.6  14.9   6.4   7.6
25138 2  1956  1940  1954  1934  2007  1966  1991  1976  2009  1944  1953  1955
25138 3     .     .     .     .     .     .     .     .     .     .     .     .
25173 1   9.8   5.2   8.9   8.1  16.1  28.3  30.0  27.5  22.7  11.9   8.6   6.9
25173 2  1956  1938  2003  1990  1970  1966  1953  1974  2009  1944  1966  1955
25173 3     .     .     .     .     .     .     .     .     .     .     .     .
25206 1  -4.3  -3.0   2.9  14.6  28.4  33.5  36.7  32.2  25.7  13.6   5.1  -4.7
25206 2  2012  1995  1930  1965  2010  1936  2010  1991  1934  1956  2006  1955
25206 3     .     .     .     .     .     .     .     .     .     .     .     .
25248 1   2.4   1.4   3.8   8.5  20.1  30.7  34.1  29.4  22.1  13.2   2.9   4.2
25248 2  1971  1966  2011  2013  2007  1966  2001  1976  2009  1944  1944  1955
25248 3     .     .     .     .     .     .     .     .     .     .     .     .
25282 1   3.1   0.8   3.1   3.7  13.7  23.8  27.5  27.4  19.4   9.5   3.3   5.7
25282 2  1953  1989  1989  2013  2006  1959  1960  1974  2009  1944  1996  1955
25282 3     .     .     .     .     .     .     .     .     .     .     .     .
25325 1   4.2   0.6   7.1  10.9  25.6  32.4  34.2  30.4  24.6  14.4   4.1   5.2
25325 2  1956  1995  1954  1962  2007  1956  2003  1991  2009  1944  1996  1955
25325 3     .     .     .     .     .     .     .     .     .     .     .     .
25356 1   3.8   2.8   3.4   7.2  21.2  32.4  33.3  28.9  24.8  13.5   4.2   4.0
25356 2  1962  1962  1954  2002  2008  1981  1981  2002  2009  1963  1991  2007
25356 3     .     .     .     .     .     .     .     .     .     .     .     .
25378 1   7.6   5.1   5.8   5.6  17.5  26.2  25.7  26.7  19.4   9.5   7.9   9.5
25378 2  1959  1958  1954  2013  2002  1991  2005  1997  1996  1954  1991  1998
25378 3     .     .     .     .     .     .     .     .     .     .     .     .
25399 1   7.3   5.6   3.9   6.4  10.5  19.9  24.6  22.0  16.3  10.3   9.0   6.6
25399 2  1963  2007  1989  2005  2006  2002  1960  1991  1991  1954  2003  2007
25399 3     .     .     .     .     .     .     .     .     .     .     .     .
25400 1  -8.2  -4.9   4.0  13.7  27.5  33.8  36.8  33.0  26.5  15.0   4.6  -4.7
25400 2  1984  2014  1960  1970  1973  1938  2010  2003  2009  1996  1935  1980
25400 3     .     .  1943     .     .     .     .     .     .     .     .     .
25428 1   0.3   0.0  26.5   9.7  24.2  31.8  32.6  31.2  25.3  15.0   5.5   6.2
25428 2  2012  1995  1994  2013  2008  1991  2001  1991  1989  1963  1946  1955
25428 3     .  1985     .     .     .     .     .     .     .     .     .     .
25503 1 -11.4  -7.6   5.0  14.4  28.9  33.6  36.7  31.5  26.7  15.6   6.0  -2.3
25503 2  1956  1943  2004  2013  1971  1949  2001  1991  2009  1996  2006  1996
25503 3     .     .     .     .     .     .     .     .     .     .     .     .
25538 1   1.5   0.2   3.5  11.1  23.8  30.7  32.3  30.3  22.0  10.0   8.5   4.3
25538 2  1971  1972  1954  1977  2008  1956  1976  1991  1995  1947  1966  1955
25538 3  1950     .     .     .     .     .     .     .     .     .     .     .
25551 1   5.2   3.8   4.6   7.2  21.2  32.4  33.3  28.9  23.3  14.6   6.2   9.2
25551 2  1956  1966  1954  1901  2008  1981  2000  2002  2009  1963  1926  1937
25551 3     .     .     .     .     .     .     .     .     .     .     .     .
25563 1   5.8   2.7   3.0   9.5  13.6  26.5  30.0  26.6  17.5  15.6   4.6   4.3
25563 2  1963  1933  1981  1964  2009  1967  1956  1932  1930  1963  1971  1937
25563 3     .     .     .     .     .     .     .     .     .     .     .     .
25594 1   7.1   5.1   3.7   6.6  15.2  24.9  25.3  26.9  19.1  12.0   7.5   5.3
25594 2  1963  1994  1954  1997  2002  2002  1993  2005  1991  1944  1985  2007
25594 3     .     .     .     .     .     .     .     .     .     .     .     .
25677 1   7.7   5.3   5.3   6.7  14.2  24.7  28.3  27.5  18.3  15.3   5.4   5.9
25677 2  1962  1957  1989  1945  1970  1967  1953  1983  2009  1963  1950  1955
25677 3     .     .     .     .     .     .     .     .     .     .     .     .
25705 1 -15.2  -4.4   3.9  14.4  27.6  34.3  36.0  35.6  28.5  16.5   7.2   0.0
25705 2  1997  1995  1975  2002  1971  1991  2010  2011  1970  1963  2006  1994
25705 3     .     .     .     .     .     .     .     .     .     .     .     .
25745 1   6.8   6.5   6.1   8.2  21.0  29.5  30.6  31.4  21.0  15.2   6.4   7.4
25745 2  1956  2014  1966  2013  2010  2007  2000  2010  1997  1963  1966  1955
25745 3     .     .     .     .     .     .     .     .     .     .     .     .
25927 1   0.3   1.1   1.5   5.7  21.5  28.9  30.4  32.3  24.1  12.0   8.0   3.5
25927 2  1954  2014  1939  1959  2008  1957  2009  2001  1970  1997  2006  1955
25927 3     .     .     .     .     .     .     .     .     .     .     .     .
25932 1   4.1   2.3   6.8   8.2  18.0  24.6  26.4  25.2  20.2  11.5   6.9   4.6
25932 2  1963  1976  1967  1990  2007  1957  1991  1981  2005  1996  2003  1955
25932 3     .     .     .     .     .     .     .     .     .     .     .     .
25954 1   5.8   7.2   5.0   8.7  19.5  26.4  29.7  27.1  18.9  13.4   6.0   7.3
25954 2  1943  1957  1981  2012  2011  1981  2010  2009  1944  1939  1964  1955
25954 3     .     .     .     .     .     .     .     .     .     .     .     .
25956 1   4.8   5.1   4.2   7.8  15.7  23.0  25.3  24.6  20.2  11.9  10.0   5.2
25956 2  1956  1938  1966  2013  2010  1990  1983  1981  1939  1954  1955  1937
25956 3     .     .     .     .     .     .     .     .     .     .     .     .
26063 1   8.7  10.2  14.9  25.3  33.0  34.6  35.3  37.1  30.4  21.0  12.3  10.9
26063 2  2007  1989  2007  2000  2014  1998  2010  2010  1992  1889  1967  2006
26063 3     .     .     .     .     .     .     .     .     .     .     .     .
26157 1   7.5   9.5  17.7  26.1  32.5  31.3  33.4  34.8  30.0  20.7  12.3  10.2
26157 2  2007  1990  2007  2000  2014  1940  2010  2010  1992  1981  1930  2006
26157 3     .     .     .     .     .     .     .     .     .     .     .     .
26275 1  10.2  10.9  18.3  26.4  32.6  34.0  35.4  36.4  31.2  24.0  13.6  10.5
26275 2  2007  1990  2007  1950  2014  1998  2010  2010  1992  1966  1962  2006
26275 3     .  1989     .     .     .     .     .     .     .     .     .     .
26359 1  10.0  10.6  17.5  26.1  32.5  33.6  34.5  36.3  29.4  23.5  15.2  10.9
26359 2  2007  1990  2014  1950  2014  1998  2006  2010  1938  1999  1968  2006
26359 3     .     .     .     .     .     .     .     .     .     .     .     .
26781 1   9.3   9.0  19.4  28.0  30.6  32.4  34.5  37.2  29.5  24.8  13.9   9.0
26781 2  2007  1990  2014  2012  2014  1921  2010  2010  1944  1999  1967  2009
26781 3     .     .     .     .     .     .     .     .     .     .     .  2008
26997 1   8.0  12.0  20.8  28.9  32.0  33.7  37.6  38.7  30.4  26.4  17.5  10.6
26997 2  2005  2008  2014  2012  2014  1998  2010  2010  2008  1999  2013  2008
26997 3     .     .     .     .     .     .     .     .  1938     .     .     .
27037 1   5.3   5.6  16.4  26.8  30.6  33.1  34.5  38.6  28.8  22.8  13.5   8.5
27037 2  2007  1990  2007  2000  2007  1998  1981  1972  1963  1999  2013  2006
27037 3     .     .     .     .     .     .     .     .     .     .     .     .
27051 1   4.5   9.2  15.3  27.1  31.0  34.0  36.9  35.2  28.2  22.5  12.6   7.4
27051 2  2007  1976  2007  1950  1957  1918  1888  2010  1963  1974  2013  2008
27051 3     .     .     .     .     .     .     .     .     .     .     .     .
27333 1   6.6   6.5  17.9  27.6  31.9  32.9  37.1  37.3  30.2  22.6  13.8   9.4
27333 2  2007  1989  2007  1950  2007  2013  2010  1936  1938  1966  2013  2008
27333 3     .     .     .     .     .     .  1938     .     .     .     .     .
27459 1   5.7   7.0  17.3  26.3  32.5  36.3  38.2  38.0  31.0  24.2  13.8   8.5
27459 2  2007  1998  2007  1970  1921  1948  2010  2010  1909  1991  2013  2008
27459 3     .     .     .     .     .     .     .     .     .     .     .     .
27595 1   4.5   5.2  14.0  29.5  33.5  36.6  38.9  39.0  32.3  20.8  15.0   6.1
27595 2  2007  1998  2007  1950  2007  1954  2010  2010  1951  1927  1927  2008
27595 3     .     .     .     .     .     .     .     .     .     .     .     .
27612 1   8.6   8.3  19.7  28.9  33.2  33.9  38.2  37.3  29.4  23.6  16.2   9.6
27612 2  2007  1989  2014  2012  2007  1998  2010  2010  1992  1966  2013  2008
27612 3     .     .     .     .     .     .     .     .     .     .     .     .
27648 1   5.8   7.3  18.0  26.6  34.2  36.6  38.3  39.3  33.6  24.2  15.5   8.5
27648 2  2007  1989  2014  2012  2007  1991  2010  2010  1890  1991  2013  2009
27648 3     .     .     .     .     .     .     .     .     .     .     .     .
27675 1   6.1   9.0  16.4  29.9  34.1  37.4  40.0  40.4  32.2  25.0  16.1   7.2
27675 2  1971  1900  1983  1950  1921  2010  2010  2010  1995  1991  1927  2008
27675 3     .     .     .     .     .     .     .     .     .     .     .     .
27707 1   7.6   8.1  19.3  28.6  30.7  32.3  37.2  37.8  28.5  24.9  17.1   8.4
27707 2  2007  1990  2014  2012  2007  1991  2010  2010  1968  1966  2013  2008
27707 3     .     .     .     .     .     .     .     .     .     .     .     .
27823 1   5.1   8.3  16.3  29.3  33.0  36.1  39.4  39.1  31.4  24.4  15.6   8.6
27823 2  2007  1990  2007  2012  2007  1954  2010  2010  1944  1999  2013  1976
27823 3     .     .     .     .     .     .     .     .     .     .     .     .
27857 1   6.7   8.3  17.9  30.4  35.2  38.2  41.1  40.7  33.8  26.2  15.1  10.1
27857 2  2007  1990  2007  1950  2007  1924  2010  2010  2010  1991  1932  2012
27857 3     .     .     .     .     .     .     .     .     .     .     .     .
27995 1   5.1   6.5  19.6  32.4  35.8  40.0  41.0  42.5  35.2  27.7  16.7   7.5
27995 2  2007  1990  2008  1950  2007  1998  2010  2010  2003  1936  1926  1979
27995 3     .     .     .     .     .  1975     .     .     .     .     .     .
28009 1   3.0   4.6  14.0  28.0  32.0  35.0  36.5  36.0  29.6  23.1  10.0   6.0
28009 2  1955  1990  1951  1950  1944  1954  2010  2010  1995  1974  2006  2008
28009 3     .     .     .     .     .     .     .     .     .     .     .     .
28064 1   3.4   8.3  15.2  29.0  33.8  36.4  35.7  34.1  30.6  23.5  10.7   4.0
28064 2  1948  2004  1951  1982  1952  1998  1995  1958  1982  1991  2008  1982
28064 3     .     .     .     .     .     .     .     .     .     .     .     .
28138 1   1.1   5.6  15.0  22.9  32.0  34.5  33.2  33.4  27.2  20.2   7.2   2.5
28138 2  1964  1970  1951  1950  1952  1958  2010  1936  1995  1936  2006  1982
28138 3     .     .     .     .     .     .     .     .     .     .     .     .
28224 1   4.3   6.0  15.0  27.3  34.6  35.7  36.6  37.2  30.7  22.5  11.7   4.5
28224 2  2007  1958  2008  1950  1952  1921  1931  1936  1982  1936  1932  1982
28224 3     .     .     .     .     .     .     .     .     .     .     .     .
28255 1   6.2  10.0  18.0  31.1  36.1  36.6  36.6  36.2  31.0  24.3  14.2   6.4
28255 2  1948  2004  1995  1982  1952  1952  1952  1936  2003  1936  2008  1947
28255 3     .     .     .     .     .     .     .     .     .     .     .     .
28275 1   3.9   5.1  14.7  29.5  35.7  37.2  39.6  33.8  30.1  23.0  12.3   4.5
28275 2  1948  1958  1951  1982  2004  1955  1901  1936  1982  1991  2006  2003
28275 3     .     .     .     .     .     .     .     .     .     .     .     .
28418 1   4.3   5.5  10.2  30.0  35.3  36.9  37.0  38.3  31.9  23.9  14.2   4.5
28418 2  2007  1946  1939  1950  1952  1948  2010  2010  1982  1936  1925  1979
28418 3     .     .     .     .     .     .     .     .     .     .     .     .
28434 1   4.5   7.5  14.5  28.7  35.3  36.6  37.3  36.3  30.5  24.5  13.1   4.8
28434 2  1955  1958  2009  1950  1952  1948  1952  1936  2003  1936  2006  1979
28434 3     .     .     .     .     .     .     .     .     .     .     .     .
28493 1   3.9   4.1  12.4  29.6  36.4  35.0  37.7  34.5  32.5  22.9  11.1   4.7
28493 2  1948  1958  2008  2010  2004  1969  1952  2012  2003  1936  1955  1975
28493 3     .     .     .     .     .  1955     .     .     .     .     .     .
28552 1   5.2   5.3  15.9  30.6  36.0  38.0  39.3  37.8  33.0  25.0  12.1   7.3
28552 2  1948  1997  1995  1982  2004  1957  1952  1936  2003  1936  2006  2008
28552 3     .     .     .     .     .     .     .     .     .     .     .     .
28573 1   3.9   4.0  14.2  30.6  36.5  38.0  38.0  36.5  32.4  24.8  16.0   4.1
28573 2  2007  1935  2008  1982  2004  1931  1952  1998  2003  1936  1932  1982
28573 3     .     .     .     .     .     .     .     .     .     .     .     .
28666 1   3.3   4.6  14.6  30.2  36.4  38.7  38.9  36.7  33.7  24.5  13.9   5.1
28666 2  1948  2007  2009  1982  2004  1931  1940  1998  2003  1930  1932  1960
28666 3     .     .     .     .     .     .     .     .     .     .     .     .
28698 1   4.2   3.6  14.1  31.3  35.5  40.0  40.0  37.0  32.9  24.0  15.1   4.5
28698 2  1948  1958  1951  1982  2004  1936  1940  1952  1990  1936  1932  1975
28698 3     .     .     .     .     .     .     .     .     .     .     .     .
28704 1   3.6   5.7  13.6  31.2  34.8  37.8  40.0  40.1  33.3  26.6  13.9   6.0
28704 2  2007  1998  1978  1950  1957  1954  2010  2010  1982  1936  1932  1979
28704 3  1992     .     .     .     .     .     .     .     .     .     .     .
28722 1   5.8   9.2  16.2  30.9  33.1  36.9  37.3  37.7  33.4  23.8  15.4   5.0
28722 2  1971  1970  2008  1982  2014  1987  2012  2010  1979  1991  2006  1965
28722 3     .     .     .     .     .     .     .     .     .     .     .     .
28748 1   3.9   5.0  16.0  30.3  35.6  38.4  40.1  39.3  36.6  25.3  15.2   7.9
28748 2  1971  2004  2008  2012  1952  1948  2012  2012  2003  1936  1961  2008
28748 3     .     .     .     .     .     .     .     .     .     .     .     .
29111 1   3.3   7.3  14.9  26.4  35.0  35.6  37.0  34.3  30.2  21.8  17.8   4.1
29111 2  1948  1962  2008  2010  2004  1969  1969  1998  2003  1930  1978  1975
29111 3     .     .     .     .     .     .     .     .     .     .     .     .
29231 1   3.4   7.3  12.5  24.0  33.6  34.3  34.6  32.5  28.6  22.5   7.9   4.6
29231 2  1948  1932  2008  1997  2004  1965  1969  1955  1952  1932  1978  1975
29231 3     .     .     .  1972     .     .     .  1931     .     .     .     .
29263 1   3.1   7.1  16.5  25.3  33.2  35.4  35.4  33.6  29.2  23.7   9.6   6.1
29263 2  1948  1963  2008  2011  1955  1969  1888  1995  2010  1967  2013  1983
29263 3     .     .     .     .     .     .     .     .     .     .     .  1979
29282 1   4.3   7.6  18.0  25.1  34.6  37.7  37.1  35.1  30.6  23.9   9.9   5.1
29282 2  1948  1987  2008  2011  1955  1970  1968  2002  1966  1967  2013  1999
29282 3     .     .     .     .     .     .     .     .     .     .     .     .
29313 1   4.4   6.3  15.8  27.0  35.1  35.2  36.1  33.6  30.6  22.6   9.4   3.6
29313 2  1948  1932  2008  1982  2004  1969  1969  1998  1952  1943  1955  1975
29313 3     .     .     .     .     .     .     .     .     .     .     .     .
29328 1   5.6   5.0  19.0  27.3  34.9  34.6  36.5  32.6  30.9  23.0   9.6   5.1
29328 2  1948  1940  1966  1972  2004  1965  1990  1998  1952  1936  1963  1975
29328 3     .     .     .     .     .     .     .     .     .     .     .     .
29379 1   4.2   5.2  14.3  27.0  32.8  34.6  39.1  34.5  30.6  20.7  10.5   5.0
29379 2  1995  2008  2008  2011  2004  1994  2002  1995  2010  1990  1988  2003
29379 3     .  2007     .     .     .     .     .     .     .     .     .  1999
29570 1   6.0   9.0  17.9  31.4  34.0  34.8  36.4  35.1  31.3  24.5  13.6   8.6
29570 2  1983  1919  2008  1972  2004  1969  2002  1995  1966  1967  1978  1955
29570 3  1979     .     .     .     .     .     .     .     .     .     .     .
29594 1   6.9   9.9  17.0  27.8  33.6  36.2  36.3  35.7  31.8  24.2  13.9   9.0
29594 2  1983  1960  1981  2003  2004  1969  2002  2002  1953  1950  2001  1995
29594 3     .     .     .     .     .     .     .     .     .     .  1978  1955
29612 1   3.5   3.5   8.8  28.3  36.2  37.6  37.8  35.6  32.9  23.9  10.5   7.0
29612 2  1975  1958  1989  1982  2004  1965  1940  2012  1966  1928  1932  1976
29612 3     .     .     .     .     .     .     .     .     .     .     .     .
29645 1   6.0   6.8  14.6  28.3  34.4  35.1  37.1  36.3  33.1  24.5  13.1   5.8
29645 2  2007  1978  1989  1972  1980  1967  1965  1998  1966  2004  1955  1983
29645 3     .     .     .     .     .     .     .     .     .     .     .     .
29752 1   6.2  10.1  19.0  21.1  26.1  28.1  30.1  30.2  28.4  20.1  14.0   6.4
29752 2  1955  1946  2009  2014  1955  1990  1975  2002  2010  1971  1938  1955
29752 3     .     .     .     .     .     .     .     .     .     .     .     .
29789 1   7.0  11.4  18.3  24.0  29.8  34.1  35.7  33.6  30.1  22.7  13.4   8.8
29789 2  1983  1978  1989  2011  2004  1942  1974  2002  2007  1946  2001  1955
29789 3     .     .     .     .     .     .     .  2000     .     .     .     .
29866 1   6.7   9.6  24.2  33.0  37.7  38.2  39.3  37.7  35.2  25.8  16.1   7.0
29866 2  2002  2004  1989  1972  1974  2008  2005  1939  2010  1957  2006  2013
29866 3     .  2002     .     .     .     .     .     .     .     .     .     .
29939 1   6.5   9.9  17.4  33.7  36.7  36.6  38.9  38.8  33.6  28.4  19.7  10.8
29939 2  1983  1978  1989  1997  1980  1977  1992  2002  1953  1997  1978  1989
29939 3     .     .     .     .     .     .     .     .     .     .     .     .
30054 1   2.9   3.6  12.2  20.7  32.9  36.8  36.6  36.3  28.6  19.9   8.7   4.6
30054 2  1979  1998  2011  1943  1999  1970  1970  1986  1993  1970  2013  1955
30054 3     .     .     .     .     .     .     .     .     .     .     .     .
30089 1  -0.4   5.3  14.5  22.1  33.0  36.6  37.9  37.7  28.3  21.9  15.0   0.6
30089 2  2007  1986  1981  2014  1992  1956  1980  1986  2002  1950  1961  1981
30089 3     .     .     .     .     .     .     .     .     .     .     .     .
30230 1   1.4   7.0  16.1  24.5  33.6  36.8  36.6  36.5  29.3  24.0  10.6   4.1
30230 2  1995  1960  1990  2014  1999  1975  1994  1898  2007  1986  2013  1955
30230 3     .     .     .     .     .     .  1986     .     .     .     .     .
30252 1   4.3   7.4  12.2  26.8  32.9  37.5  38.6  36.7  28.8  20.2   9.7  2.0
30252 2  1979  1960  1990  2014  1999  1970  1986  1993  1989  1979  2013  1990
30252 3     .     .     .     .     .     .  1968  1986     .     .     .  1958
30309 1   3.8   7.4  13.4  20.4  29.5  33.1  34.5  31.6  27.2  21.7  12.0   5.2
30309 2  1979  1987  2011  1967  2004  1979  1993  2000  1969  1986  1978  2003
30309 3     .     .     .     .  1992     .     .     .     .  1979     .     .
30372 1   0.0   4.2  17.8  19.1  28.2  35.0  34.5  33.8  27.4  19.3   7.5   0.6
30372 2  1974  1960  1946  1943  1992  1954  1949  1986  2007  1986  2007  1981
30372 3     .     .     .     .     .     .     .     .     .     .  2001     .
30385 1  -4.4  -1.3  11.9  23.5  31.1  36.6  36.1  34.0  27.9  18.9   4.8  -4.6
30385 2  1976  2008  1990  2014  1990  1954  1943  2000  2010  2007  1978  2007
30385 3     .     .     .     .  1989     .     .     .     .     .     .     .
30393 1  -5.6  -1.2   7.4  17.6  28.1  34.6  34.8  32.5  25.2  17.7   4.6  -1.8
30393 2  2007  1960  2011  1943  2006  1954  1954  1949  2007  1950  1978  1981
30393 3     .     .     .     .     .     .     .     .     .     .     .     .
30433 1   0.5   2.1   9.9  18.2  26.4  32.0  35.0  32.1  27.4  19.8  13.1   3.6
30433 2  1995  2002  1990  1948  2005  1975  1993  1993  1944  1986  1966  2013
30433 3     .     .     .     .     .     .     .     .     .     .     .     .
30521 1   0.1   8.7  15.6  24.8  33.9  36.9  37.1  36.3  31.2  24.7   7.5   3.9
30521 2  2002  1987  1990  2014  1968  1977  1998  2002  2007  1986  1949  1973
30521 3  1948     .     .     .     .     .     .     .     .     .     .     .
30554 1   1.7   8.0  12.2  23.0  30.3  33.8  35.1  32.6  29.6  24.1  10.3   4.5
30554 2  1941  1963  1990  2008  1992  2010  1943  2002  2006  1986  1988  2013
30554 3     .     .     .     .     .  1991     .     .     .     .     .     .
30612 1   0.1   4.9  13.6  24.5  33.5  35.9  35.8  36.8  28.9  24.2  10.0   4.6
30612 2  1983  1987  1990  1967  1950  1979  1954  1939  1953  1986  2006  1939
30612 3     .     .     .     .     .  1997  1939     .     .     .     .     .
30636 1   2.3   5.6  13.4  24.5  34.6  38.0  36.8  36.8  28.5  20.5  13.9   5.0
30636 2  1974  1987  1994  2008  1992  2010  1939  1955  2013  1979  2013  1983
30636 3     .     .     .     .     .     .     .     .     .  1970     .     .
30650 1  -0.8   8.7  13.9  23.0  32.2  35.3  35.1  34.2  28.6  23.6  10.0   1.7
30650 2  1974  1969  1948  2003  1974  2010  1943  2005  2007  1986  2013  1977
30650 3     .     .     .  2000     .     .     .     .     .     .     .     .
30673 1  -3.0   6.3  14.3  23.1  31.9  35.4  37.6  33.8  29.6  21.5   9.5   2.0
30673 2  1995  1998  1990  2000  1991  2010  1916  1955  1966  1949  1978  1981
30673 3  1991     .     .     .     .     .     .     .     .     .     .     .
30710 1   2.3  10.2  20.0  29.2  34.5  35.6  36.5  34.1  29.0  25.6  14.4   5.3
30710 2  1927  1987  1994  1899  1990  2010  1901  1935  1904  1946  2013  2013
30710 3     .     .     .     .     .     .     .     .     .     .     .     .
30758 1   0.0   7.4  18.3  27.0  34.0  38.8  38.0  40.6  30.9  22.0  12.7   5.0
30758 2  2003  1998  1932  1961  1974  2010  1977  1936  2007  1986  1988  2013
30758 3  1941     .     .     .     .     .  1939     .     .  1940     .     .
30777 1   0.2   3.1  18.4  27.3  33.6  41.3  39.7  36.1  31.4  26.7  11.7   2.6
30777 2  1974  1960  1990  2008  1991  2010  1944  1955  2007  2006  2006  1955
30777 3     .     .     .     .     .     .     .     .     .     .     .     .
30844 1  -1.0   6.4  17.7  27.0  34.8  38.2  38.9  37.5  30.5  26.1  12.4   5.5
30844 2  2003  1998  1948  2009  1974  2010  1977  1936  1947  1986  1966  1963
30844 3  1995     .     .     .     .     .     .     .     .     .     .     .
30879 1  -2.0   3.0  15.8  26.5  33.4  40.4  38.3  36.1  30.2  25.5  11.8   1.5
30879 2  1995  2007  1990  2008  1966  1944  1944  1944  2007  1986  2006  1983
30879 3     .     .     .     .     .     .     .     .     .     .     .     .
30925 1   0.0   8.6  20.5  29.3  35.0  39.3  40.0  37.1  31.5  26.6  12.8   5.4
30925 2  2002  2007  2002  1972  1974  2010  1999  1936  1947  1986  2009  1977
30925 3     .     .     .     .     .     .     .     .     .     .     .     .
30935 1   0.7   7.1  18.4  29.3  36.3  38.4  38.9  36.6  30.0  24.4  10.6   2.4
30935 2  1949  1987  1994  2008  1974  2010  2007  1946  1935  1986  1966  1955
30935 3     .     .     .     .     .     .     .     .     .     .     .     .
30949 1   2.3  11.7  19.7  28.2  34.8  39.2  39.0  35.6  31.0  26.8  14.5   6.8
30949 2  1959  1978  1994  2003  1974  2010  2004  1946  2001  1987  1988  1977
30949 3     .     .     .     .     .     .     .     .     .     .     .     .
30965 1  -2.0   7.1  17.2  28.0  35.6  41.4  40.2  39.3  33.1  25.8  12.7   4.4
30965 2  1995  1998  1932  2003  1991  2010  1943  2002  2001  1986  1931  1983
30965 3     .     .     .     .     .     .     .     .     .     .     .     .
31004 1  -2.5  -1.0   9.1  18.8  27.4  34.3  34.4  35.2  25.8  15.8   6.1  -0.6
31004 2  1979  1998  1990  2014  1975  1970  1952  1969  1947  1950  1978  1979
31004 3     .  1986     .     .     .     .     .     .     .     .     .     .
31088 1   2.6   2.0   6.4  16.0  26.2  31.3  30.7  32.1  24.8  15.7   6.2   1.4
31088 2  1954  2014  2009  1979  1944  1933  1955  1939  1986  1943  2006  1946
31088 3     .     .     .     .     .     .     .     .     .     .     .     .
31137 1  -6.3  -2.0   9.1  18.9  31.9  32.6  34.6  32.9  26.8  17.4   6.0  -3.0
31137 2  2007  1998  1969  2000  2008  2008  2001  1998  2000  2007  1978  1981
31137 3     .     .     .     .     .     .     .     .     .     .     .     .
31168 1  -0.9   2.8  10.6  17.5  30.3  33.7  33.2  30.7  27.2  18.6  10.0   4.6
31168 2  1963  1990  1990  1979  1990  2008  1934  2010  2010  1934  1978  1989
31168 3     .     .     .     .     .     .     .     .     .     .     .     .
31174 1  -0.1  -0.8  10.2  15.1  27.3  28.6  31.9  28.5  24.1  18.8   8.0   1.8
31174 2  1984  1985  1990  1943  1925  1979  1988  2001  1965  1967  1940  1956
31174 3     .     .     .     .     .     .     .     .     .     .     .     .
31253 1  -5.0   1.6  11.9  24.2  31.9  35.8  35.3  34.0  27.0  20.8   6.1  -1.1
31253 2  2000  1929  1990  2014  1975  1992  1970  1997  1947  1917  1931  1956
31253 3     .     .     .     .     .     .  1931     .     .     .     .     .
31329 1  -3.4   0.8  12.0  26.6  30.2  33.3  34.8  33.2  28.6  22.0   8.6  -1.2
31329 2  1995  1968  1990  2014  1975  2010  2011  2005  2000  2006  1935  1980
31329 3     .     .     .     .     .     .     .     .     .     .     .     .
31369 1   0.3   5.7  12.6  19.6  30.2  34.3  34.1  35.3  28.1  22.5  11.4   2.8
31369 2  1984  1966  1990  1959  1981  1982  1980  1950  1939  1948  1939  1956
31369 3     .     .     .     .     .     .     .     .     .     .     .     .
31416 1  -0.7   4.4  19.4  27.0  34.7  36.2  36.8  36.9  31.3  22.8  12.2   0.4
31416 2  2000  1966  1990  2014  1998  1988  2011  1950  1936  1936  1935  1967
31416 3     .     .     .     .     .     .     .     .     .     .     .     .
31439 1   1.2   4.6  12.0  22.5  30.7  33.4  33.6  33.6  29.3  21.1  11.8   3.2
31439 2  2010  1966  1990  2008  1938  1952  1950  1950  1981  1963  1935  1980
31439 3     .     .     .     .     .     .     .     .     .     .     .     .
31478 1  -6.0  -0.2  10.2  22.6  28.2  31.3  31.7  30.6  27.0  19.1   7.1  -1.5
31478 2  1995  1990  1990  2014  2012  1988  1974  1939  2000  2006  1960  2002
31478 3     .     .     .     .     .     .     .     .     .     .     .     .
31707 1   1.2   8.9  19.3  29.5  34.9  38.2  39.6  37.0  31.0  25.9  14.9   3.3
31707 2  1983  1998  1990  2008  1951  2010  2000  1982  2010  1952  2009  1986
31707 3     .     .     .     .     .     .     .     .     .     .     .     .
31770 1   2.6  12.2  18.9  25.1  31.8  35.1  34.2  35.8  30.2  26.8  16.5   9.4
31770 2  2009  1960  1990  2008  1998  1988  1939  1950  2010  1987  1939  1953
31770 3     .     .     .     .     .     .     .     .     .     .     .     .
31829 1   5.1   7.6  15.1  25.1  30.2  33.0  33.7  34.5  30.1  24.1  16.6   6.9
31829 2  1983  1960  1980  1967  1958  1977  1960  1944  2010  1990  2009  1953
31829 3     .     .     .     .     .     .     .     .     .     .     .     .
31960 1  11.4   9.9  15.6  24.1  29.5  31.8  33.6  34.3  31.4  23.4  17.5   9.4
31960 2  1980  1953  1938  1998  1951  2010  1958  1982  1921  1940  1963  1958
31960 3     .     .     .     .     .     .     .     .     .     .  1919     .
31961 1   6.1  12.8  19.6  29.5  35.9  36.8  37.8  37.4  32.3  26.1  18.0  10.3
31961 2  1980  1953  1998  1925  1951  2010  1958  1973  1994  2004  2005  1958
31961 3     .     .     .     .     .     .     .     .  1921     .     .     .
31989 1   9.9  10.6  19.1  23.6  29.4  31.8  31.0  33.6  30.1  23.6  19.3  11.4
31989 2  1986  1987  1981  2003  1976  2007  1976  1951  1994  2007  1940  1968
31989 3     .     .     .     .     .     .     .     .     .     .     .     .
32027 1   0.6   1.0   8.0  13.0  22.3  27.0  26.0  27.3  22.9  17.6   9.3   3.4
32027 2  1991  1968  2008  2011  1968  1942  1933  1939  2000  1948  1945  1980
32027 3     .  1945     .     .     .     .     .     .     .     .     .     .
32061 1   8.3   5.4  11.4  20.9  28.1  29.4  32.0  34.5  28.6  21.2  13.8   5.7
32061 2  1903  1960  1990  2008  1896  1898  1901  1902  1909  1948  1939  1968
32061 3     .     .     .     .     .     .     .     .     .     .     .     .
32076 1  10.8   6.8  16.3  22.4  31.6  34.0  38.9  34.7  29.7  24.7  16.6   6.5
32076 2  1968  1960  1990  1939  1998  1969  1977  1950  2001  1948  1990  1953
32076 3     .     .     .     .     .     .     .     .     .     .     .     .
32098 1   2.0   5.1  12.7  19.5  33.5  33.1  36.2  35.0  29.0  21.3  16.1   8.4
32098 2  1989  1960  1990  2014  1938  1952  1930  1999  1921  1918  1990  1953
32098 3     .     .     .     .     .     .     .     .     .     .     .     .
32099 1   8.0   1.4   5.1  10.3  15.6  19.7  23.4  25.5  21.5  16.6  11.7   6.5
32099 2  1968  1972  1966  1960  1990  2001  2011  1950  2009  1962  1962  1968
32099 3     .     .     .     .     .     .     .     .     .     .     .     .
32150 1   4.3   6.4  12.5  22.9  28.5  30.8  34.4  34.7  29.0  23.5  18.1   8.4
32150 2  2010  1997  1990  2009  1966  2010  1955  1999  1994  1948  1990  1958
32150 3     .     .     .     .     .     .     .     .     .     .     .     .
32165 1   8.5   9.3  11.9  20.9  26.2  29.0  30.4  30.5  27.8  22.4  18.2  14.8
32165 2  1948  1989  1956  1967  1966  2010  1949  1983  1956  1980  1950  1954
32165 3     .     .     .     .     .     .     .     .  1954     .     .     .
32213 1   3.2   4.0   4.5  10.5  13.5  16.6  18.2  18.7  19.9  13.7   9.5   7.1
32213 2  1959  1938  1968  1981  2003  1976  1943  1939  1955  1952  1939  1950
32213 3  1956     .     .     .     .     .     .     .     .     .     .     .
32252 1   6.1   7.9   7.2  11.8  18.1  28.5  28.3  26.4  22.7  19.0   8.3  10.2
32252 2  1969  1938  1939  1948  1948  1976  1990  1959  1953  1996  1955  1955
32252 3     .     .     .     .     .     .     .     .     .     .     .     .
32287 1   7.0   8.6   7.5  17.2  25.5  28.2  29.3  29.3  25.2  18.4  12.4   8.7
32287 2  1969  2014  2011  2013  1948  1949  1973  1997  1994  1996  2006  1955
32287 3     .     .     .     .     .     .  1969     .     .     .     .     .
32389 1   5.8   3.9   7.4  17.4  28.4  30.0  31.1  29.6  23.3  17.7  11.6   5.3
32389 2  1956  2014  1989  2000  1964  1990  1989  1963  1936  1956  1966  1966
32389 3     .     .     .     .     .     .     .     .     .     .     .     .
32477 1   7.1   9.9   9.1  13.4  23.5  27.5  29.1  27.4  27.3  18.9  13.2  10.1
32477 2  1991  2014  1975  1962  1948  1994  1969  2006  2011  1973  2006  1950
32477 3     .     .     .     .     .     .     .     .     .     .     .     .
32509 1   5.0   5.0   6.6  17.4  24.5  30.2  33.6  31.1  26.4  19.5  11.6  10.1
32509 2  1968  1990  1938  1982  1964  1998  1989  1988  1937  1956  2009  1947
32509 3     .     .     .     .     .     .     .     .     .  1954     .     .
32562 1   6.2   7.9   6.8  13.4  20.6  26.0  26.0  28.0  23.4  17.4  11.5   6.2
32562 2  2000  2014  2003  1990  1977  1996  1962  1961  2011  1996  1990  2005
32562 3     .     .     .     .     .     .     .     .     .     .     .     .
32618 1   7.5   9.6   5.0  10.2  13.6  21.5  21.4  20.0  18.5  12.7   9.2   7.0
32618 2  1956  1988  1966  2013  2010  1938  2007  1946  2011  1943  1950  1955
32618 3     .     .     .     .     .     .     .     .     .     .     .     .
34110 1  10.7  10.6  19.7  29.0  34.5  37.5  40.0  39.0  38.0  26.9  18.1  11.5
34110 2  1925  1976  2014  2012  2007  1891  1891  2010  1890  1999  1910  1976
34110 3     .     .     .     .     .     .     .     .     .     .     .     .
34123 1   8.0  11.0  18.4  29.2  35.7  38.9  40.1  40.5  32.1  26.5  18.1  12.4
34123 2  2001  1990  2014  2012  2007  2010  2010  2010  2008  1999  1932  2012
34123 3     .     .     .     .     .     .     .     .     .     .     .     .
34152 1   9.8   8.0  18.9  31.0  36.1  39.1  41.5  41.2  37.9  26.3  18.0  11.8
34152 2  2007  1990  1951  1950  2007  1991  2010  2010  2010  1999  1926  2012
34152 3     .     .     .     .     .     .     .     .     .  1936     .     .
34163 1  10.0   7.1  16.7  29.9  34.0  40.0  40.5  39.8  39.4  28.1  19.6   9.7
34163 2  1955  1990  1983  1950  1924  1924  1971  1920  1909  1915  1926  1979
34163 3     .     .     .     .     .     .     .     .     .     .     .     .
34186 1   7.3   4.8  20.1  31.6  35.2  39.9  41.5  41.2  36.1  28.1  16.1   8.6
34186 2  1948  1958  1995  1950  1979  1998  1971  2010  2006  1936  1932  1979
34186 3     .     .     .     .     .     .     .     .  2003     .     .     .
34579 1  11.0  15.2  23.1  32.9  39.0  41.5  43.6  44.7  40.8  31.0  18.0  11.6
34579 2  1948  1990  2008  1950  2007  1991  2010  1940  2010  1999  1974  1982
34579 3     .     .     .     .     .     .     .     .     .     .     .     .
34720 1  10.6  15.6  23.3  28.4  35.8  37.4  40.3  40.5  35.6  30.5  22.7  14.5
34720 2  2001  1966  1901  1970  2007  1924  1938  2010  2010  1999  1932  2012
34720 3  1948     .     .     .     .     .     .     .     .     .     .     .
34740 1  16.5  21.1  25.1  34.3  36.8  39.6  41.7  41.2  39.4  35.1  22.0  18.7
34740 2  2007  1966  1947  1998  2007  2012  2011  1948  2010  1999  1985  2012
34740 3     .     .     .     .     .     .     .     .     .     .     .     .
34866 1  15.9  19.5  25.2  32.1  38.5  41.9  44.4  44.0  40.4  31.8  21.6  17.2
34866 2  2007  1990  1947  1950  2007  2012  2011  1930  2010  1999  1933  1961
34866 3     .     .     .     .     .     .     .     .     .     .     .     .
34880 1  14.0  16.9  24.0  32.0  36.8  39.9  41.0  40.8  38.0  29.9  21.5  16.4
34880 2  2007  1958  1914  1950  1897  1998  1991  2007  2010  2001  1924  1961
34880 3     .     .     .     .     .     .     .     .     .  1999     .     .
34927 1  20.8  22.2  28.5  34.7  35.1  37.6  40.7  41.5  38.5  33.9  30.4  23.0
34927 2  1971  1989  1983  1998  2014  2012  2000  1930  2010  1998  1932  2012
34927 3     .     .     .     .     .     .     .     .     .     .     .     .
34949 1  17.2  19.6  30.2  34.2  37.4  36.6  38.6  39.6  37.3  34.2  25.6  21.7
34949 2  1948  1978  2008  1970  1945  1969  2011  1948  2010  1999  1933  1999
34949 3     .     .     .     .     .     .     .     .     .     .     .     .
35011 1   5.1   4.1  18.1  32.1  37.4  39.5  41.4  39.1  36.4  26.7  15.7   6.7
35011 2  1948  1958  1995  1950  1952  1948  1952  2010  2003  1936  2006  2012
35011 3  1939     .     .     .     .     .     .     .     .     .     .     .
36038 1   8.1  10.3  19.3  30.9  36.5  36.1  40.3  37.9  35.1  27.8  19.4   8.6
36038 2  2007  1963  1997  1972  2004  1995  1974  1929  2007  1971  1978  1955
36038 3     .     .     .     .     .     .     .     .     .     .     .     .
36064 1  11.6  13.4  21.4  29.3  33.0  34.3  36.9  34.7  29.1  23.2  15.9  14.1
36064 2  1983  2004  1989  1972  2004  1931  1992  2005  1966  1996  1966  1989
36064 3     .     .     .     .     .     .     .  1998     .     .     .     .
36096 1  -5.8   0.0  19.6  30.6  35.6  39.1  40.7  38.3  33.0  23.3  13.0  -1.0
36096 2  1979  2004  1989  1972  1974  2001  2004  2008  1953  1970  1994  1989
36096 3     .     .     .     .     .     .     .     .     .     .     .     .
36229 1   5.7   6.6  17.2  27.3  32.0  33.4  36.5  36.4  31.2  23.7  12.6   8.2
36229 2  2002  2002  1989  1972  2004  2012  1974  2008  1953  1986  1990  1989
36229 3     .     .     .     .     .     .     .     .     .  1985     .     .
36259 1   1.5   4.3  14.9  22.9  28.2  31.0  33.2  32.5  26.5  19.4   8.9   2.9
36259 2  1979  1998  1977  1972  2004  1996  2004  1964  1998  1990  1963  1989
36259 3     .     .     .     .     .     .     .     .     .     .     .     .
36307 1 -12.0   0.4  11.0  26.0  33.2  38.9  42.5  37.2  32.3  24.0  13.0  -1.2
36307 2  1999  2007  2002  1972  1992  1980  2002  2008  1953  1986  1983  1968
36307 3     .     .     .     .     .     .     .     .     .  1985     .     .
37001 1  20.1  21.0  24.9  29.2  31.2  34.9  38.0  38.2  32.9  35.6  27.1  21.1
37001 2  1953  1973  1947  2012  1980  1975  2007  2010  2010  1999  1967  1996
37001 3     .     .     .     .     .     .     .     .     .     .     .     .
37061 1  17.0  19.7  26.1  34.2  36.7  40.1  43.8  41.6  39.4  32.9  23.9  16.2
37061 2  1936  1966  1947  1998  2007  2012  2011  1930  2010  1999  1992  1961
37061 3     .     .     .     .     .     .     .     .     .     .     .     .
37107 1  18.1  22.4  27.8  35.6  33.1  35.7  40.0  38.2  34.7  30.8  27.7  21.4
37107 2  1960  1996  2008  1998  1922  1966  2000  1954  1998  1999  1949  1937
37107 3  1953     .     .     .     .     .     .     .     .     .     .     .
37126 1  12.9  13.2  17.8  23.9  22.0  24.5  29.3  27.4  26.6  22.8  16.3  15.4
37126 2  1971  1966  1962  1970  2007  1990  2000  2014  2006  1998  2009  2008
37126 3     .     .     .     .     .     .     .     .     .     .     .     .
37228 1  20.2  20.5  31.5  34.0  34.8  38.0  37.5  37.0  38.2  33.5  28.7  25.7
37228 2  1995  2010  1952  1998  1935  1990  2000  2014  2010  1998  1932  1917
37228 3     .     .     .     .     .     .     .     .     .     .     .     .
37470 1  26.7  26.6  28.3  34.2  31.4  36.2  36.9  38.8  33.0  28.0  28.0  27.6
37470 2  1979  1987  2008  2003  1945  1932  1932  1998  2007  2003  1946  1980
37470 3     .     .     .     .     .     .     .     .     .     .     .     .
37472 1  19.0  20.9  23.4  33.5  35.1  36.1  38.7  38.7  35.0  28.9  23.1  20.1
37472 2  1976  1958  1919  1998  1945  1961  2011  2005  1929  2001  1952  1941
37472 3     .     .     .     .     .     .     .  1998     .     .     .     .
37663 1  23.4  23.1  27.5  33.7  33.4  37.7  40.1  39.9  40.6  32.1  27.5  23.2
37663 2  1971  1966  2008  1998  1948  2014  1962  1930  2010  2003  1932  2005
37663 3     .     .     .     .     .     .     .     .     .     .     .     .
31152 1  -3.2  -1.5  11.5  21.5  30.1  35.0  37.2  36.0  28.7  16.5   6.4  -0.5
31152 2  1984  2002  2001  2000  1975  1970  1998  2011  1947  1997  2013  1956
31152 3     .     .     .     .     .     .     .     .     .  1994     .     .
