20069  1 18    X 30   IX  8  XII 15    V 26   IV 31    V   210    155    234   86
20069  2          (1971)  (1954)          (2006)  (1964)       (1954) (1975)
20087  1 14    X 22   IX 15   XI 16    V 15   IV 31    V   215    174    243   71
20087  2          (1982)  (2010)          (2007)  (1964)       (2010) (1964)
20292  1 16    X 23   IX  3   XI 17    V 28   IV  4   VI   214    191    248   71
20292  2          (1993)  (1944)          (2007)  (1979)       (2007) (1964)
20476  1 18    X 29   IX  7   XI 13    V 13   IV 31    V   208    173    230   86
20476  2          (1999)  (2009)          (2007)  (1979)       (2011) (1993)
20667  1  6   XI 10    X 27  XII  6    V 14   IV 31    V   182    126    233   64
20667  2          (1993)  (1945)          (1951)  (1999)       (1945) (1999)
20674  1 25    X  3    X  2  XII  9    V  6   IV 26    V   197    162    227   90
20674  2          (1993)  (1968)          (2007)  (1972)       (2013) (1967)
20744  1  7  XII  2   XI 31  XII 31  III  3    I  9    V   115     11    185   59
20744  2          (1969)  (1939)          (1937)  (1964)       (1937) (1964)
20891  1 15    X 30   IX  1   XI  6    V  7   IV 22    V   204    174    230   89
20891  2          (1958)  (1998)          (2007)  (1964)       (1997) (1993)
20982  1 16    X 28   IX  3   XI  3    V  4   IV 22    V   200    162    223   87
20982  2          (1999)  (1998)          (1995)  (1946)       (1995) (1958)
21432  1 15    X 30   IX  1   XI 14    V 28   IV 29    V   212    181    240   82
21432  2          (1967)  (2009)          (2011)  (1964)       (2011) (1964)
21802  1 14    X 26   IX  1   XI  9    V  8   IV 25    V   208    177    234   76
21802  2          (1993)  (1998)          (1943)  (1963)       (1943) (1958)
21908  1 14    X 29   IX  1   XI 27   IV  1   IV 16    V   196    169    216   78
21908  2          (1993)  (1998)          (2007)  (1955)       (2014) (1957)
21921  1 16    X  2    X 31    X 29   IV  4   IV 23    V   196    160    224   76
21921  2          (1958)  (1932)          (2014)  (1963)       (2014) (1958)
21931  1 15    X  7    X 28    X  5    V  5   IV 22    V   203    167    224   84
21931  2          (1977)  (2009)          (2014)  (1956)       (2014) (1956)
21946  1 14    X  5    X 22    X  7    V 15   IV 25    V   206    178    228   85
21946  2          (1963)  (1973)          (2011)  (1955)       (2011) (1963)
21982  1  1   XI  4    X 14  XII  7    V 22   IV 25    V   188    141    227   91
21982  2          (1995)  (2008)          (1954)  (1930)       (2007) (1964)
22113  1 16  XII 21   XI 31  XII 14   II  6    I 29  III    61     18    113   51
22113  2          (1984)  (1943)          (1996)  (1940)       (1996) (1942)
22165  1 23  XII 12  XII 12  XII 22   II  6    I 10   IV    62      6    114   24
22165  2          (1946)  (1965)          (1978)  (1917)       (1978) (1917)
22217  1 13  XII 13   XI 13   XI 22   II  6    I  5   IV    72      6    117   67
22217  2          (1974)  (1953)          (1935)  (1940)       (1935) (1962)
22235  1 10  XII 14   XI 14   XI  4  III 11    I 18   IV    85     24    129   64
22235  2          (2003)  (1993)          (1984)  (1934)       (1950) (1966)
22471  1  6  XII  9   XI 30  XII 26   II 25    I  7   IV    83     34    132   73
22471  2          (1988)  (1971)          (1990)  (1998)       (1993) (1998)
22520  1 18  XII 24   XI 31  XII 18   II  6    I  4   IV    63      6    113   45
22520  2          (1956)  (1921)          (1932)  (1941)       (1932) (1942)
22550  1 11  XII  3   XI  3   XI 24   II  8    I  4   IV    76     16    140   66
22550  2          (1883)  (1953)          (1910)  (1941)       (1910) (1883)
22619  1 14  XII 25   XI 28  XII 16   II  8    I 24  III    65     21    112   47
22619  2          (2011)  (1977)          (2002)  (1978)       (2002) (2011)
22641  1 15  XII 21   XI 31  XII 19   II  5    I 31  III    67     15    122   56
22641  2          (1956)  (1943)          (1983)  (1963)       (1989) (2011)
22676  1  2  XII  8   XI 29  XII 24   II 20    I  6   IV    85     42    123   79
22676  2          (1971)  (1984)          (1989)  (1963)       (2000) (1963)
22768  1  8  XII 31    X 31    X 21   II  5    I 31  III    76      8    147   61
22768  2          (1908)  (1957)          (1989)  (1963)       (1957) (1908)
22802  1 19  XII 26   XI 31  XII 11   II  6    I  3   IV    55     12    109   36
22802  2          (2011)  (1955)          (1996)  (1963)       (1971) (1963)
22820  1 17  XII 25   XI 31  XII 14   II  4    I 31  III    60      9    106   41
22820  2          (1956)  (1955)          (1983)  (1963)       (1971) (1963)
22837  1 15  XII 17   XI 17   XI 13   II  5    I  5   IV    61     16    111   39
22837  2          (1891)  (1957)          (1957)  (1963)       (1909) (1942)
23022  1 23   XI 26    X 29  XII 15   IV 27   II 21    V   144     82    201   94
23022  2          (1999)  (1945)          (2011)  (1958)       (1967) (1999)
23032  1 13   XI  7    X 27  XII 25   IV 13  III 21    V   164     96    207   79
23032  2          (1993)  (1945)          (1995)  (1958)       (1945) (1969)
23058  1 28    X  7    X  1  XII  6    V 12   IV 22    V   191    153    216   57
23058  2          (1971)  (1968)          (2011)  (1969)       (1968) (1999)
23074  1 22    X  3    X 15   XI 30   IV 16  III 24    V   191    148    224   80
23074  2          (1983)  (1949)          (1961)  (1918)       (1946) (1918)
23205  1 27   XI 25    X 31  XII 25  III  7    I 10    V   119     37    185   93
23205  2          (1969)  (1943)          (1995)  (1964)       (1935) (1964)
23242  1  1   XI 10    X  9  XII 25   IV 21  III 21    V   176    124    215   90
23242  2          (1999)  (1997)          (1995)  (1972)       (1997) (1999)
23256  1 27    X  8    X 27   XI 25   IV 20  III 21    V   181    146    213   86
23256  2          (1993)  (2006)          (1961)  (1969)       (1949) (1983)
23274  1 26    X 12    X 22   XI 18   IV 16  III  7    V   175    143    202   87
23274  2          (1962)  (2005)          (1961)  (1959)       (1961) (1941)
23324  1 17   XI 20    X 25  XII 30  III 23   II 29   IV   134     80    182   71
23324  2          (1966)  (1937)          (1996)  (1956)       (1970) (1941)
23330  1  5   XI 13    X  9  XII 12   IV  2  III 15    V   159    114    201   88
23330  2          (1975)  (1997)          (1904)  (1902)       (1944) (1970)
23383  1 25    X  9    X 12   XI 19   IV 14  III  9    V   177    131    201   82
23383  2          (1975)  (1979)          (1968)  (2000)       (2011) (1959)
23405  1 27   XI 26    X 31  XII 12  III 16    I 23   IV   106     47    158   88
23405  2          (1969)  (1947)          (1910)  (1929)       (1935) (1957)
23445  1  4   XI 13    X  9  XII  6   IV  1  III 15    V   154     90    205   95
23445  2          (1975)  (1997)          (2014)  (1966)       (2014) (1966)
23463  1 28    X 14    X 22   XI 12   IV 16  III  4    V   167    122    196   79
23463  2          (1967)  (2005)          (1961)  (1998)       (2011) (1983)
23472  1 29    X 12    X 22   XI  6   IV  9  III 30   IV   160    125    195   98
23472  2          (1962)  (2005)          (1968)  (1988)       (2005) (2001)
23552  1  1   XI 13    X  6  XII  8   IV  4  III 15    V   159    100    205   89
23552  2          (1975)  (1987)          (1968)  (1966)       (1968) (1966)
23631  1 11   XI 21    X  9  XII 23  III 23   II 18   IV   133     90    164   95
23631  2          (1966)  (1997)          (1984)  (1959)       (1997) (1980)
23662  1  1   XI 12    X  8  XII  2   IV  6  III 29   IV   153    121    188   90
23662  2          (1962)  (1987)          (1997)  (1992)       (2005) (1989)
23678  1  3   XI 13    X 28   XI 26  III  1  III 24   IV   144    106    183   94
23678  2          (1916)  (1979)          (1990)  (1984)       (1926) (1983)
23711  1 26   XI 26    X 31  XII  8  III  7    I 15   IV   103     22    157   91
23711  2          (1921)  (1983)          (1935)  (1902)       (1935) (1985)
23724  1 18   XI 27    X 26  XII 12  III 13   II  3   IV   115     71    156   90
23724  2          (1969)  (1937)          (1943)  (1952)       (2014) (1985)
23734  1 14   XI 27    X 10  XII 17  III 17   II 14   IV   124     83    159   92
23734  2          (1969)  (1972)          (1995)  (1963)       (2006) (1957)
23867  1 12   XI 14    X 18  XII 20  III  8   II 18   IV   129     80    163   91
23867  2          (1975)  (2014)          (2002)  (1984)       (2002) (1937)
23884  1  8   XI 14    X  9  XII 22  III 21   II 24   IV   135     92    162   96
23884  2          (1975)  (1987)          (1983)  (1984)       (2014) (1975)
23891  1 31    X 14    X 23   XI 29  III  9  III 25   IV   150    116    176   94
23891  2          (1975)  (2005)          (1968)  (1984)       (2002) (1966)
23914  1 29   XI 28    X 28  XII  1  III 15    I  5   IV    93     32    142   84
23914  2          (1889)  (1984)          (2000)  (1957)       (1910) (1889)
23921  1 22   XI 27    X 26  XII  7  III 31    I  4   IV   106     52    158   96
23921  2          (1969)  (1937)          (1961)  (1952)       (1961) (1957)
23933  1 19   XI 24    X 28  XII 13  III 29    I 21   IV   115     70    170   72
23933  2          (1977)  (1937)          (1995)  (1999)       (2014) (1999)
23955  1 15   XI 23    X 18  XII 17  III  8   II 14   IV   123     74    161   97
23955  2          (1977)  (2014)          (2002)  (1937)       (2014) (1980)
23966  1  9   XI 15    X  6  XII 18  III  9   II 18   IV   130     81    161   90
23966  2          (1975)  (1989)          (2002)  (1984)       (2002) (1975)
23986  1  5   XI 14    X  7  XII 24  III 25   II 21   IV   140     93    170   93
23986  2          (1975)  (2014)          (1990)  (1984)       (2014) (1991)
24125  1 15    X  2    X  1   XI 23   IV 15  III 14    V   191    147    214   89
24125  2          (1958)  (1998)          (2014)  (1973)       (2014) (1958)
24136  1 16    X  1    X  1   XI 22   IV  1   IV  9    V   189    159    214   94
24136  2          (1958)  (1998)          (2007)  (1941)       (1968) (1958)
24143  1 16    X  1    X  1   XI 21   IV 25  III 10    V   188    164    214   86
24143  2          (1958)  (1998)          (2011)  (1965)       (2011) (1958)
24266  1 12    X  2    X 27    X 22   IV 25  III  9    V   193    161    213   78
24266  2          (1927)  (1963)          (1894)  (1896)       (1894) (1961)
24329  1 16    X  1    X  6   XI 20   IV  1   IV  4    V   187    164    211   79
24329  2          (1999)  (1998)          (1953)  (1952)       (2009) (1963)
24343  1 17    X  2    X  2   XI 19   IV 25  III  8    V   185    164    207   81
24343  2          (1958)  (2009)          (2011)  (1939)       (2011) (1939)
24382  1 12    X  1    X 23    X 22   IV  1   IV  7    V   193    173    217   79
24382  2          (1974)  (1946)          (1990)  (1978)       (1990) (1982)
24507  1 25    X  9    X 12   XI  7   IV  2  III  1    V   165    129    186   93
24507  2          (1975)  (1979)          (1990)  (1969)       (1990) (1983)
24606  1 24    X  9    X 12   XI  7   IV  2  III  4    V   166    128    190   89
24606  2          (1975)  (2011)          (1990)  (1979)       (1990) (1999)
24641  1 22    X  8    X 10   XI  9   IV 13  III 27   IV   170    142    192   86
24641  2          (1978)  (1998)          (1990)  (1969)       (1968) (1971)
24661  1 17    X  4    X 26    X 10   IV 22  III 29   IV   176    159    203   73
24661  2          (1978)  (2000)          (2014)  (1969)       (2014) (1969)
24671  1 13    X  5    X 23    X 18   IV  7   IV  5    V   188    173    209   71
24671  2          (2005)  (1972)          (2007)  (1978)       (1991) (1978)
24688  1 10    X 28   IX 23    X 25   IV  9   IV 10    V   198    177    215   78
24688  2          (1992)  (2010)          (1990)  (1952)       (1997) (1956)
24713  1 27    X 10    X 18   XI  6   IV  5  III 28   IV   162    131    189   67
24713  2          (1985)  (2002)          (1990)  (1963)       (1968) (1999)
24738  1 27    X 10    X 18   XI  5   IV  5  III 25   IV   161    125    190   99
24738  2          (1978)  (2011)          (1990)  (1939)       (2011) (1939)
24790  1 12    X  1    X 29    X 23   IV  7   IV  6    V   194    173    212   83
24790  2          (1963)  (2004)          (2007)  (1946)       (2010) (1956)
24817  1 29    X 13    X 20   XI  1   IV 28   II 22   IV   155    106    182   95
24817  2          (1962)  (2002)          (2008)  (1973)       (2002) (1973)
24908  1  1   XI 15    X 28   XI 28  III 28   II 19   IV   148    105    172   89
24908  2          (1975)  (1979)          (2008)  (1952)       (2002) (1980)
24959  1 21    X  9    X  6   XI  9   IV 17  III  4    V   171    140    199   90
24959  2          (1978)  (1952)          (1959)  (1895)       (2014) (1895)
24966  1 24    X 10    X  7   XI  6   IV 14  III 26   IV   165    140    189   74
24966  2          (1978)  (1998)          (1930)  (1903)       (2009) (1903)
24967  1 22    X 10    X 10   XI  9   IV 23  III 27   IV   170    146    184   85
24967  2          (1978)  (1998)          (2003)  (1964)       (2008) (1951)
25062  1 26    X  8    X 22   XI  8    V 16   IV 22    V   195    163    223   66
25062  2          (1962)  (2007)          (1990)  (1963)       (2007) (1963)
25138  1 17    X  5    X  8   XI 25   IV 25  III 13    V   191    155    212   90
25138  2          (1994)  (1985)          (1990)  (1950)       (1945) (1958)
25173  1 30    X  9    X 14  XII  7    V 30  III 24    V   190    138    225   78
25173  2          (1986)  (2008)          (1954)  (1949)       (1954) (1949)
25206  1 15    X  7    X 25    X 26   IV  2   IV 16    V   194    170    215   80
25206  2          (1977)  (1948)          (1954)  (1950)       (1954) (1952)
25248  1 13    X 25   IX  8   XI  3    V 15   IV 21    V   203    169    230   77
25248  2          (1966)  (1985)          (2013)  (1963)       (2013) (1966)
25282  1  8   XI  6    X 12  XII  6    V 15   IV 17    V   180    149    209   79
25282  2          (1995)  (2008)          (1988)  (1992)       (2007) (1981)
25325  1 16    X  4    X  5   XI 25   IV  6   IV 13    V   192    164    216   79
25325  2          (1949)  (1985)          (1990)  (1998)       (1945) (1952)
25356  1 21    X  7    X 11   XI 30   IV  7   IV 19    V   192    164    215   93
25356  2          (1949)  (2003)          (1954)  (1982)       (2003) (1958)
25378  1 16   XI 27    X 29  XII 16   IV 27   II  6    V   152    110    182   73
25378  2          (1970)  (1984)          (2002)  (1971)       (2002) (1976)
25399  1 29   XI  4   XI 30  XII 22   IV  2   II 10    V   145     91    170   63
25399  2          (1989)  (1984)          (1989)  (2006)       (1989) (1981)
25400  1 16    X  7    X 25    X 22   IV  3   IV  7    V   189    169    203   85
25400  2          (1978)  (1948)          (1990)  (1950)       (2013) (1965)
25428  1 17    X  4    X  7   XI 24   IV  1   IV 13    V   190    158    216   80
25428  2          (1949)  (2004)          (2002)  (1950)       (1945) (1952)
25503  1 16    X  8    X 31    X 19   IV 21  III  6    V   186    154    204   67
25503  2          (1947)  (1985)          (2009)  (1982)       (2009) (1952)
25538  1 19    X  7    X 18   XI 25   IV  6   IV  9    V   189    151    212   64
25538  2          (1969)  (1985)          (1992)  (1998)       (2007) (1974)
25551  1 25    X  5    X  5  XII 26   IV  5   IV 13    V   184    124    207   69
25551  2          (1903)  (1986)          (1940)  (1985)       (1986) (1905)
25563  1  8   XI 14    X 12  XII 24   IV 20  III 11    V   168    129    191   75
25563  2          (1956)  (2008)          (1942)  (1998)       (1942) (1963)
25594  1  3  XII  6   XI 31  XII  1   IV 12    I  5    V   120     62    163   74
25594  2          (1976)  (1938)          (1957)  (1984)       (1979) (2012)
25677  1 24   XI 28    X 25  XII  8   IV  1   II  7    V   136     92    179   64
25677  2          (1984)  (2011)          (1989)  (1985)       (1960) (1970)
25705  1 16    X  4    X 31    X 18   IV  1   IV  1    V   185    168    209   80
25705  2          (1956)  (2004)          (1977)  (1956)       (2002) (1956)
25745  1 30    X 12    X  8  XII 19   IV  4  III  8    V   172    105    194   89
25745  2          (1956)  (2013)          (1960)  (1974)       (1960) (1980)
25927  1 22   XI 23    X 25  XII  8   IV 27   II  1    V   138     89    184   75
25927  2          (1953)  (1956)          (1997)  (1954)       (1974) (1953)
25932  1  5  XII 12   XI 30  XII 16  III  3   II 15   IV   102     48    141   69
25932  2          (1969)  (1984)          (1972)  (1976)       (2011) (1999)
25954  1 24   XI 29    X 26  XII 13  III 13    I 16   IV   110     51    161   77
25954  2          (2005)  (1956)          (1963)  (1976)       (2011) (1949)
25956  1  2  XII  7   XI 31  XII  8  III  8    I 18   IV    97     30    159   59
25956  2          (1965)  (1999)          (2007)  (1998)       (2007) (1998)
26063  1 23  XII  5  XII  5  XII  7   II  2    I 29  III    47      8    114   20
26063  2          (1942)  (1929)          (1896)  (1942)       (1935) (1942)
26275  1 20  XII 26   XI 31  XII  4   II  7    I 29  III    47      9    101   28
26275  2          (2011)  (1966)          (1971)  (1963)       (1948) (1963)
26359  1 25  XII 17  XII 17  XII 25    I  4    I 27   II    32      7     64   20
26359  2          (1970)  (1969)          (1971)  (1985)       (2002) (1985)
26781  1 21  XII  3  XII  3  XII  4   II  5    I  1   IV    46     18    104   24
26781  2          (2002)  (1969)          (1948)  (1963)       (1997) (1963)
26997  1 18  XII  4  XII 27  XII  1   II  7    I  8  III    46     18     77   18
26997  2          (2002)  (1996)          (1997)  (1985)       (1997) (1985)
27037  1 12  XII 10   XI 31  XII 18   II  7    I  2   IV    69     24    111   56
27037  2          (1999)  (1953)          (1971)  (1963)       (1971) (1942)
27051  1 12  XII  9   XI  9   XI 17   II  3    I  3   IV    68      9    114   67
27051  2          (1999)  (1957)          (1916)  (1963)       (1993) (1942)
27333  1 14  XII 10   XI 31  XII 16   II  7    I  2   IV    65     23    113   51
27333  2          (1999)  (1937)          (1971)  (1963)       (1971) (1942)
27459  1 15  XII 25   XI 31  XII 13   II  3    I  2   IV    61     10    117   52
27459  2          (1903)  (1913)          (1999)  (1963)       (1989) (1942)
27595  1 13  XII 11   XI 11   XI 17   II  3    I  2   IV    67     10    138   72
27595  2          (1942)  (1913)          (1992)  (1963)       (2000) (1942)
27612  1 19  XII 29   XI 31  XII  3   II  7    I  6  III    47     11     83   25
27612  2          (2003)  (2011)          (1977)  (1951)       (1977) (1956)
27648  1 17  XII 18   XI 18   XI 12   II  6    I 21  III    58      8    110   50
27648  2          (1891)  (1953)          (1906)  (1888)       (1906) (1942)
27675  1 13  XII 16   XI 16   XI 15   II  2    I  2   IV    65     13    129   60
27675  2          (1903)  (1913)          (2013)  (1963)       (1993) (1942)
27823  1 19  XII  3  XII  3  XII 15   II  6    I  1   IV    59     14    103   38
27823  2          (1960)  (1953)          (1993)  (1963)       (1993) (1963)
27857  1 17  XII 18   XI 18   XI 17   II  6    I  1   IV    63     10    110   50
27857  2          (1891)  (1953)          (1989)  (1963)       (1989) (1942)
27995  1 12  XII 20   XI 31  XII 22   II  6    I  1   IV    73     15    132   61
27995  2          (1942)  (1937)          (1918)  (1942)       (1918) (1942)
28009  1  7  XII  8   XI  8   XI 21   II  8    I 30  III    77     16    122   73
28009  2          (1988)  (1973)          (2000)  (1969)       (2000) (1985)
28064  1 24   XI 28    X 28  XII  7  III 29    I  1   IV   104     69    155   96
28064  2          (1969)  (1937)          (1995)  (1963)       (1939) (1969)
28138  1 24   XI 15    X 31  XII  7  III 16    I  9   IV   104     58    147   85
28138  2          (1892)  (1974)          (2000)  (1969)       (1974) (1969)
28224  1  6  XII  4   XI 30  XII 24   II  3    I  1   IV    81     20    139   85
28224  2          (1892)  (1980)          (1962)  (1963)       (1962) (1942)
28255  1 29   XI  3   XI 28  XII  3  III 12    I  2   IV    95     35    139   89
28255  2          (1954)  (1937)          (2002)  (1971)       (1962) (1969)
28275  1 24   XI 30    X 29  XII  9  III 23    I  4   IV   106     49    150   91
28275  2          (1977)  (1983)          (1935)  (1963)       (1935) (1887)
28418  1  9  XII  7   XI 31  XII 22   II  6    I  3   IV    76     16    139   82
28418  2          (1994)  (1961)          (1999)  (1963)       (2000) (1942)
28434  1  4  XII  7   XI 30  XII  2  III 11    I 31  III    89     43    139   90
28434  2          (1994)  (1980)          (2002)  (1969)       (1990) (1942)
28493  1 23   XI  1   XI 29  XII 14  III 18    I 14   IV   112     53    150   94
28493  2          (1977)  (1937)          (2002)  (1937)       (2002) (1954)
28552  1  3  XII  3   XI 30  XII  4  III 12    I  2   IV    92     48    137   87
28552  2          (1954)  (1993)          (2002)  (1971)       (2002) (1971)
28573  1 27   XI  3   XI 31  XII 12  III  6   II  5   IV   106     60    141   95
28573  2          (1954)  (1974)          (2002)  (1952)       (1974) (1954)
28666  1 29   XI 31    X 31  XII 11  III  6   II  6   IV   103     61    141   90
28666  2          (1977)  (1974)          (2002)  (1957)       (1984) (1977)
28698  1 26   XI  3   XI 29  XII 12  III 12    I 10   IV   107     47    144   92
28698  2          (1954)  (1983)          (2002)  (1934)       (2002) (1934)
28704  1 12  XII 11   XI 11   XI 25   II  5    I  2   IV    76     13    141   71
28704  2          (1942)  (2005)          (2000)  (1963)       (2000) (1942)
28722  1  8  XII  7   XI 30  XII 27   II  7    I 30  III    82     30    139   77
28722  2          (1994)  (1961)          (1948)  (1911)       (1901) (1942)
28748  1  4  XII  4   XI 31  XII  6  III 12    I 31  III    93     46    132   91
28748  2          (1954)  (1974)          (2002)  (1956)       (2002) (1942)
29111  1 19   XI 24    X 20  XII 13  III 19    I 14   IV   115     59    150   88
29111  2          (1977)  (1982)          (2002)  (1937)       (2002) (1960)
29231  1 19   XI 24    X 22  XII 13  III 19    I 12   IV   115     58    149   96
29231  2          (1977)  (2014)          (2002)  (1952)       (2002) (1963)
29263  1 14   XI 22    X 23  XII 16  III  9   II 14   IV   123     73    160   95
29263  2          (1890)  (2014)          (2002)  (1964)       (2014) (1890)
29282  1 13   XI 26    X 12  XII 18  III 10   II 15   IV   126     80    163   95
29282  2          (1977)  (1959)          (2002)  (1964)       (2002) (1937)
29313  1 20   XI 24    X 21  XII 13  III 19    I  6   IV   114     58    149   94
29313  2          (1977)  (2014)          (2002)  (1952)       (2002) (1969)
29328  1 21   XI 31    X 22  XII 12  III 13    I  7   IV   112     52    152   94
29328  2          (1954)  (2014)          (2002)  (1967)       (2002) (1967)
29379  1 16   XI 28    X 23  XII 14  III 22   II  4   IV   119     72    144   93
29379  2          (2010)  (2014)          (2008)  (1996)       (2014) (1991)
29570  1 26   XI 25    X 28  XII  2  III 20    I  4   IV    97     39    139   89
29570  2          (1915)  (1933)          (1983)  (1925)       (1949) (1915)
29594  1 20   XI 28    X 20  XII  9  III 16   II  6   IV   110     75    139   91
29594  2          (2010)  (2014)          (1963)  (1987)       (2014) (1958)
29612  1 23   XI 24    X 21  XII 17  III 13    I 12   IV   115     48    152   87
29612  2          (1915)  (2014)          (2002)  (1904)       (2002) (1904)
29645  1 28   XI 25    X 26  XII  9  III 20    I  5   IV   102     49    149   92
29645  2          (1977)  (1958)          (1983)  (1964)       (1983) (1969)
29752  1 18   XI 19    X 29  XII 13  III 18    I 12   IV   116     50    168   90
29752  2          (1977)  (1968)          (1983)  (1979)       (1983) (1977)
29789  1 16   XI 26    X 12  XII 15  III 29    I  8   IV   120     67    151   96
29789  2          (1977)  (1956)          (2002)  (1996)       (2002) (1980)
29866  1 26   XI  2   XI 25  XII  8  III 25    I  4   IV   103     58    137   89
29866  2          (1960)  (2008)          (2007)  (1934)       (2008) (1934)
29939  1 29   XI  5   XI 23  XII  9  III  7   II  2   IV   101     62    148   86
29939  2          (1951)  (2014)          (2004)  (1969)       (1997) (1969)
30054  1  3   XI 16    X 29   XI 28  III 25   II 16   IV   146    105    172   98
30054  2          (1975)  (1979)          (2008)  (1952)       (2002) (1980)
30089  1 27    X 13    X 14   XI  3   IV  8  III 17   IV   159    126    182   83
30089  2          (1953)  (2011)          (1990)  (1991)       (2011) (1961)
30230  1  7   XI 16    X  2  XII 24  III 25   II 14   IV   138    103    172   86
30230  2          (1975)  (1905)          (2008)  (1964)       (2002) (1980)
30252  1  3   XI 20    X 23   XI 24  III  3  III  7   IV   142    104    165   95
30252  2          (1983)  (2002)          (1993)  (1964)       (2002) (1983)
30309  1 15   XI 18    X 20  XII 16  III  8   II  9   IV   122     77    160   89
30309  2          (1913)  (1996)          (2002)  (1909)       (1996) (1909)
30372  1 25    X  9    X 23   XI  2   IV 10  III 15   IV   160    107    182   87
30372  2          (1985)  (2002)          (2002)  (1952)       (2002) (1961)
30385  1 28    X 13    X 11   XI 30  III  3  III 15   IV   154    112    175   90
30385  2          (1971)  (2008)          (2008)  (1966)       (2008) (1971)
30393  1 23    X 10    X 10   XI  6   IV  7  III 22   IV   166    131    192   90
30393  2          (1985)  (2008)          (1990)  (1971)       (2008) (1971)
30433  1 14   XI 27    X 16  XII 26  III 25   II 16   IV   133     86    164   94
30433  2          (1977)  (1959)          (2008)  (1937)       (1959) (1977)
30521  1  8   XI 23    X 24   XI 24  III 23   II  9   IV   137     92    157   96
30521  2          (1944)  (1972)          (2002)  (1980)       (2002) (1980)
30554  1 30    X 15    X 23   XI 29  III  5  III 15   IV   151    106    174   90
30554  2          (1953)  (2002)          (2008)  (1966)       (2002) (1977)
30612  1 15   XI 29    X  7  XII 22  III 27   II  8   IV   128     94    149   95
30612  2          (1975)  (1984)          (2008)  (1984)       (2014) (1958)
30636  1 12   XI 19    X 11  XII 21  III 25   II 12   IV   130     97    163   83
30636  2          (1913)  (1933)          (1935)  (1915)       (2002) (1915)
30650  1  3   XI 17    X 24   XI 26  III 25   II 16   IV   144    102    171   86
30650  2          (1962)  (2002)          (1998)  (1937)       (2002) (1977)
30673  1 31    X 13    X 23   XI 28  III  3  III 15   IV   149    107    174   79
30673  2          (1971)  (2002)          (1998)  (1912)       (2002) (1971)
30710  1 18   XI 27    X 15  XII 13  III 17   II  4   IV   116     73    145   93
30710  2          (1890)  (1990)          (1963)  (1925)       (1990) (1890)
30758  1  8   XI 19    X  3  XII 20  III 18   II  8   IV   133     92    161   85
30758  2          (1913)  (1984)          (1998)  (1896)       (1978) (1909)
30777  1  6   XI 22    X 23   XI 22  III 27   II 11   IV   137    103    158   91
30777  2          (1977)  (1972)          (1998)  (1958)       (2002) (1976)
30844  1  8   XI 22    X 28   XI 19  III 21   II  7   IV   132     89    157   91
30844  2          (1977)  (1978)          (2002)  (1958)       (2002) (1988)
30879  1  7   XI 19    X 24   XI 23  III  1  III  9   IV   137    103    160   86
30879  2          (1918)  (1949)          (2008)  (1958)       (2002) (1909)
30925  1 16   XI 28    X 13  XII 13  III 13   II  5   IV   118     81    148   71
30925  2          (1931)  (1959)          (2002)  (1980)       (2002) (1931)
30935  1 10   XI 27    X 28   XI 17  III 20   II  2   IV   128     98    157   72
30935  2          (1948)  (1965)          (1998)  (1988)       (1998) (1988)
30949  1 13   XI 30    X  4  XII 12  III 21   II 29  III   120     89    143   78
30949  2          (1975)  (1956)          (1998)  (1956)       (2002) (1937)
30965  1  8   XI 20    X 28   XI 22  III 22   II 10   IV   135    100    164   77
30965  2          (1913)  (1996)          (1998)  (1909)       (1998) (1909)
31004  1 26    X 13    X 12   XI  3   IV 27   II 18   IV   160    120    180   97
31004  2          (1953)  (2011)          (1990)  (1991)       (2008) (1941)
31088  1  7   XI 20    X  7  XII 29  III  5  III 19   IV   143    105    171   73
31088  2          (1916)  (1937)          (2014)  (1915)       (1937) (1915)
31137  1 19    X  5    X  1   XI 11   IV 23  III 28   IV   175    152    190   83
31137  2          (1983)  (1969)          (1975)  (1964)       (2008) (1984)
31168  1 16   XI 23    X 20  XII 21  III 22   II 12   IV   126     85    164   98
31168  2          (1980)  (2014)          (1939)  (1942)       (2014) (1980)
31174  1 20   XI  3   XI 14  XII 28  III  7  III 12   IV   129     91    158   82
31174  2          (1975)  (1952)          (1990)  (1980)       (1989) (1980)
31253  1  1   XI 18    X 17   XI 26  III  5  III 10   IV   146    113    171   77
31253  2          (1916)  (2013)          (2008)  (1987)       (2008) (1951)
31329  1  1   XI 18    X 18   XI 29  III  7  III 22   IV   149    114    172   91
31329  2          (1975)  (2013)          (2008)  (1937)       (2008) (1937)
31369  1 18   XI 30    X 13  XII 25  III 29   II 12   IV   128    100    157   84
31369  2          (1913)  (1896)          (2008)  (1898)       (1989) (1929)
31416  1 11   XI 25    X 30   XI 22  III  4  III  7   IV   132    110    159   94
31416  2          (1980)  (2011)          (2008)  (1941)       (2008) (1980)
31439  1 15   XI 28    X  6  XII 20  III 22   II  7   IV   126     96    157   90
31439  2          (1980)  (2011)          (1994)  (1941)       (1994) (1980)
31478  1 30    X 16    X 16   XI  2   IV 18  III 15   IV   155    134    179   86
31478  2          (1987)  (2013)          (1989)  (1980)       (2001) (1987)
31707  1 20   XI  8   XI 10  XII  9  III 18   II 27  III   110     81    130   92
31707  2          (1953)  (1991)          (2002)  (1941)       (1991) (1953)
31770  1  2  XII 10   XI 31  XII  6  III  3   II 29  III    95     55    122   78
31770  2          (1953)  (1962)          (1989)  (1949)       (1989) (1936)
31829  1 16  XII 26   XI 26   XI 11   II  5    I  5  III    58      6     93   57
31829  2          (1988)  (1993)          (1973)  (1951)       (1973) (1988)
31960  1 15  XII 24   XI 31  XII 13   II  6    I 11  III    61     12    100   86
31960  2          (1951)  (1935)          (1992)  (1969)       (1992) (1951)
31961  1  2  XII 16   XI 29  XII 28   II 26    I 25  III    89     29    123   91
31961  2          (1923)  (2008)          (2007)  (1970)       (2007) (1922)
32027  1 27   XI  8   XI 24  XII 26  III 29   II 13   IV   120     86    149   90
32027  2          (1966)  (2014)          (2008)  (1995)       (1972) (1980)
32061  1  7  XII 11   XI 31  XII 12  III 15   II 12   IV    96     53    138   87
32061  2          (1953)  (1962)          (1995)  (1898)       (1994) (1999)
32076  1  5  XII  7   XI 29  XII 13  III 15   II  7   IV    99     63    136   85
32076  2          (1966)  (1957)          (1995)  (1946)       (2014) (1980)
32098  1  5  XII 11   XI 31  XII  5  III 30    I  1   IV    91     49    125   90
32098  2          (1953)  (1918)          (1936)  (1987)       (1934) (1909)
32099  1 23  XII  7  XII  7  XII 24   II 18    I 15  III    64     18     89   55
32099  2          (1992)  (1993)          (1993)  (1988)       (1993) (1988)
32150  1 20  XII 29   XI 31  XII 25   II 18    I 24  III    68     26    105   62
32150  2          (2001)  (1962)          (2013)  (1962)       (1993) (2001)
32252  1 30   XI  9   XI 28  XII 25  III 12   II 20   IV   116     61    153   71
32252  2          (1939)  (1965)          (1997)  (1942)       (1991) (1942)
32287  1 10  XII 11   XI 31  XII 12  III  3    I 12   IV    93      7    144   81
32287  2          (1954)  (1967)          (1950)  (1942)       (1996) (1954)
32389  1  1  XII  4   XI 30  XII  4  III  9    I 12   IV    94     40    148   75
32389  2          (1959)  (1981)          (1963)  (1942)       (1986) (1944)
32477  1 11  XII 11   XI 11   XI  7  III 11    I 17   IV    87     13    136   79
32477  2          (1954)  (1949)          (1968)  (1952)       (1963) (1954)
32562  1 16  XII 25   XI 31  XII 20   II 11    I 26  III    67     21    112   59
32562  2          (1970)  (1981)          (1968)  (1979)       (1971) (1970)
34110  1 21  XII  4  XII  4  XII  3   II  6    I 20  III    45      7     90   31
34110  2          (1960)  (1917)          (1921)  (1954)       (1993) (1964)
34123  1 21  XII  4  XII  4  XII  5   II  6    I 12  III    47     14     84   32
34123  2          (1960)  (1929)          (1921)  (1985)       (1938) (1931)
34152  1 18  XII  4  XII 29  XII 10   II  9    I  1   IV    55     17    102   32
34152  2          (1960)  (1972)          (2002)  (1963)       (1993) (1963)
34163  1 14  XII 18   XI 30  XII 19   II  6    I 30  III    68     10    122   60
34163  2          (1891)  (1888)          (1918)  (1898)       (1989) (1942)
34186  1 15  XII 21   XI 30  XII 17   II 10    I 25  III    65     17    104   43
34186  2          (1988)  (1994)          (2002)  (1963)       (1989) (1985)
34579  1 23  XII 10  XII 10  XII  9   II  7    I  7  III    49     13     83   28
34579  2          (1947)  (1937)          (1993)  (1951)       (1993) (1969)
34880  1 25  XII 16  XII 16  XII 21    I  3    I 26   II    28      7     61   13
34880  2          (1939)  (1973)          (1890)  (1931)       (1890) (1891)
35011  1 13  XII 21   XI 21   XI 21   II 10    I 30  III    71     29    119   66
35011  2          (1988)  (2005)          (2002)  (1969)       (2009) (1969)
36038  1  6  XII  5   XI  5   XI  4  III 12    I  3   IV    89     16    130   68
36038  2          (1951)  (1989)          (1997)  (1934)       (1997) (1969)
36064  1 18  XII 24   XI 24   XI 10   II  7    I 26  III    55     10    108   30
36064  2          (1945)  (2001)          (1934)  (1969)       (2000) (1945)
36096  1  9   XI 28    X 23   XI 23  III  8  III 15   IV   135    113    161   78
36096  2          (1977)  (1972)          (1998)  (1950)       (2002) (1950)
36229  1 20   XI  3   XI 21  XII 11  III  2   II 28  III   112     70    139   89
36229  2          (1977)  (1941)          (2002)  (1956)       (2002) (1949)
36259  1  3   XI  7    X 20   XI 24  III 19   II 27   IV   142    102    169   85
36259  2          (1969)  (2011)          (1998)  (1983)       (1998) (1937)
36307  1  8   XI 26    X 22   XI  4   IV 19  III 18   IV   148    130    172   56
36307  2          (1977)  (1984)          (2008)  (2003)       (1998) (2003)
31152  1 25    X 11    X 14   XI  2   IV 18  III 16   IV   160    138    179   80
31152  2          (1978)  (2006)          (1959)  (1952)       (2014) (1986)
