20069 1 -47.9 -44.5 -47.0 -44.0 -32.1 -14.6  -5.1 -11.4 -22.2 -38.2 -41.3 -43.7
20069 2  1964  1979  1969  1988  1964  1971  2003  1992  1987  1982  1989  2002
20069 3     .     .     .     .     .     .     .     .     .     .     .     .
20087 1 -49.1 -48.2 -46.1 -41.8 -29.6 -14.7  -5.0 -11.5 -21.1 -35.7 -42.8 -46.4
20087 2  1951  1940  1989  1985  1964  1964  2003  1992  1981  1982  1989  1968
20087 3     .     .     .     .     .     .     .     .     .     .     .     .
20292 1 -48.8 -45.8 -45.9 -41.7 -28.9 -18.0  -5.7 -11.2 -21.2 -33.6 -41.9 -45.6
20292 2  1951  1951  1964  1939  1979  1964  1961  1953  1994  1992  1964  1978
20292 3     .     .     .     .     .     .     .     .     .     .     .     .
20476 1 -49.6 -48.2 -48.7 -45.7 -30.6 -16.7  -5.4 -10.1 -23.4 -39.0 -42.9 -49.3
20476 2  1987  1979  1992  1984  1979  1979  1987  1992  1996  1992  1989  1978
20476 3     .     .     .     .     .     .     .     .     .     .     .     .
20667 1 -47.5 -48.0 -46.4 -40.8 -34.7 -13.8  -4.7  -4.1 -14.6 -29.3 -41.7 -45.8
20667 2  1965  1936  1963  1985  1964  1966  1966  1947  1958  1966  1964  1978
20667 3     .     .     .  1984     .     .     .     .     .     .     .     .
20674 1 -46.2 -48.1 -45.3 -38.0 -28.8 -17.3  -3.4  -5.7 -12.0 -31.3 -42.8 -46.6
20674 2  1953  1979  2007  1963  1964  1964  1966  1972  1958  1992  1964  1978
20674 3     .     .     .     .     .     .     .     .     .     .     .     .
20744 1 -41.0 -39.5 -43.9 -31.9 -25.9 -17.1  -9.9  -1.7 -13.0 -21.4 -33.7 -36.2
20744 2  1912  1912  1917  1910  1986  1917  1917  1986  1902  1966  1902  1978
20744 3     .     .     .     .     .     .     .     .     .     .     .     .
20891 1 -59.0 -55.9 -49.5 -42.8 -30.9 -13.8  -0.7  -2.8 -18.2 -39.9 -51.0 -58.7
20891 2  1987  1979  1942  1942  1964  1961  1949  1958  1957  1992  1935  1978
20891 3     .     .     .     .     .     .     .     .     .     .     .     .
20982 1 -57.5 -58.3 -54.3 -44.6 -30.8 -16.2  -0.7  -5.8 -21.1 -44.8 -52.1 -58.8
20982 2  1935  1946  2003  1988  1959  1961  1974  1967  1998  1992  1964  1978
20982 3     .     .     .     .     .     .     .     .     .     .     .     .
21432 1 -44.9 -49.9 -46.1 -46.2 -28.6 -14.9  -6.0  -9.2 -18.6 -40.2 -40.2 -45.0
21432 2  1958  2002  1967  1966  1979  1992  1989  1992  1987  1979  1979  1957
21432 3     .     .     .     .     .     .     .     .     .     .     .     .
21802 1 -58.8 -60.3 -53.0 -46.8 -32.0 -13.6  -3.4  -5.6 -18.1 -42.0 -50.8 -59.9
21802 2  1987  2002  1964  1984  1978  1987  1952  1992  2002  1974  1960  1993
21802 3     .     .     .     .     .     .     .     .     .     .     .     .
21908 1 -62.0 -63.5 -58.1 -46.0 -32.7 -12.9  -3.3  -8.8 -25.0 -47.7 -57.1 -63.0
21908 2  1969  1969  1947  1951  1970  1961  1958  1967  1972  1974  1968  1993
21908 3     .     .     .     .     .     .     .     .     .     .     .     .
21921 1 -60.0 -59.4 -50.1 -47.2 -30.9 -13.1  -2.2  -5.4 -18.2 -41.2 -52.1 -61.6
21921 2  1979  1913  1942  1951  1970  1941  1944  1947  1984  1962  1997  1993
21921 3     .     .     .     .     .     .     .     .     .     .     .     .
21931 1 -53.9 -55.2 -49.7 -46.3 -28.1 -10.5  -1.8  -4.2 -15.0 -36.9 -47.6 -53.9
21931 2  1935  1946  1954  1966  1959  1941  1957  1992  1984  1957  1989  1934
21931 3     .     .     .     .     .     .     .     .     .     .     .     .
21946 1 -54.4 -50.3 -48.2 -42.6 -30.0 -11.2  -1.3  -4.8 -18.2 -35.1 -46.9 -49.8
21946 2  1964  1978  1991  1966  1965  1982  1964  1965  1964  1965  1958  1977
21946 3     .     .     .     .     .     .     .     .     .  1962     .     .
21982 1 -42.0 -44.6 -45.0 -38.2 -31.5 -12.3  -4.9  -6.5 -21.4 -29.8 -34.9 -57.7
21982 2  1964  1966  1970  1984  1965  1954  1931  1946  1957  1928  1955  1926
21982 3     .     .     .     .     .     .     .     .     .     .     .     .
22113 1 -39.4 -38.6 -32.6 -21.7 -10.4  -2.5   1.7  -2.0  -5.4 -21.2 -30.5 -35.0
22113 2  1999  1966  1966  1941  1981  1962  1986  1984  1939  1968  2002  1995
22113 3  1985     .     .     .     .     .     .     .     .     .     .     .
22165 1 -31.7 -33.1 -29.6 -25.1 -16.7  -6.5  -1.9  -0.7  -3.1 -13.4 -22.4 -30.0
22165 2  1999  1966  1917  1917  1966  1918  1969  1916  1939  1968  1968  1915
22165 3     .     .     .     .     .     .     .     .     .     .     .     .
22217 1 -43.5 -41.6 -34.6 -27.9 -15.0  -4.5   1.8  -3.6  -9.7 -21.8 -30.4 -39.5
22217 2  1985  1946  1971  1933  1923  1916  1929  1980  1968  1968  2002  1919
22217 3     .     .     .     .     .     .  1917     .     .     .     .     .
22235 1 -44.7 -48.8 -41.7 -34.1 -18.9  -4.6  -1.6  -4.3 -11.1 -26.2 -34.3 -44.0
22235 2  1978  1946  1981  1933  1978  1969  1968  1984  1968  1968  1955  1945
22235 3     .     .     .     .     .     .     .     .     .     .     .     .
22471 1 -48.8 -44.5 -43.7 -30.8 -15.8  -4.9  -2.5  -3.9 -12.0 -25.8 -42.6 -46.0
22471 2  1885  1946  1902  1892  1918  1899  1918  1925  1884  1952  1917  1919
22471 3     .     .     .     .     .     .     .     .     .     .     .     .
22520 1 -40.3 -35.1 -32.5 -25.8 -12.2  -2.6   2.0   0.6  -4.1 -17.0 -26.3 -34.2
22520 2  1940  1940  1917  1933  1935  1930  1968  1987  1968  1992  1955  1978
22520 3     .     .     .     .     .     .     .     .     .     .     .     .
22550 1 -43.8 -45.3 -41.8 -30.1 -15.6  -3.9  -0.6  -4.1  -7.5 -22.1 -36.5 -43.2
22550 2  1958  1946  1957  1933  1923  1930  1926  1966  1966  1940  1968  1978
22550 3     .     .     .     .     .     .     .     .     .     .     .     .
22619 1 -40.7 -45.6 -38.1 -29.0 -15.0  -3.3   1.5  -0.2  -5.5 -17.0 -29.6 -40.4
22619 2  2003  1893  1908  1906  1900  1916  1923  1891  1928  1902  1992  1919
22619 3     .     .     .     .     .     .     .     .     .     .     .     .
22641 1 -43.0 -42.7 -38.5 -27.6 -15.1  -4.3  -0.4  -3.0  -4.9 -21.0 -33.4 -41.2
22641 2  1910  1893  1957  1931  1923  1928  1941  1980  1996  1902  1890  1978
22641 3     .     .     .     .     .     .     .  1966     .     .     .     .
22676 1 -52.5 -52.3 -46.5 -36.0 -15.9  -4.2  -0.3  -4.5  -8.9 -24.3 -43.8 -51.1
22676 2  1973  1946  1957  1952  1965  1951  1949  1980  1953  1956  1968  1978
22676 3     .     .     .     .     .     .     .     .     .     .     .     .
22768 1 -50.5 -45.2 -36.7 -27.1 -11.4  -4.2   1.5  -1.3  -6.6 -25.8 -35.9 -45.0
22768 2  1892  1946  1983  2003  1918  1902  1949  1955  1996  1902  1994  1915
22768 3     .     .     .     .     .     .     .     .     .     .     .     .
22802 1 -42.8 -40.5 -33.4 -25.1  -8.0  -3.0   2.1  -1.0  -7.3 -14.4 -24.8 -39.9
22802 2  1987  1956  1963  1915  1918  1911  1908  1966  1906  1912  1988  1955
22802 3     .     .     .     .     .     .     .     .     .     .     .     .
22820 1 -43.0 -39.3 -33.2 -20.7 -10.5  -2.6  -0.1  -1.7  -6.7 -14.9 -28.0 -36.8
22820 2  1987  1946  1902  1895  1893  1962  1958  1980  1928  1903  1890  1978
22820 3     .     .     .     .     .     .     .     .     .     .     .     .
22837 1 -49.4 -43.7 -38.0 -26.8 -14.5  -4.5   0.8  -2.0  -8.4 -21.8 -33.1 -45.9
22837 2  1940  1936  1883  1931  1891  1962  1968  1975  1906  1888  1984  1978
22837 3     .     .     .     .     .     .     .     .     .     .     .     .
23022 1 -42.4 -44.6 -43.1 -33.9 -26.0  -9.5  -4.4  -3.3  -9.7 -27.7 -34.9 -39.7
23022 2  1964  1979  1951  1984  1986  1938  1972  1946  1956  1966  1964  1986
23022 3     .     .     .     .     .     .     .     .     .     .     .     .
23032 1 -45.7 -50.2 -46.5 -39.1 -29.6 -10.7  -5.2  -3.7  -9.5 -30.8 -39.8 -47.0
23032 2  1929  1929  2007  1963  1987  1968  1926  1917  1996  1992  1964  1978
23032 3  1915     .     .     .     .     .     .     .     .     .     .     .
23058 1 -51.1 -51.1 -50.0 -44.9 -30.0 -15.5  -0.3  -2.7 -12.2 -37.1 -44.2 -50.9
23058 2  1987  1991  1963  1984  1964  1968  1968  1967  1998  1992  2000  1978
23058 3     .     .     .     .     .     .     .     .     .     .     .     .
23074 1 -56.7 -55.0 -52.1 -45.4 -32.6 -14.2  -0.8  -2.5 -20.0 -38.8 -48.7 -53.5
23074 2  1913  1913  1992  1993  1986  1964  1933  1996  1912  1952  2000  1915
23074 3     .     .     .     .     .     .     .     .     .     .     .     .
23205 1 -47.4 -46.5 -45.4 -36.3 -23.7  -7.2   0.0  -4.3  -7.8 -26.4 -40.2 -47.6
23205 2  1999  2010  1964  1987  1964  1930  1997  1986  2002  1988  1949  1978
23205 3     .     .     .     .     .     .     .     .     .     .     .     .
23242 1 -50.9 -49.4 -48.1 -39.9 -29.2 -13.3  -1.4  -4.0 -14.7 -30.3 -40.9 -47.7
23242 2  1971  1959  2007  1984  1964  1946  1933  1955  1996  1966  1933  1978
23242 3     .     .     .     .     .     .     .     .     .  1940     .     .
23256 1 -52.6 -50.7 -47.0 -41.3 -27.2 -12.0  -1.0  -2.5 -11.8 -33.2 -45.9 -51.0
23256 2  2006  1959  1951  1984  1964  1933  1933  1958  1998  1968  1949  1978
23256 3     .     .     .     .     .     .     .     .     .     .     .     .
23274 1 -56.5 -54.8 -49.3 -42.8 -29.1  -9.0  -0.7  -3.5 -14.3 -38.9 -51.5 -55.5
23274 2  1935  1979  2007  1987  1986  1968  1946  1964  1973  1977  1929  1984
23274 3     .     .     .     .     .     .     .     .     .     .     .     .
23324 1 -53.0 -52.4 -48.0 -42.8 -29.4  -7.7  -1.9  -5.9 -12.4 -35.1 -46.3 -50.5
23324 2  1936  2010  1981  1984  1986  1967  1946  1970  1940  1966  1952  1978
23324 3     .     .     .     .     .     .     .     .     .     .     .     .
23330 1 -51.3 -54.0 -49.0 -38.7 -26.1 -12.0  -2.0  -5.5 -12.0 -35.7 -42.0 -52.0
23330 2  1973  1895  1902  1963  1970  1925  1937  1970  1903  1976  1972  1893
23330 3     .     .     .     .     .     .     .     .     .     .     .     .
23383 1 -59.0 -59.3 -52.8 -47.4 -32.5 -11.1  -3.2  -7.8 -18.9 -40.4 -53.1 -58.3
23383 2  1979  1991  1978  1987  1986  1992  1974  1958  1960  1977  2002  1955
23383 3     .     .     .     .     .     .     .     .     .     .     .     .
23405 1 -51.1 -46.7 -43.8 -33.3 -20.5  -6.8  -0.1  -4.3 -11.3 -25.7 -43.4 -51.5
23405 2  1907  1912  1902  1911  1961  1899  1914  1908  1903  1910  1917  1919
23405 3     .     .     .     .     .     .     .     .     .     .     .     .
23445 1 -57.7 -53.0 -49.0 -39.2 -25.6  -8.1  -1.0  -5.0 -10.0 -34.7 -47.5 -50.4
23445 2  1973  1959  1957  1984  1983  1968  1957  1963  1958  1968  1960  1959
23445 3     .     .     .     .     .     .     .     .     .     .     .     .
23463 1 -64.1 -56.6 -51.5 -45.5 -33.8 -11.3  -2.7  -5.2 -16.8 -42.0 -54.1 -58.1
23463 2  1967  1969  1992  1964  1986  1967  1992  1958  2002  1977  2002  1984
23463 3     .     .     .     .     .     .     .     .     .     .     .     .
23472 1 -60.0 -61.3 -50.0 -42.0 -29.4  -8.4  -1.6  -5.5 -17.6 -39.7 -55.4 -60.3
23472 2  1927  1913  1978  1987  1926  1926  1920  1920  1981  1977  1916  1916
23472 3     .     .     .     .     .     .     .     .     .     .     .     .
23552 1 -55.0 -53.5 -50.0 -41.1 -25.5  -7.8  -0.6  -4.0 -10.0 -38.7 -49.6 -53.9
23552 2  1973  1951  1942  1984  1986  1992  1960  1961  1964  1962  1960  1958
23552 3     .     .     .     .     .     .     .  1958     .     .     .     .
23631 1 -52.8 -50.7 -47.0 -35.8 -25.2  -5.8  -0.7  -5.0 -15.4 -31.4 -46.2 -53.0
23631 2  1964  1946  1948  1952  1952  1992  1997  1912  1986  1968  1968  1932
23631 3     .     .     .     .     .     .     .     .     .     .     .     .
23662 1 -58.0 -54.5 -48.7 -40.3 -29.6  -6.4  -1.3  -5.5 -11.0 -37.2 -52.0 -55.8
23662 2  1987  1979  1951  1984  1986  1964  1949  1957  1973  1968  1968  1958
23662 3     .     .     .  1964     .     .     .     .  1954     .  1949     .
23678 1 -57.1 -54.6 -50.8 -40.2 -23.5  -5.8  -1.8  -2.5 -16.0 -32.7 -55.7 -57.3
23678 2  1987  1913  1915  1964  1931  1931  1938  1953  1981  1982  1984  1930
23678 3     .     .     .     .     .     .     .     .     .     .     .     .
23711 1 -50.5 -50.2 -43.3 -31.7 -17.1  -6.6  -0.9  -3.5 -11.6 -32.6 -47.3 -51.1
23711 2  1941  1895  1932  1963  1952  1967  1904  1917  1901  1976  1890  1932
23711 3     .     .     .     .     .     .     .     .     .     .     .     .
23724 1 -50.8 -49.6 -45.0 -35.2 -18.9  -5.5  -1.4  -3.5 -11.9 -32.9 -46.3 -53.0
23724 2  1973  1976  1933  1952  1964  1992  1958  1960  1986  1976  1968  1932
23724 3     .     .     .     .     .     .     .     .     .     .     .     .
23734 1 -51.0 -50.0 -43.0 -30.7 -19.9  -6.5  -1.0  -3.0 -10.0 -31.0 -44.8 -54.0
23734 2  1916  1922  1908  1952  1986  1949  1916  1916  1916  1920  1968  1932
23734 3     .     .     .     .     .     .     .     .     .     .     .     .
23867 1 -55.0 -52.1 -45.3 -35.5 -20.1  -4.8   0.6  -2.0  -9.2 -33.1 -48.8 -53.0
23867 2  1973  1974  1978  1980  1958  1968  1938  1937  1981  1940  1984  1958
23867 3     .  1951     .     .     .     .     .     .     .     .     .     .
23884 1 -56.0 -52.9 -45.1 -36.6 -22.5  -7.0   0.7  -3.7 -11.8 -32.4 -52.7 -54.3
23884 2  1987  1969  1978  1987  1986  1992  1945  1967  1981  1940  1984  1972
23884 3     .     .     .     .     .     .     .     .     .     .     .     .
23891 1 -56.2 -55.2 -45.8 -36.1 -23.4  -5.9  -1.2  -4.2 -14.1 -37.2 -54.3 -56.5
23891 2  1935  1969  1966  1984  1944  1938  1938  1971  1955  1935  1968  1972
23891 3     .     .     .     .     .     .     .     .     .     .     .     .
23914 1 -50.2 -42.5 -37.2 -24.2 -14.9  -3.1   1.5  -2.1  -8.5 -25.4 -45.4 -51.6
23914 2  1979  1896  1908  1896  1952  1992  1948  1893  1903  1976  1890  1978
23914 3     .     .     .     .     .     .     .     .     .     .     .     .
23921 1 -49.0 -46.6 -44.7 -30.4 -19.7  -4.4  -0.4  -6.0  -8.5 -29.4 -44.9 -48.6
23921 2  1973  1976  1966  1952  1988  1992  1935  1990  1968  1976  1984  1968
23921 3     .  1966     .     .     .     .     .     .     .     .     .     .
23933 1 -49.0 -46.5 -40.1 -31.3 -15.0  -4.6   1.0  -1.0  -7.5 -30.0 -43.4 -49.0
23933 2  1964  1951  1966  1963  1901  1964  1899  1968  1992  1902  1968  1968
23933 3     .     .     .     .     .     .     .  1901     .     .     .     .
23955 1 -52.8 -51.0 -41.4 -33.9 -19.6  -3.8   1.0  -2.5  -9.0 -28.6 -45.8 -50.6
23955 2  2006  1951  1966  1964  1958  1992  1940  1968  1933  1940  1984  1958
23955 3     .     .     .     .     .     .     .     .     .     .     .     .
23966 1 -55.7 -52.1 -44.6 -39.4 -22.4  -5.4   0.7  -4.4 -14.9 -33.3 -52.4 -55.0
23966 2  1973  1969  1978  1964  1986  1961  1973  1968  1981  1966  1984  1972
23966 3     .  1957     .     .     .     .     .     .     .     .     .     .
23986 1 -50.1 -46.5 -40.0 -33.8 -20.3  -8.3   0.0  -5.0 -15.3 -30.0 -44.7 -50.3
23986 2  2006  1969  1978  1993  1986  1967  1988  2006  1981  1976  1968  1972
23986 3     .     .     .     .     .     .     .     .     .     .     .     .
24125 1 -62.9 -59.6 -55.6 -46.4 -28.9 -15.1  -4.5  -9.9 -20.8 -43.5 -56.7 -61.8
24125 2  1959  1969  1941  1963  1944  1961  1955  1962  1957  1955  1968  1958
24125 3     .     .     .     .     .     .     .     .     .     .     .     .
24136 1 -64.2 -62.0 -53.2 -46.6 -32.0  -8.9  -2.9 -10.9 -24.0 -45.7 -60.0 -62.0
24136 2  1979  1969  1941  1963  1970  1961  1955  1962  1999  1974  1997  1993
24136 3     .     .     .     .     .     .     .     .     .     .     .     .
24143 1 -60.3 -58.9 -49.0 -42.7 -24.6  -5.7  -0.1  -4.0 -17.1 -41.5 -54.5 -60.1
24143 2  1982  1993  1966  1951  1977  1964  1942  1992  1999  1994  1960  1993
24143 3     .     .     .     .     .     .     .  1962     .     .     .     .
24266 1 -66.6 -67.6 -60.3 -54.5 -29.0  -7.9  -3.2  -9.9 -21.7 -44.6 -57.2 -64.5
24266 2  1912  1892  1912  1896  1959  1982  1964  1962  1957  1900  1960  1902
24266 3     .     .     .     .     .     .     .     .     .     .     .     .
24329 1 -63.4 -61.9 -55.2 -49.5 -32.6 -13.3  -5.7 -13.9 -27.0 -43.2 -59.7 -64.8
24329 2  1959  1979  1941  1984  2002  1964  1951  1992  2002  1977  1968  1996
24329 3     .     .     .     .     .     .     .     .     .     .     .     .
24343 1 -59.6 -58.1 -51.9 -44.4 -22.6  -4.5  -2.1  -5.2 -21.7 -42.6 -53.4 -60.0
24343 2  1982  1944  1940  1951  1940  1961  1939  1946  1955  1950  1960  1948
24343 3     .     .     .     .     .     .     .     .     .     .     .     .
24382 1 -62.1 -62.1 -58.6 -44.8 -30.2  -7.1  -5.0 -12.8 -23.6 -44.8 -59.7 -61.1
24382 2  1964  1969  1986  1950  1978  1949  1964  1969  1962  1958  1960  1968
24382 3     .     .     .     .     .     .     .     .     .     .     .     .
24507 1 -58.9 -59.2 -49.6 -41.6 -23.6  -5.8  -1.5  -5.5 -15.6 -39.1 -50.7 -55.5
24507 2  1980  1951  1947  1987  2001  1992  1933  1958  1933  1971  2000  1987
24507 3     .     .     .     .     .     .     .     .     .     .  1968  1972
24606 1 -60.3 -60.5 -52.5 -45.1 -29.1  -8.1  -5.7 -11.7 -19.1 -42.2 -55.4 -62.9
24606 2  1980  1979  1978  1984  1969  1953  1959  1958  1955  1977  1968  1958
24606 3     .     .     .     .     .     .     .     .     .     .     .     .
24641 1 -60.9 -58.0 -49.3 -40.2 -23.0  -5.3   0.0  -6.3 -15.4 -39.8 -52.7 -57.9
24641 2  1927  1931  1966  1951  1929  1964  1900  1898  1957  1971  1968  1964
24641 3     .     .     .     .     .     .     .     .     .     .     .  1911
24661 1 -60.5 -58.6 -49.6 -42.8 -28.3  -7.8  -2.4  -9.8 -18.5 -45.0 -57.3 -59.5
24661 2  1982  1969  1996  1982  1959  1964  1977  1967  1957  1992  1968  1963
24661 3     .     .     .     .     .     .     .     .     .     .     .     .
24671 1 -60.1 -59.0 -54.7 -45.2 -29.2  -7.3  -2.9  -8.1 -17.0 -43.4 -53.1 -58.4
24671 2  1952  1944  1954  1966  1959  1933  1959  1944  2001  1979  1997  1977
24671 3     .     .     .     .     .     .     .     .     .     .     .     .
24688 1 -66.8 -67.7 -60.6 -46.3 -29.6  -9.8  -9.3 -17.1 -25.3 -47.6 -62.2 -64.4
24688 2  1931  1933  1951  1934  1946  1936  1966  1969  1955  1952  1932  1934
24688 3     .     .     .     .     .     .     .     .     .     .     .     .
24713 1 -61.0 -60.6 -51.6 -43.9 -28.5 -10.0  -3.3  -7.9 -16.6 -39.8 -55.8 -61.0
24713 2  1980  1969  1966  1963  1944  1952  1959  1946  1953  1944  1968  1958
24713 3     .     .     .     .     .     .     .     .     .     .     .     .
24738 1 -60.2 -59.4 -51.4 -41.4 -19.7  -5.5  -2.5  -6.5 -17.8 -41.0 -53.8 -58.7
24738 2  1941  1969  1954  1951  1944  1970  1942  1950  1950  1944  1968  1993
24738 3     .     .     .     .     .     .     .     .     .     .     .     .
24790 1 -60.6 -59.9 -53.7 -44.0 -27.5  -8.8  -4.1 -11.1 -24.3 -44.7 -53.8 -58.5
24790 2  1971  1948  1954  1950  1946  1989  1954  1943  1955  1956  1966  1938
24790 3     .     .     .     .     .     .     .     .     .     .     .     .
24817 1 -61.2 -59.5 -53.3 -43.2 -23.0  -8.6  -3.4  -6.9 -19.8 -39.8 -54.8 -58.6
24817 2  1966  1969  1966  1963  1956  1964  1959  1950  1957  1976  1968  1968
24817 3     .     .     .     .     .     .     .     .     .     .     .     .
24908 1 -61.0 -57.7 -50.3 -39.0 -26.4  -6.2  -5.3  -5.9 -16.2 -39.2 -54.5 -58.2
24908 2  1966  1969  1966  1984  1959  1992  1980  1937  1998  1976  1968  1972
24908 3     .     .     .     .     .     .     .     .     .     .     .     .
24959 1 -63.0 -64.4 -54.9 -41.0 -18.1  -5.3  -1.5  -7.8 -14.8 -40.9 -54.6 -59.8
24959 2  1898  1891  1954  1966  1921  1955  1978  1940  1928  1940  1932  1911
24959 3     .     .     .     .     .     .     .     .     .     .     .     .
24966 1 -60.2 -60.0 -54.1 -38.7 -19.2  -5.4  -3.1  -7.2 -17.0 -38.3 -54.4 -59.4
24966 2  1931  1913  1954  1966  1906  1935  1963  1953  1984  1970  1946  1950
24966 3     .     .     .     .     .     .     .     .     .     .     .     .
24967 1 -61.6 -58.1 -55.8 -44.5 -24.7  -9.1  -6.6 -11.5 -17.0 -43.3 -54.4 -59.8
24967 2  1979  1979  1954  1956  1963  1982  1978  1964  1995  1982  1952  1950
24967 3     .  1944     .     .     .     .     .     .  1962     .     .     .
25062 1 -49.3 -50.7 -45.3 -40.6 -33.8 -13.0  -3.6  -6.3 -16.3 -33.4 -40.4 -45.4
25062 2  1964  1978  1988  2000  1964  1983  2008  1988  1983  1992  1993  1979
25062 3     .     .     .     .     .     .     .     .     .     .     .     .
25138 1 -57.5 -57.8 -49.9 -43.8 -34.9  -8.2  -5.7  -8.4 -21.6 -39.1 -49.6 -56.8
25138 2  1964  1966  1954  1976  1964  1941  1944  1939  1962  1962  1950  1950
25138 3     .     .     .  1950     .     .     .     .  1948     .     .     .
25173 1 -45.7 -46.1 -45.7 -39.0 -32.5 -11.5  -4.7  -7.1 -17.8 -37.0 -39.6 -45.4
25173 2  1964  1978  1970  1951  1982  1939  1942  1956  1962  1992  2000  1957
25173 3     .     .     .     .     .     .     .     .     .     .     .     .
25206 1 -57.0 -57.5 -54.1 -42.4 -30.5 -10.9  -2.3  -5.1 -14.8 -36.1 -49.3 -58.0
25206 2  1907  1903  1899  1966  1892  1941  1891  1967  1974  1977  1932  1902
25206 3     .     .     .     .     .     .     .     .     .  1930     .     .
25248 1 -64.4 -62.0 -55.5 -46.0 -31.5  -8.8  -6.0 -12.0 -27.6 -41.3 -55.0 -60.9
25248 2  1964  1978  2010  1966  1998  1971  1982  1994  1965  1968  1993  1968
25248 3     .     .     .     .     .     .     .     .     .     .     .     .
25282 1 -44.9 -46.5 -44.6 -39.3 -31.3 -11.9  -5.7  -5.6 -10.0 -27.5 -36.3 -41.4
25282 2  1979  1978  1994  1984  1935  1985  1942  1946  1963  1970  1994  1978
25282 3     .     .     .     .     .     .     .     .     .     .     .     .
25325 1 -57.9 -59.6 -50.0 -42.2 -29.3  -5.6  -4.0  -9.2 -19.3 -36.4 -51.2 -54.7
25325 2  1964  2002  1993  1950  1979  1982  1944  1992  1958  1968  1958  1970
25325 3     .     .     .     .     .     .     .     .     .     .     .     .
25356 1 -56.1 -54.8 -52.0 -44.2 -34.0  -8.3  -3.9  -8.6 -19.0 -37.3 -48.7 -51.8
25356 2  1989  1973  2010  2010  1964  1971  1982  1969  1993  1958  1993  1968
25356 3     .     .     .     .     .     .     .     .     .     .     .     .
25378 1 -45.8 -46.9 -41.0 -33.8 -23.3  -4.8   1.0  -4.2  -9.0 -20.3 -31.0 -36.8
25378 2  1993  1993  1992  2010  1999  2008  1996  1994  1992  1995  1993  1994
25378 3     .     .     .     .     .  1997     .     .     .     .     .     .
25399 1 -44.7 -45.3 -43.6 -36.7 -27.5  -9.2  -1.9  -3.2  -7.4 -24.7 -37.9 -41.1
25399 2  1933  1955  1977  1943  1952  1956  1956  1928  1983  1929  1931  2004
25399 3     .     .     .     .     .     .     .     .     .     .     .     .
25400 1 -58.8 -54.8 -51.9 -40.6 -26.4  -7.2  -0.2  -4.3 -12.3 -34.8 -50.2 -54.4
25400 2  1966  1966  1942  1967  1946  1982  1966  1992  1964  1958  1960  1936
25400 3     .     .     .     .  1938     .     .     .     .     .     .     .
25428 1 -60.9 -61.1 -54.2 -48.4 -31.3  -5.1  -3.5  -8.6 -21.8 -37.7 -54.1 -59.9
25428 2  1964  2002  2010  1950  1964  1950  1958  1955  1948  1970  1958  1954
25428 3     .     .  1952     .     .     .  1955     .     .     .     .     .
25503 1 -57.1 -56.0 -54.8 -44.6 -28.2  -5.8  -3.8  -7.5 -17.2 -37.1 -50.2 -55.0
25503 2  1964  1951  1951  1950  1979  1993  1966  1998  1958  1962  1973  1955
25503 3     .     .     .     .     .  1949     .     .     .     .     .     .
25538 1 -58.2 -59.5 -53.5 -42.7 -31.8  -9.1  -6.2 -13.4 -20.0 -44.5 -52.7 -56.3
25538 2  1973  1973  1954  1950  1968  1950  1956  1955  1958  1966  1958  1970
25538 3     .     .     .     .     .     .     .     .     .     .     .     .
25551 1 -59.5 -57.9 -50.2 -43.3 -34.3  -6.5  -3.4  -7.2 -17.4 -37.9 -51.7 -53.8
25551 2  1910  1901  2010  2010  1964  1971  1965  1980  1965  1965  1894  1898
25551 3     .     .     .     .     .     .     .     .     .     .     .     .
25563 1 -44.8 -44.7 -42.1 -36.2 -28.2  -7.6  -1.2  -4.3 -11.8 -28.2 -36.6 -43.1
25563 2  1919  1940  1977  1944  1968  1937  1956  1993  1979  1965  1915  1931
25563 3     .     .     .     .     .     .     .     .     .     .     .     .
25594 1 -39.7 -43.2 -38.7 -36.5 -22.0  -7.0  -0.4  -3.6  -9.4 -18.6 -28.7 -35.4
25594 2  1947  1949  1966  1944  1950  1939  1946  1946  2001  1947  1945  1947
25594 3     .     .     .     .     .     .     .     .     .     .     .     .
25677 1 -36.6 -39.8 -36.5 -29.3 -22.1  -5.1   0.0  -1.7  -9.0 -20.5 -29.0 -33.0
25677 2  2009  2009  1977  2010  1968  1969  1975  1962  1965  1965  1972  1968
25677 3     .     .     .     .     .     .  1971     .     .     .     .     .
25705 1 -56.2 -55.1 -49.3 -38.2 -26.8  -6.5  -2.3  -7.3 -19.7 -38.1 -50.5 -54.6
25705 2  1952  1969  1942  1950  1938  1982  1964  1962  1964  1978  1952  1978
25705 3     .     .     .     .     .     .     .     .     .     .     .     .
25745 1 -52.4 -48.8 -48.4 -38.2 -27.6  -4.5  -2.6  -8.3 -15.2 -32.3 -43.9 -52.6
25745 2  1964  1990  1988  1961  1968  1971  1964  1993  1993  1963  1958  1970
25745 3     .     .     .     .     .     .     .     .     .     .     .     .
25927 1 -45.5 -44.7 -43.5 -33.9 -22.4  -4.2   3.4   0.0  -5.5 -23.5 -30.9 -38.2
25927 2  1973  2002  1954  1982  1985  1982  1949  1988  1976  2004  1960  1979
25927 3     .     .     .     .     .     .     .     .     .     .     .     .
25932 1 -32.3 -32.4 -30.3 -22.4 -17.8  -4.7   0.4  -2.0  -6.1 -18.7 -25.6 -30.4
25932 2  1989  1966  1985  1959  1968  1985  1950  1998  1958  1956  1980  1968
25932 3     .     .     .  1950     .     .     .     .     .     .     .     .
25954 1 -40.6 -39.0 -37.6 -30.1 -18.5  -2.3   2.4  -0.4  -6.4 -20.6 -33.1 -38.7
25954 2  1973  1951  1951  1976  1950  1971  1974  1933  1936  2004  2009  1968
25954 3     .     .     .     .     .     .     .     .     .     .     .     .
25956 1 -40.1 -39.9 -35.2 -28.9 -18.1  -3.6   0.7  -0.4  -6.0 -20.6 -28.7 -35.7
25956 2  1964  1952  1977  1944  1950  1938  1942  1943  1950  1963  1958  1979
25956 3     .     .     .     .     .     .     .     .     .     .     .     .
26063 1 -35.6 -35.2 -29.1 -21.8  -6.6   0.1   4.9   1.3  -3.1 -12.9 -22.2 -34.4
26063 2  1940  1956  1942  1881  1885  1930  1968  1966  1976  1920  1890  1978
26063 3     .     .     .     .     .     .     .     .     .     .     .     .
26157 1 -37.0 -35.8 -31.4 -26.0 -12.2  -0.2   2.8  -7.6  -3.0 -16.7 -25.8 -40.4
26157 2  1956  1956  1987  1971  1972  1928  1958  1969  1993  1972  1951  1970
26157 3     .     .     .     .     .     .     .     .     .     .     .     .
26275 1 -41.5 -40.1 -31.1 -26.5  -5.6  -1.8   3.9  -0.3  -6.0 -13.1 -27.5 -40.6
26275 2  1940  1956  1964  1956  1902  1930  1931  1966  1973  1956  1992  1978
26275 3     .     .     .     .     .     .     .     .     .     .     .     .
26359 1 -35.9 -35.8 -30.0 -13.6  -4.7   0.0   4.0   0.0  -4.6 -13.2 -22.6 -40.4
26359 2  1979  1956  1987  1956  1953  2003  1992  1984  1939  1979  1998  1978
26359 3     .     .     .     .     .     .     .     .     .     .     .     .
26781 1 -39.5 -39.4 -28.1 -19.7  -7.1  -0.7   4.4   0.3  -4.4 -19.8 -25.5 -35.2
26781 2  1940  1929  1964  1952  1954  2003  1976  1966  1976  1920  1892  1959
26781 3     .     .     .     .     .     .     .     .     .     .     .     .
26997 1 -37.4 -34.6 -31.9 -17.5  -3.5   0.3   5.0   0.7  -4.1 -12.5 -25.4 -33.4
26997 2  1987  1956  1964  1931  2008  1933  2006  1966  1973  1940  1999  1959
26997 3     .     .     .     .     .     .     .     .     .     .  1989     .
27037 1 -47.1 -43.2 -34.6 -25.6  -9.1  -3.1   1.2  -2.5  -8.6 -19.6 -32.8 -45.2
27037 2  1940  1946  1955  1941  1978  1985  1949  1962  1996  1992  1984  1978
27037 3     .     .     .     .     .     .     .     .     .     .     .     .
27051 1 -45.3 -42.7 -35.6 -26.3 -10.7  -3.9  -1.4  -2.4  -7.0 -22.2 -35.7 -45.8
27051 2  1987  1929  1964  1931  1918  1892  1949  1962  1912  1992  1890  1978
27051 3     .     .     .     .     .     .     .     .     .     .     .     .
27333 1 -46.4 -39.3 -31.1 -19.0  -8.1  -2.7   2.9   0.8  -5.8 -18.5 -28.8 -44.4
27333 2  1940  1929  1955  1963  1918  1930  1894  1923  1996  1968  1984  1978
27333 3     .     .     .     .     .     .     .     .     .     .     .     .
27459 1 -41.0 -37.0 -28.0 -19.4  -7.0  -2.0   6.0   0.9  -5.5 -16.0 -29.4 -41.4
27459 2  1940  1929  1964  1963  1918  1930  1894  1966  1996  1912  1961  1978
27459 3     .     .  1942     .     .     .     .     .     .     .     .     .
27595 1 -46.8 -39.9 -31.7 -25.6  -5.0  -1.0   2.6   1.6  -5.4 -16.6 -29.1 -43.9
27595 2  1942  1930  1963  1963  1952  1947  1926  1933  1901  1927  1957  1978
27595 3     .     .     .     .     .     .     .  1932     .     .     .     .
27612 1 -43.1 -35.2 -27.9 -18.8  -5.4   0.8   5.0   2.1  -5.2 -16.1 -23.3 -38.0
27612 2  1939  1956  1964  1952  1939  1958  1986  1975  1976  1960  1984  1978
27612 3     .     .     .     .     .     .     .     .     .     .     .     .
27648 1 -43.4 -39.0 -31.5 -20.9  -5.1  -2.7   2.0   0.0  -7.7 -20.9 -31.0 -41.6
27648 2  1940  1929  1960  1963  1986  1930  1986  1989  1996  1920  1961  1978
27648 3     .     .     .     .     .     .     .     .     .     .     .     .
27675 1 -44.5 -38.8 -31.0 -26.5  -6.0  -2.1   2.5  -1.0  -6.1 -21.3 -34.8 -44.3
27675 2  1979  1956  1963  1963  1913  1930  1908  1914  1904  1920  1961  1978
27675 3     .  1930     .     .     .     .     .     .     .     .     .     .
27707 1 -41.6 -34.0 -28.6 -16.1  -4.9  -0.8   4.0   0.0  -4.5 -14.3 -25.8 -37.5
27707 2  1940  1976  1964  1929  1995  1930  1992  1966  1996  1968  1998  1978
27707 3     .     .     .     .     .     .     .     .     .     .     .     .
27823 1 -40.4 -36.6 -30.6 -18.0  -6.0  -1.3   2.6   0.9  -7.9 -13.6 -30.1 -38.9
27823 2  1940  1929  1963  1952  1995  1930  2009  1980  1939  1968  1998  1978
27823 3     .     .     .     .     .     .     .     .     .     .     .     .
27857 1 -43.1 -40.1 -34.8 -19.4  -8.6  -1.7   2.5   0.0  -8.9 -25.4 -37.2 -39.4
27857 2  1892  1967  1964  1952  1913  1892  1957  1900  1909  1912  1961  1978
27857 3     .     .     .     .     .  1916     .     .     .     .     .     .
27995 1 -47.3 -41.4 -34.0 -25.8  -7.4  -1.7   3.0   0.4  -8.9 -20.3 -30.6 -40.2
27995 2  1942  1929  1963  1904  1950  1916  1914  1942  1909  1941  1907  1978
27995 3     .     .     .     .     .     .     .     .     .  1940     .     .
28009 1 -47.6 -46.8 -40.7 -27.5 -11.2  -4.8  -0.7  -4.2  -7.0 -22.0 -38.5 -51.3
28009 2  1967  1967  1964  2002  1969  1963  1997  1986  2000  1956  1984  1978
28009 3     .     .     .     .     .     .     .     .  1937     .     .     .
28064 1 -46.0 -45.1 -38.0 -27.5 -13.2  -3.0   1.0  -2.0  -8.0 -27.9 -40.1 -48.3
28064 2  1970  1951  1930  1984  1952  1938  1997  1929  1968  1976  1998  1968
28064 3  1929     .     .     .     .  1928  1930     .     .     .     .     .
28138 1 -49.8 -43.3 -36.9 -26.0 -15.2  -4.8  -0.9  -2.8 -11.2 -26.7 -41.0 -52.5
28138 2  1979  1951  1964  1957  1918  1967  1958  1908  1903  1976  1890  1978
28138 3     .     .     .     .     .     .     .     .     .     .     .     .
28224 1 -45.1 -40.8 -34.8 -23.5 -13.0  -3.4   1.7  -1.9  -7.8 -25.2 -38.5 -47.1
28224 2  1885  1976  1908  1957  1952  1979  1997  1986  1903  1976  1890  1978
28224 3     .     .     .     .     .     .     .     .     .     .     .     .
28255 1 -47.2 -46.7 -39.7 -24.6 -12.4  -5.9   2.0  -2.3  -6.9 -25.6 -40.4 -47.9
28255 2  1979  1951  1930  1952  1952  1971  1997  1968  1968  1976  1953  1968
28255 3     .     .     .     .     .     .     .     .     .     .     .     .
28275 1 -48.5 -47.7 -41.8 -30.3 -13.5  -2.2   3.4  -2.9  -6.5 -25.8 -40.1 -51.8
28275 2  1964  1967  1964  1964  1998  1968  1975  1967  1909  1969  1968  1958
28275 3     .     .     .     .     .     .     .     .     .     .     .     .
28418 1 -47.4 -42.7 -35.0 -22.9 -11.3  -2.2   3.0  -0.1  -6.0 -20.9 -32.3 -48.3
28418 2  1979  1976  1902  1963  1952  1979  1904  1986  1903  1976  1984  1978
28418 3     .     .     .     .     .     .     .     .     .     .     .     .
28434 1 -53.6 -48.7 -41.8 -28.9 -15.0  -5.3   0.8  -2.8  -7.8 -27.2 -42.7 -49.7
28434 2  1979  1976  1964  1957  1952  1992  1958  1968  1955  1976  1953  1978
28434 3     .     .     .     .     .     .     .     .     .     .     .     .
28493 1 -49.2 -46.6 -39.5 -30.1 -12.0  -2.2   0.0  -3.0  -9.3 -25.6 -47.7 -50.1
28493 2  1996  1951  1966  1964  1941  1959  1989  1967  1953  1940  1952  1968
28493 3     .     .     .  1963     .     .     .     .     .     .     .     .
28552 1 -46.9 -47.1 -41.5 -26.7  -8.3  -3.8   2.6  -0.6  -7.7 -25.8 -38.3 -46.1
28552 2  1907  1951  1915  1896  1969  1971  1972  1968  1913  1976  1953  1955
28552 3     .     .     .     .  1919     .     .     .     .     .     .     .
28573 1 -47.3 -46.3 -42.0 -29.0 -12.0  -2.8   1.4  -3.3  -9.3 -29.6 -40.3 -51.1
28573 2  1940  1967  1930  1925  1931  1943  1972  1968  1937  1969  1974  1968
28573 3     .     .     .     .     .     .     .     .     .     .     .     .
28666 1 -44.8 -45.1 -36.6 -25.5 -11.3  -1.7   2.1  -6.0  -6.2 -23.9 -36.9 -44.3
28666 2  1979  1951  1971  1957  1931  1984  1937  1961  1955  1928  1933  1968
28666 3     .     .  1930     .     .     .     .     .     .     .     .     .
28698 1 -47.0 -48.6 -38.4 -26.4 -12.2  -3.1   2.1  -0.7  -8.4 -28.1 -41.2 -44.7
28698 2  1931  1931  1945  1934  1931  1968  1926  1947  1933  1940  1952  1968
28698 3     .     .     .     .     .     .     .     .     .     .     .     .
28704 1 -50.4 -46.3 -36.7 -25.2  -7.3  -3.7   1.3  -1.0  -8.1 -23.2 -33.3 -44.0
28704 2  1942  1976  1957  2005  1969  1930  1943  1954  1934  1977  1998  1978
28704 3     .     .     .     .     .     .     .     .     .     .     .     .
28722 1 -48.5 -43.5 -34.4 -29.7 -10.0  -1.2   1.4  -0.6  -6.8 -25.6 -35.1 -45.0
28722 2  1979  1976  1971  1963  1952  1979  2009  1986  1972  1976  1987  1978
28722 3     .     .     .     .     .     .     .     .     .     .     .     .
28748 1 -45.1 -45.8 -37.3 -24.1 -10.5  -2.0   3.0   0.4 -10.6 -23.3 -38.4 -43.7
28748 2  1979  1951  1954  1941  1952  1971  1972  1946  1955  1976  1953  1892
28748 3     .     .     .     .     .     .     .     .     .     .     .     .
29111 1 -51.2 -50.0 -44.2 -34.1 -16.4  -3.6   2.2  -2.8 -11.4 -31.8 -46.8 -50.0
29111 2  1935  1918  1915  1927  1958  1968  1963  1968  1933  1940  1984  1918
29111 3     .     .     .     .     .     .     .     .     .     .     .     .
29231 1 -51.4 -50.6 -42.2 -32.8 -13.4  -5.0   2.0  -3.0  -8.5 -28.5 -48.4 -49.8
29231 2  1931  1957  1930  1984  1986  1992  1989  2006  1992  1940  1952  1958
29231 3     .     .     .     .     .     .  1988     .     .     .     .     .
29263 1 -58.8 -53.3 -44.3 -35.6 -17.1  -3.9   1.3  -3.1  -8.9 -33.6 -49.0 -54.5
29263 2  1931  1931  1937  1984  1931  1933  1934  1937  1954  1935  1952  1909
29263 3     .     .     .     .     .     .     .     .     .     .     .     .
29282 1 -53.5 -51.7 -43.9 -32.8 -14.7  -5.3   1.8  -1.9  -9.4 -28.3 -48.7 -51.4
29282 2  1947  1931  1937  1964  1964  1968  1988  1937  1954  1976  1952  1966
29282 3     .     .     .     .     .     .     .     .     .     .     .     .
29313 1 -52.9 -49.3 -45.2 -34.6 -16.5  -5.0  -0.6  -4.0  -9.4 -32.9 -48.4 -50.9
29313 2  1931  1957  1930  1984  1941  1933  1931  1930  2004  1940  1952  1958
29313 3     .     .     .     .     .     .     .     .     .     .     .     .
29328 1 -49.1 -51.5 -41.3 -31.4 -15.0  -3.5   0.4  -2.3  -8.3 -32.1 -48.5 -49.7
29328 2  2006  1951  1966  1964  1941  1961  1988  1941  2004  1940  1952  1958
29328 3     .     .     .     .     .     .     .     .  1977     .     .     .
29379 1 -53.0 -51.8 -39.0 -29.1  -9.3  -8.3   0.4  -3.2  -9.0 -29.2 -44.1 -48.0
29379 2  2001  2001  1995  1987  2001  1992  1989  1992  1999  2009  1997  1999
29379 3     .     .     .     .     .     .     .     .     .     .     .     .
29570 1 -52.8 -41.6 -38.7 -25.7 -11.2  -3.6   4.2  -0.5  -9.6 -25.1 -42.3 -47.0
29570 2  1931  2001  1978  1964  2001  1992  1933  2006  1977  1914  1952  1929
29570 3     .     .     .     .     .     .     .     .     .     .     .     .
29594 1 -50.4 -47.8 -41.8 -28.5 -10.3  -5.3  -0.5  -3.9 -10.2 -32.6 -47.2 -48.9
29594 2  1916  2006  1971  1945  2001  1968  1957  1934  1977  1974  1944  1965
29594 3     .     .     .     .     .     .     .     .     .     .     .     .
29612 1 -47.9 -44.9 -41.2 -29.5 -13.0  -3.3   2.5  -2.1  -8.0 -25.1 -41.7 -46.9
29612 2  1931  1951  1930  1963  1911  1925  1901  1967  1992  1940  1987  1958
29612 3     .     .     .     .     .     .     .     .     .     .     .     .
29645 1 -47.9 -47.1 -39.9 -32.4 -12.6  -4.1   0.5  -3.0  -8.5 -27.9 -45.8 -49.6
29645 2  1969  1957  1971  1969  1958  1961  1970  1941  1938  1976  1952  1935
29645 3     .     .     .     .     .     .     .     .     .     .  1987     .
29752 1 -39.3 -42.2 -32.6 -32.2 -18.9  -6.8  -1.5  -3.3 -12.4 -27.2 -38.4 -38.4
29752 2  1935  1951  1998  1963  1960  1961  1988  1947  1982  1959  1960  1934
29752 3     .     .     .     .     .     .     .     .     .     .     .     .
29789 1 -47.1 -45.9 -42.0 -34.4 -23.4  -9.0  -3.6  -7.1 -17.1 -31.7 -44.4 -47.1
29789 2  1960  1969  1937  1977  1955  1968  1951  1945  1940  1976  1952  1968
29789 3     .     .     .     .     .     .     .     .     .     .     .     .
29866 1 -52.2 -50.3 -46.7 -32.3 -10.9  -3.5   2.7  -2.8 -11.5 -24.0 -42.9 -49.4
29866 2  1931  1929  1933  1934  1960  1961  1971  1934  1920  1974  1952  1947
29866 3     .     .     .     .     .     .     .     .     .     .     .     .
29939 1 -51.8 -50.6 -43.1 -32.4  -7.2  -1.2   0.8  -2.1  -7.6 -24.1 -43.6 -50.5
29939 2  2001  1943  1971  1969  1969  1964  1971  1937  1954  1976  1944  1966
29939 3     .     .     .     .     .     .     .     .     .     .     .     .
30054 1 -60.2 -57.6 -51.5 -40.9 -22.1  -6.4  -1.3  -4.9 -12.3 -34.6 -50.6 -61.2
30054 2  1966  1931  1937  1966  1931  1964  1959  1950  1942  1977  1932  1930
30054 3     .     .     .     .     .     .     .     .     .     .     .     .
30089 1 -57.3 -58.6 -50.2 -40.5 -20.3  -8.4  -4.3  -6.4 -15.8 -33.7 -50.3 -56.7
30089 2  1951  1969  1951  1955  1974  1964  1966  1990  1980  1979  1952  1950
30089 3     .     .     .     .     .     .     .     .     .     .     .     .
30230 1 -57.8 -56.2 -47.7 -36.8 -15.4  -4.3   0.4  -5.3 -11.3 -37.6 -49.6 -57.0
30230 2  1966  1969  1971  1966  1902  1909  1898  1898  1909  1974  1968  1949
30230 3     .     .     .     .     .     .     .     .     .     .     .     .
30252 1 -53.5 -50.4 -47.0 -31.8 -11.0  -3.6   0.6  -2.1  -9.5 -32.0 -46.0 -50.6
30252 2  1966  1969  1971  1966  1977  1987  1959  1975  1998  1974  1964  1968
30252 3     .     .     .     .     .     .     .     .     .     .     .     .
30309 1 -46.2 -43.3 -41.1 -28.1 -11.6  -3.4   2.3  -1.5  -6.9 -24.7 -35.6 -44.1
30309 2  1960  2001  1971  1984  1960  1992  1978  1981  1977  1974  1997  1968
30309 3     .     .     .     .     .     .     .     .     .     .     .     .
30372 1 -54.4 -56.2 -48.7 -36.8 -18.7  -6.2  -2.5  -5.3 -17.9 -35.5 -47.0 -53.8
30372 2  1941  1969  1946  1964  1942  1950  1978  1985  1984  1952  1952  1952
30372 3     .     .     .     .     .     .     .  1942     .     .     .     .
30385 1 -51.1 -50.7 -43.4 -30.0 -12.2  -3.8  -0.9  -2.1 -13.0 -33.4 -42.3 -49.4
30385 2  1994  1969  1971  1966  1942  1946  1960  1976  1955  1952  1941  1965
30385 3     .     .     .     .     .     .     .     .     .     .     .  1942
30393 1 -60.9 -56.9 -49.8 -38.4 -22.0  -8.0  -3.7  -8.0 -19.2 -39.0 -50.8 -57.9
30393 2  1936  1931  1954  1930  1946  1926  1937  1937  1964  1929  1952  1952
30393 3     .     .     .     .     .     .     .     .     .     .     .     .
30433 1 -47.3 -41.9 -39.7 -28.8 -12.6  -2.7   0.4   0.0 -21.6 -23.8 -31.8 -39.2
30433 2  1936  1969  1955  1966  1944  1935  1957  2006  1969  1974  1962  1952
30433 3     .     .     .     .     .     .     .     .     .     .     .     .
30521 1 -54.4 -53.1 -47.4 -34.8 -15.6  -6.8  -1.5  -2.8 -12.9 -33.7 -46.7 -53.1
30521 2  1959  2001  1966  1945  1939  1964  1978  1956  1953  1974  1944  1949
30521 3     .     .     .     .     .     .     .     .     .     .     .     .
30554 1 -50.2 -51.6 -45.0 -36.6 -17.6  -9.0  -4.4  -8.9 -16.8 -33.3 -44.5 -49.0
30554 2  1947  2001  1971  1992  1946  1967  1978  2005  1958  1976  1944  1945
30554 3     .     .  1969     .     .     .     .     .     .     .     .     .
30612 1 -51.1 -48.6 -44.6 -33.1 -10.4  -3.4   1.2  -4.3  -9.2 -24.9 -38.5 -50.6
30612 2  1947  1952  1946  1984  1958  1961  1957  1938  1954  1974  1962  1949
30612 3     .     .     .     .     .     .     .     .     .     .     .     .
30636 1 -50.2 -48.9 -41.5 -29.2 -12.3  -3.0  -1.8  -1.6 -10.3 -29.3 -42.6 -52.4
30636 2  1947  1969  1955  1984  1986  1968  1916  1953  1961  1974  1944  1916
30636 3     .     .     .     .     .     .     .     .     .     .     .     .
30650 1 -54.5 -52.3 -45.8 -32.8 -17.6  -7.4  -3.4  -6.3 -18.8 -35.3 -45.0 -54.3
30650 2  1956  2001  1937  1914  1910  1939  1978  1943  1958  1976  1940  1916
30650 3     .     .     .     .     .     .     .     .     .     .     .     .
30673 1 -53.0 -51.5 -44.2 -29.3 -17.1  -6.7  -3.1  -5.1 -12.8 -32.0 -43.6 -51.7
30673 2  1936  1969  1954  1964  1919  1950  2004  1941  1926  1972  1940  1916
30673 3     .     .     .     .     .     .     .     .     .     .     .     .
30710 1 -50.2 -44.7 -37.3 -31.8 -14.3  -4.1   0.4  -2.7 -11.9 -30.5 -40.4 -46.3
30710 2  1915  1929  1933  1909  1908  1913  1898  1902  1922  1901  1910  1916
30710 3     .     .     .     .     .  1900  1890     .     .     .     .     .
30758 1 -46.6 -46.6 -39.3 -29.6 -11.8  -5.4   1.1  -3.0 -10.7 -33.1 -41.1 -45.2
30758 2  1956  2001  1969  1977  1979  1967  1957  1966  1977  1976  1979  1959
30758 3     .     .     .     .     .     .     .     .     .     .     .     .
30777 1 -55.0 -49.4 -40.0 -30.1 -11.6  -5.1   0.6  -2.6 -10.8 -29.8 -41.1 -51.7
30777 2  1906  1906  1977  1910  1929  1900  1978  1981  1977  1901  1965  1916
30777 3     .     .     .     .     .     .     .     .     .     .     .     .
30844 1 -49.9 -51.0 -47.1 -38.9 -18.3  -8.7  -3.5  -6.4 -19.3 -32.6 -41.4 -48.8
30844 2  1967  2001  1955  1984  1969  1961  1960  1966  1958  1981  1954  1954
30844 3  1961     .     .     .     .     .     .     .     .     .     .     .
30879 1 -53.2 -45.5 -37.2 -27.8 -11.7  -5.0   0.1  -2.7 -13.0 -28.7 -40.0 -49.0
30879 2  1906  1892  1955  1910  1927  1909  1978  2005  1893  1912  1906  1912
30879 3     .     .     .     .     .     .     .     .     .     .     .     .
30925 1 -40.1 -39.4 -32.0 -24.8 -12.1  -4.5   1.4  -2.7  -9.7 -22.1 -34.7 -40.4
30925 2  1951  2006  1951  1984  1931  1992  1988  1972  1969  1930  1952  1954
30925 3     .     .     .     .     .     .     .     .  1947     .     .     .
30935 1 -48.4 -44.4 -39.5 -25.7 -11.9  -6.8  -0.2  -3.6 -11.2 -26.4 -39.3 -47.1
30935 2  1947  2001  1913  1962  1969  1961  1978  1941  1977  1981  1947  1961
30935 3     .     .     .     .     .     .     .     .     .     .     .     .
30949 1 -44.6 -44.8 -37.9 -25.0 -12.6  -4.2  -1.5  -6.3 -18.3 -29.9 -35.8 -45.0
30949 2  2001  2001  1966  1950  1955  1937  1988  1937  1953  1930  1941  1935
30949 3     .     .     .     .     .     .     .     .     .     .     .     .
30965 1 -50.0 -49.0 -43.6 -25.2 -12.3  -4.3   1.0  -2.2 -12.0 -29.1 -41.1 -45.7
30965 2  1951  2001  1955  1958  1972  1999  1992  1935  1981  1976  1981  1950
30965 3     .     .     .     .     .     .     .     .     .     .     .     .
31004 1 -51.1 -48.3 -42.0 -31.7 -16.0  -5.4  -0.3  -4.4 -16.1 -30.3 -44.2 -48.3
31004 2  1927  1931  1966  1966  1942  1964  1964  1992  1987  1982  1952  1952
31004 3     .     .     .     .     .     .     .     .     .     .     .     .
31088 1 -40.2 -40.0 -36.9 -29.2 -14.7  -2.5   2.2  -0.1  -6.6 -36.0 -37.4 -39.7
31088 2  1931  1919  1912  1914  1950  1959  1972  1988  1976  1891  1951  1930
31088 3     .     .     .     .  1916  1914     .     .     .     .     .     .
31137 1 -61.1 -58.1 -54.2 -43.6 -25.6 -10.1  -6.3 -11.4 -23.8 -43.3 -52.2 -58.5
31137 2  1996  1966  1954  1956  1981  1994  1963  1990  1987  1979  1968  1952
31137 3     .     .     .     .     .     .     .     .     .     .     .     .
31168 1 -37.9 -35.6 -31.0 -23.5 -14.7  -7.5   0.4   1.3  -6.7 -20.2 -29.6 -34.7
31168 2  1996  1944  1954  1999  1946  1897  1966  1896  1976  1964  1950  1996
31168 3     .     .     .     .     .     .     .     .     .     .     .     .
31174 1 -43.5 -42.1 -38.6 -30.0 -15.8  -6.8  -3.6  -3.9  -8.4 -21.3 -34.5 -41.1
31174 2  1999  1977  1970  1987  1969  1963  1945  1970  1964  1985  1998  1977
31174 3     .     .     .     .     .  1930     .     .     .     .     .     .
31253 1 -51.1 -48.8 -42.8 -32.1 -11.1  -3.4  -0.1  -1.4 -10.4 -31.7 -45.6 -52.1
31253 2  1980  1933  1966  1963  1911  1964  1964  1935  1946  1929  1932  1952
31253 3     .     .     .     .     .     .     .     .     .     .     .     .
31329 1 -52.5 -50.0 -40.9 -36.6 -18.0  -5.4  -2.5  -2.3 -11.7 -30.7 -43.2 -51.7
31329 2  1919  1944  1940  1929  1942  1929  1930  1943  1964  1928  1968  1952
31329 3     .     .  1919     .     .     .     .     .     .     .     .     .
31369 1 -47.2 -40.7 -37.6 -28.8 -11.9  -3.8   1.3   0.6  -6.0 -25.1 -33.0 -42.6
31369 2  1931  1947  1947  1929  1931  1913  1911  1992  1916  1912  1930  1929
31369 3     .     .     .     .     .     .     .     .     .     .     .     .
31416 1 -51.5 -50.1 -40.6 -30.0  -8.4  -2.7   0.4   0.1  -9.0 -22.5 -44.8 -50.9
31416 2  1969  1919  1954  1940  1946  1940  1967  1955  1952  1979  1950  1944
31416 3     .     .     .     .     .     .     .  1940     .     .     .     .
31439 1 -47.7 -45.6 -35.0 -26.9  -9.5  -1.9   3.7   0.0  -5.3 -22.1 -34.6 -45.2
31439 2  1998  1944  1940  1956  1951  1937  1937  1991  1938  1950  1942  1952
31439 3     .     .     .     .     .     .     .     .     .     .     .     .
31478 1 -50.6 -48.3 -45.0 -32.6 -18.0  -6.5  -1.6  -5.4 -12.7 -32.9 -45.8 -49.9
31478 2  1979  1969  1966  1980  1972  2003  1984  2001  1969  1972  1968  1969
31478 3     .     .     .     .     .     .     .     .     .     .     .     .
31707 1 -40.1 -35.5 -31.0 -17.4  -4.2   0.0   2.3   4.4  -5.1 -16.7 -30.6 -38.3
31707 2  1980  1942  1955  1984  1972  1998  1984  1972  1964  1972  1987  1949
31707 3     .     .     .     .     .     .     .     .     .     .     .     .
31770 1 -40.0 -38.6 -33.1 -26.4  -9.5  -3.0  -0.2   1.9  -2.8 -14.7 -34.8 -38.4
31770 2  1930  1931  1913  1914  1931  1931  1931  1913  1920  1950  1914  1937
31770 3     .     .     .     .     .     .     .     .     .     .     .     .
31829 1 -29.5 -26.2 -24.6 -13.6  -6.9  -0.9   1.1   4.8   0.1 -11.8 -22.1 -28.0
31829 2  1961  1969  1951  1940  1977  1977  1985  1977  1940  1941  1987  1974
31829 3     .     .     .     .     .     .     .     .     .     .     .     .
31960 1 -31.4 -28.9 -21.3  -8.3  -0.8   3.7   8.6   1.3   2.1  -9.7 -20.0 -28.1
31960 2  1931  1920  1971  1911  1945  1945  1913  1982  1964  1982  1947  1937
31960 3     .     .     .     .     .     .     .     .     .     .     .     .
31961 1 -45.1 -45.5 -36.6 -18.7  -4.2   0.9   5.0   2.5  -4.8 -14.0 -34.7 -40.4
31961 2  1922  1920  1915  1911  1963  1913  1967  1921  1940  2002  1927  1921
31961 3  1915     .     .     .     .     .     .     .     .     .     .     .
31989 1 -25.5 -25.3 -19.1  -9.1  -1.9   0.5   6.3   9.0  -1.3  -9.4 -20.4 -27.4
31989 2  1966  2001  1951  1939  1955  1960  1983  2003  1964  1942  1981  1937
31989 3     .     .     .     .     .     .     .     .     .     .     .     .
32027 1 -44.0 -40.7 -37.0 -28.3 -10.6  -1.9   2.2  -1.5  -3.0 -17.2 -29.4 -41.0
32027 2  1936  1944  1938  1940  1958  1937  1940  1972  1940  1950  1942  1952
32027 3     .     .     .     .     .     .     .     .     .     .     .     .
32061 1 -41.0 -36.2 -29.5 -22.7  -7.0  -1.4   1.3   2.0  -2.3 -15.0 -23.0 -35.8
32061 2  1904  1944  1898  1956  1958  1918  1913  1992  1950  1972  1971  1910
32061 3     .     .     .     .     .     .     .     .     .     .     .     .
32076 1 -38.3 -39.4 -34.0 -28.0 -11.0  -5.4  -2.7  -0.4  -3.3 -15.6 -28.5 -39.1
32076 2  1948  1944  1970  1940  1985  1969  1986  1993  1966  1970  1968  1952
32076 3     .     .     .     .     .     .     .     .     .     .     .     .
32098 1 -39.8 -39.1 -34.2 -23.5  -7.1  -2.1   0.3   1.0  -3.3 -13.2 -29.8 -35.4
32098 2  1910  1911  1922  1914  1915  1921  1909  1992  1940  1979  1914  1940
32098 3     .     .     .     .     .     .     .     .     .     .     .     .
32099 1 -27.9 -29.1 -23.4 -18.5  -7.0  -4.2   1.3   3.0   2.1  -5.9 -14.9 -25.8
32099 2  1961  2001  1954  1999  1980  1973  1958  1988  1969  1996  1987  1952
32099 3     .     .     .     .     .     .     .     .     .     .     .     .
32150 1 -36.2 -35.0 -30.5 -25.2  -6.2  -2.1   1.0   3.6  -4.2 -11.8 -25.7 -33.5
32150 2  1961  1942  1970  1950  1989  1954  1996  1942  2001  1950  1951  1952
32150 3     .     .     .     .     .     .  1946     .     .     .     .     .
32165 1 -16.5 -20.3 -18.0 -11.4  -3.1   0.3   2.8   7.0   4.3  -1.0  -7.6 -13.6
32165 2  1955  1953  1986  1953  1980  1954  1966  1954  1950  1953  1971  1952
32165 3     .     .     .     .     .  1949     .     .     .     .     .     .
32213 1 -21.0 -19.9 -21.2 -11.2  -6.7  -1.8   1.0   3.0   2.3  -4.8  -9.7 -14.6
32213 2  1979  1941  1954  1942  1937  1947  1936  1965  1984  1940  1953  1958
32213 3     .     .     .     .     .     .     .     .     .     .     .  1952
32252 1 -45.2 -43.4 -39.8 -32.7 -18.1  -4.0  -1.0  -4.5  -8.4 -19.7 -31.7 -40.5
32252 2  1964  1964  1942  1940  1980  1949  1982  1998  1965  1949  1968  1965
32252 3     .     .     .     .     .     .     .     .     .     .     .     .
32287 1 -42.3 -40.3 -38.0 -29.7 -19.2  -3.2   0.4  -2.5  -6.3 -14.2 -30.3 -35.4
32287 2  1954  1959  1942  1942  1964  1941  1935  1967  1949  1959  1943  1941
32287 3     .     .     .     .     .     .     .     .     .     .     .     .
32389 1 -48.6 -42.0 -36.7 -26.5 -10.3  -3.7   2.3  -1.3  -7.2 -19.3 -33.8 -42.2
32389 2  1916  1919  1957  1998  1950  1936  1949  1943  1949  1928  1969  1928
32389 3     .     .     .     .     .     .     .     .     .     .     .     .
32477 1 -43.4 -44.6 -38.1 -30.6 -13.6  -3.7  -1.3  -2.2  -8.0 -19.2 -34.9 -39.9
32477 2  1969  1973  1959  1956  1980  1942  1965  1955  1949  1957  1981  1941
32477 3     .     .     .     .     .     .     .     .     .     .     .     .
32509 1 -25.1 -22.0 -20.5 -13.9  -8.0  -1.0   2.5   4.0  -1.2  -7.0 -13.3 -18.0
32509 2  1954  1966  1954  1944  1985  1977  1951  1991  1997  1952  1993  1994
32509 3     .     .     .     .     .     .     .     .     .     .     .     .
32562 1 -38.8 -36.6 -32.0 -25.2  -8.8  -2.9   0.2  -1.6  -5.9 -14.7 -26.6 -33.0
32562 2  1979  1967  1969  1980  1980  1983  1971  1988  1990  2004  1969  1976
32562 3     .     .     .     .     .     .     .     .     .     .     .     .
32618 1 -22.0 -23.5 -18.2 -13.7  -9.6  -2.3  -0.5  -0.1  -2.9  -8.5 -15.4 -19.5
32618 2  1930  1903  1911  1932  1915  1936  1923  1929  1934  1928  1899  1913
32618 3     .     .     .     .     .  1934     .     .     .     .     .     .
34110 1 -36.1 -35.1 -29.7 -18.6  -8.2   0.1   2.7   0.5  -5.4 -17.0 -31.2 -31.4
34110 2  1892  1956  1964  1909  1918  1916  1912  1966  1996  1889  1890  1959
34110 3     .     .     .     .     .     .     .     .     .     .     .     .
34123 1 -36.5 -36.2 -32.0 -16.8  -3.3  -1.6   5.0   0.4  -5.2 -15.2 -25.1 -33.4
34123 2  1942  1929  1964  1929  1952  1967  2009  1966  1996  1920  1953  1978
34123 3     .     .     .     .     .     .     .     .     .     .     .     .
34152 1 -38.0 -36.3 -32.9 -16.7  -5.5  -0.1   4.6   2.0  -6.3 -15.3 -27.0 -34.1
34152 2  1940  1929  1964  1904  1961  1963  1926  1900  1941  1941  1998  1997
34152 3     .     .     .     .     .     .     .     .     .     .     .     .
34163 1 -41.0 -39.5 -32.8 -18.6  -8.6  -2.3   3.2  -0.3  -6.3 -21.6 -28.9 -38.1
34163 2  1892  1893  1964  1963  1913  1930  1902  1944  1949  1941  1920  1892
34163 3     .     .     .     .     .     .     .     .     .     .     .     .
34186 1 -40.7 -40.6 -30.7 -19.0  -6.2  -2.5   5.2  -0.2  -6.2 -19.0 -28.9 -36.8
34186 2  1942  1929  1964  1963  1918  1916  1902  1932  1941  1976  1961  1934
34186 3     .     .     .     .     .     .     .     .     .     .     .     .
34579 1 -37.3 -36.3 -28.2 -18.9  -3.3   1.3   7.5   4.1  -4.2 -14.6 -28.3 -35.2
34579 2  1935  1951  1932  1952  1913  1916  1947  1932  1973  1940  1953  1908
34579 3     .     .     .     .     .     .     .     .     .     .     .     .
34720 1 -32.0 -29.5 -23.7  -7.4  -0.9   4.6   8.8   7.3  -1.3 -10.3 -20.9 -26.1
34720 2  1935  1954  1929  1904  1904  1916  1897  1966  1902  1912  1931  1945
34720 3     .     .     .     .     .     .     .     .     .     .     .     .
34740 1 -33.5 -31.4 -25.9  -7.4  -2.9   3.6   7.7   2.7  -2.3 -10.4 -30.8 -29.9
34740 2  1950  1954  1986  2005  1952  1967  1973  1966  1941  1976  1953  1945
34740 3     .     .     .  2003     .     .     .     .     .     .     .     .
34866 1 -35.5 -35.5 -30.4  -9.9  -5.7   3.1   6.3   4.0  -6.2 -18.2 -26.6 -32.0
34866 2  1935  1954  1954  2009  1952  1947  1947  1944  1973  1976  1953  1938
34866 3     .     .     .     .     .     .     .     .     .     .     .     .
34880 1 -31.8 -33.0 -26.9  -8.9  -1.1   6.1  10.1   6.0  -2.0 -10.5 -25.8 -29.9
34880 2  1883  1954  1954  1904  1918  1967  1973  1984  1986  1976  1931  1892
34880 3     .     .     .     .     .     .     .     .     .     .     .     .
34927 1 -36.4 -33.1 -25.6  -8.7  -2.2   3.9   8.3   3.9  -2.2  -9.9 -23.2 -29.0
34927 2  1935  1929  1986  1926  1940  1930  1926  1950  1970  1951  1931  1933
34927 3     .     .     .     .     .     .     .     .     .     .     .     .
34949 1 -30.6 -27.7 -22.2 -11.2  -2.8   2.6   5.0   4.9  -4.0 -14.0 -25.6 -24.3
34949 2  1935  1969  1929  1893  1915  1916  1935  1900  1916  1911  1953  1898
34949 3     .     .     .     .     .     .     .     .     .     .     .     .
35011 1 -43.4 -39.0 -34.3 -23.6  -6.3  -1.0   4.3  -0.3  -6.4 -21.6 -33.2 -40.1
35011 2  1940  1994  1964  1963  1969  1979  1947  1976  1964  1940  1953  1934
35011 3     .     .     .     .     .     .     .     .     .     .     .     .
36038 1 -47.3 -47.5 -38.9 -26.2 -12.4  -3.0   1.9  -2.0  -8.3 -26.5 -44.5 -48.9
36038 2  2001  1969  1971  1979  1931  1971  1964  1948  1969  1901  1987  1938
36038 3     .     .     .     .     .     .     .     .     .     .     .     .
36064 1 -36.2 -38.7 -28.8 -24.3 -10.1  -1.3   1.6   0.1  -4.9 -18.7 -33.0 -33.5
36064 2  1969  1951  1995  1964  1932  1961  1972  1967  1969  1987  1987  1938
36064 3     .     .     .     .     .  1933     .     .     .     .     .     .
36096 1 -52.6 -54.0 -45.2 -27.3 -10.7  -1.8   2.8  -0.7 -10.1 -20.5 -46.1 -52.6
36096 2  1969  1945  1951  1950  1946  1958  1971  2006  1944  1976  1952  1947
36096 3     .     .     .     .     .     .     .     .     .     .     .     .
36229 1 -48.5 -43.9 -37.8 -25.0 -10.7  -3.0  -1.2  -4.5  -9.8 -22.6 -42.0 -46.4
36229 2  1940  1951  1951  1979  1960  2007  1936  1938  1969  1987  1944  1966
36229 3     .     .     .     .     .     .     .     .     .     .     .     .
36259 1 -55.1 -50.9 -47.9 -34.0 -13.8  -6.5  -2.2  -6.2 -24.3 -32.3 -46.7 -51.2
36259 2  1940  1936  1936  1939  1946  1942  1940  1938  1968  1940  1954  1947
36259 3     .     .     .     .     .     .     .     .     .     .     .     .
36307 1 -52.3 -49.3 -44.9 -31.8 -11.6  -3.5   0.2  -3.1 -11.4 -24.6 -44.1 -50.9
36307 2  1955  1968  1951  1950  1969  1964  1971  1953  1972  1972  1952  1954
36307 3     .  1957     .     .     .     .     .     .     .     .     .     .
37001 1 -26.4 -21.7 -13.9  -5.9   0.0   4.9   8.2   6.3   0.3  -6.3 -18.4 -21.2
37001 2  1940  1929  1929  1926  1986  1933  1957  1944  1956  1977  1953  1924
37001 3     .     .     .     .     .     .     .     .     .     .     .     .
37061 1 -34.0 -36.5 -29.5 -10.1  -4.1   4.0   6.3   2.9  -3.6 -11.1 -33.0 -29.7
37061 2  1940  1954  1929  1926  1948  1930  1926  1933  1956  1949  1931  2002
37061 3     .     .     .     .     .     .     .     .     .     .     .     .
37107 1 -22.5 -19.5 -16.7 -10.6  -0.4   2.6   7.7   4.1  -1.0  -6.1 -13.2 -22.1
37107 2  1950  1929  1929  1965  1976  1978  1982  1923  1941  1965  1953  1924
37107 3     .     .     .     .     .     .     .     .     .     .     .     .
37126 1 -27.9 -24.6 -22.1 -19.9 -12.0  -3.8  -2.2  -1.0 -12.2 -20.1 -21.5 -26.0
37126 2  1964  1959  1990  2004  1988  1984  1981  1950  1956  1979  1953  1955
37126 3     .     .     .     .     .     .     .     .     .     .     .     .
37228 1 -27.7 -26.2 -22.6 -15.6  -2.8   3.3   7.8   5.9  -4.9 -10.0 -23.1 -24.0
37228 2  1907  1945  1928  1926  1952  1908  1912  1950  1956  2001  1931  1899
37228 3     .     .     .     .     .     .     .     .     .     .     .     .
37470 1 -18.9 -19.0 -13.1  -3.1   3.7   7.8  12.0  12.6   5.0  -3.4 -15.0 -16.1
37470 2  1972  1969  1972  2004  1915  1913  1992  1923  1986  1976  1931  1933
37470 3     .     .     .     .     .     .     .     .     .     .     .     .
37472 1 -25.1 -22.0 -13.5  -5.1   0.0   7.0  10.0   8.0   0.7  -6.6 -19.6 -22.3
37472 2  1893  1969  1929  2004  1992  1999  1992  1898  1956  2001  1931  1924
37472 3     .     .     .     .  1952     .     .     .     .     .     .     .
37663 1 -22.8 -21.7 -17.5 -12.8  -1.2   0.2   3.0   5.5  -3.5 -10.2 -19.2 -18.0
37663 2  1940  1976  1965  1946  1940  1967  1992  1912  1956  1945  1953  1946
37663 3     .  1945     .     .     .     .     .     .     .     .     .     .
31152 1 -54.4 -52.9 -47.6 -40.7 -20.3  -4.6  -2.0  -4.2 -12.6 -32.8 -49.3 -52.7
31152 2  1996  1969  1946  1956  1954  1950  1955  1955  1987  1979  1946  2008
31152 3  1980     .     .     .     .     .     .     .     .     .     .     .
