20069  1  5   XI  4    X 31  XII 26   IV 12  III 19    V   173    117    208   81
20069  2          (1993)  (1957)          (1995)  (1964)       (1957) (1992)
20087  1 28    X  4    X 15  XII 30   IV  7   IV 23    V   185    142    224   75
20087  2          (1974)  (2002)          (2007)  (1964)       (2002) (1964)
20292  1 29    X 10    X 16  XII  2    V 26  III 18    V   186    141    215   75
20292  2          (1993)  (1945)          (1995)  (1965)       (1945) (1993)
20476  1 30    X  1    X  8  XII 27   IV 25  III 14    V   180    147    204   86
20476  2          (1999)  (1994)          (1995)  (1979)       (1994) (1999)
20667  1 23   XI 15    X 29  XII 18   IV  3  III 31    V   147     90    228   62
20667  2          (1999)  (1945)          (2007)  (1999)       (1961) (1999)
20674  1 12   XI 10    X 29  XII 17   IV 21    I 14    V   157     34    205   94
20674  2          (1999)  (1945)          (2012)  (1998)       (2012) (1999)
20744  1 18  XII  9   XI 31  XII 13   II  8    I 17   IV    58     14    137   44
20744  2          (1958)  (1939)          (1996)  (1987)       (1968) (1969)
20891  1 23    X  2    X 16   XI 21   IV 12  III 11    V   181    121    214   91
20891  2          (1999)  (1949)          (2011)  (1959)       (2011) (1959)
20982  1 26    X  7    X 13  XII 15   IV 11  III 11    V   172     89    208   89
20982  2          (1975)  (1968)          (2011)  (1984)       (1968) (1965)
21432  1 27    X 12    X 17   XI  1    V  6   IV 16    V   187    152    209   87
21432  2          (1971)  (1944)          (2014)  (1961)       (2013) (1965)
21802  1 22    X  2    X 11   XI 25   IV 18  III 13    V   186    138    214   78
21802  2          (1999)  (2011)          (2014)  (1965)       (2014) (1978)
21908  1 22    X  2    X 11   XI 14   IV 15  III 30   IV   175    128    197   78
21908  2          (1999)  (2011)          (2014)  (2006)       (2011) (1994)
21921  1 23    X  9    X  7   XI 17   IV 14  III  9    V   177    140    205   76
21921  2          (1980)  (1984)          (1943)  (1965)       (1943) (1965)
21931  1 22    X 11    X  4   XI 22   IV 21  III 11    V   183    141    213   89
21931  2          (1957)  (1984)          (2014)  (1957)       (2014) (1957)
21946  1 22    X 10    X  8   XI 26   IV 26  III 17    V   187    145    213   92
21946  2          (1980)  (2004)          (2011)  (1950)       (2011) (1950)
21982  1 18   XI 13    X 15  XII 21   IV 11  III  9    V   155    100    194   93
21982  2          (1932)  (2008)          (2002)  (1965)       (2002) (1932)
22113  1 22  XII  4  XII 31  XII 20    I  2    I 20   II    30      9     55   14
22113  2          (1986)  (1943)          (1978)  (1998)       (1978) (1998)
22217  1 21  XII  4  XII 30  XII 26    I  2    I 25   II    37     10     59   17
22217  2          (1986)  (1951)          (1962)  (2011)       (1951) (1979)
22235  1 20  XII 24   XI 24   XI  5   II  2    I  5   IV    48      6    109   36
22235  2          (1956)  (1953)          (1934)  (1940)       (1934) (1966)
22471  1 16  XII 24   XI 31  XII  8   II  5    I 28   II    55     20     89   33
22471  2          (2011)  (1982)          (1983)  (2010)       (1989) (2011)
22550  1 20  XII 26   XI 26   XI 29    I  3    I 21  III    41      7     80   31
22550  2          (1956)  (1917)          (1956)  (1963)       (1932) (1963)
22641  1 21  XII  4  XII 31  XII 25    I  6    I 15   II    36     14     65   20
22641  2          (1942)  (1963)          (2011)  (1940)       (2010) (1942)
22676  1 16  XII 24   XI 24   XI 12   II  9    I 31  III    59     14     94   41
22676  2          (2011)  (1977)          (1989)  (1963)       (1989) (2011)
22768  1 19  XII 16   XI 31  XII 28    I  3    I 25   II    41      6     80   29
22768  2          (1891)  (1907)          (1989)  (1893)       (1932) (1956)
22837  1 22  XII  4  XII 31  XII 30    I  6    I 20  III    40      8    106   12
22837  2          (1942)  (1963)          (1896)  (1942)       (1948) (1942)
23022  1  9  XII  5   XI 31  XII 23  III  9    I  5    V   105     24    170   76
23022  2          (1958)  (1947)          (1996)  (1966)       (1996) (1966)
23032  1  1  XII 25    X 30  XII 31  III 13    I  5    V   121     46    178   75
23032  2          (1969)  (1936)          (1934)  (1966)       (1944) (1969)
23058  1 12   XI 15    X 17  XII 18   IV 17  III 11    V   158    118    194   59
23058  2          (1983)  (1970)          (2011)  (1998)       (2012) (1983)
23074  1  3   XI 16    X 13  XII 14   IV  5  III  6    V   163    119    194   82
23074  2          (1983)  (1968)          (1994)  (1996)       (1994) (1941)
23205  1 12  XII 14   XI 31  XII 25   II 13    I  7   IV    76     23    132   62
23205  2          (1956)  (1955)          (1939)  (1963)       (1991) (1966)
23242  1 20   XI 25    X 31  XII  5   IV 23   II  5    V   137     81    186   91
23242  2          (1969)  (1945)          (1993)  (1966)       (1968) (1966)
23256  1 10   XI 16    X 19  XII  7   IV 15   II  8    V   149     81    194   87
23256  2          (1983)  (1951)          (1993)  (1952)       (1968) (1941)
23274  1  5   XI 14    X  8  XII 26  III 15   II 25   IV   142    105    179   91
23274  2          (1975)  (1987)          (1943)  (1941)       (1943) (1941)
23324  1  3  XII  1   XI 31  XII  9  III 24    I 14   IV    97     35    139   56
23324  2          (1985)  (1947)          (1935)  (1964)       (2000) (1979)
23330  1 21   XI 24    X 30  XII 23  III 29    I 24   IV   123     46    174   89
23330  2          (1903)  (1945)          (1935)  (1888)       (1935) (1888)
23383  1  2   XI 15    X 28   XI  2   IV 25   II 27   IV   152    119    179   87
23383  2          (1975)  (1979)          (1990)  (1958)       (1990) (1958)
23405  1 12  XII 13   XI 13   XI 16   II  7    I 14   IV    67     13    146   55
23405  2          (1903)  (1929)          (1901)  (1902)       (1901) (1902)
23445  1 21   XI 22    X 30  XII 16  III 10   II 27   IV   116     41    164   93
23445  2          (1966)  (2012)          (2012)  (2006)       (2012) (1969)
23463  1  9   XI 14    X 20  XII 22  III 16   II 24   IV   134     95    172   84
23463  2          (1975)  (1982)          (1962)  (1984)       (1972) (1988)
23472  1  8   XI 14    X  9  XII 18  III 20   II 18   IV   131     93    172   98
23472  2          (1975)  (1987)          (1983)  (1999)       (2002) (1999)
23552  1 20   XI 27    X 31  XII 19  III 29    I 27   IV   120     50    162   91
23552  2          (1953)  (1945)          (1944)  (1979)       (1944) (1960)
23631  1 28   XI 29    X 31  XII  5  III 12    I  9   IV    98     45    153   91
23631  2          (1969)  (1983)          (1962)  (1952)       (1937) (1969)
23662  1 17   XI 26    X 30  XII 13  III 30    I 17   IV   117     52    161   91
23662  2          (1954)  (1989)          (1995)  (1964)       (1989) (1960)
23678  1 15   XI 24    X 31  XII  9  III 25    I 13   IV   115     31    159   95
23678  2          (1977)  (1989)          (1934)  (1964)       (1989) (1915)
23711  1 12  XII 13   XI 13   XI 13   II  4    I  1   IV    64      9    108   63
23711  2          (1895)  (1929)          (1930)  (1963)       (1935) (1902)
23724  1 30   XI  6   XI 27  XII 23   II 11    I  1   IV    86     28    130   77
23724  2          (1985)  (1937)          (1962)  (1963)       (2008) (1957)
23734  1 29   XI  2   XI 27  XII  1  III 12    I  1   IV    93     49    137   85
23734  2          (1985)  (1937)          (1962)  (1963)       (1944) (1999)
23867  1 25   XI 30    X 31  XII  1  III 13    I 25  III    97     43    145   86
23867  2          (1954)  (1974)          (1993)  (1976)       (2008) (1960)
23884  1 21   XI 24    X 24    X  4  III 25    I  3   IV   104     29    140   94
23884  2          (1977)  (1989)          (1993)  (1964)       (1989) (1937)
23891  1  8   XI 15    X  9  XII 14  III 18   II 13   IV   127     86    155   95
23891  2          (1975)  (1987)          (1963)  (1964)       (1989) (1964)
23914  1 14  XII 10   XI 31  XII  8   II  7    I 24  III    57      9     94   54
23914  2          (1908)  (1953)          (1935)  (1963)       (1935) (1963)
23921  1  5  XII  7   XI 31  XII 18   II 17    I 31  III    76     27    119   73
23921  2          (1985)  (1963)          (1991)  (1963)       (1991) (1985)
23933  1  4  XII  2   XI 31  XII 23   II  9    I 26  III    82     28    130   62
23933  2          (1985)  (1974)          (1916)  (1971)       (2008) (1958)
23955  1 30   XI  2   XI 31  XII 28   II 13    I 25  III    91     29    134   91
23955  2          (1954)  (1974)          (1993)  (1982)       (2008) (1954)
23966  1 23   XI 24    X 24    X 28   II 13    I 25  III    98     55    149   92
23966  2          (1977)  (1989)          (1993)  (1999)       (1989) (1977)
23986  1 19   XI 25    X 25    X  5  III 25    I  4   IV   107     30    140   92
23986  2          (1977)  (1989)          (1993)  (1964)       (1989) (1954)
24125  1 24    X  8    X 11   XI 10   IV 18  III 27   IV   169    128    191   87
24125  2          (1978)  (1984)          (2003)  (1958)       (2011) (1957)
24136  1 23    X  8    X 12   XI 10   IV 20  III 27   IV   170    128    198   91
24136  2          (1978)  (2011)          (2011)  (1983)       (2011) (1983)
24143  1 24    X  8    X 13   XI  8   IV  6  III 30   IV   167    132    188   82
24143  2          (1978)  (1984)          (1943)  (2006)       (1943) (1983)
24266  1 18    X  8    X  7   XI 13   IV 14  III  1    V   178    151    202   74
24266  2          (1888)  (1928)          (1930)  (1959)       (1930) (1959)
24329  1 25    X 10    X 12   XI  7   IV 28   II 27   IV   165    137    190   80
24329  2          (1959)  (1984)          (1990)  (2006)       (1990) (2001)
24343  1 25    X  8    X  7   XI  5   IV 13  III 22   IV   163    138    185   82
24343  2          (1978)  (1948)          (1990)  (1950)       (2003) (2001)
24382  1 18    X  4    X 31    X 12   IV 20  III 27   IV   177    144    195   82
24382  2          (1974)  (2000)          (2009)  (1967)       (2009) (1974)
24507  1 31    X 14    X 27   XI 26  III 26   II 23   IV   147    108    170   94
24507  2          (1975)  (2005)          (1990)  (1984)       (1998) (1966)
24606  1 31    X 15    X 22   XI 25  III 26   II 15   IV   146    102    170   88
24606  2          (1975)  (1972)          (1990)  (1964)       (2002) (1980)
24641  1 30    X 14    X 18   XI 29  III  7  III 13   IV   151    113    173   87
24641  2          (1918)  (2011)          (1926)  (1949)       (2002) (1966)
24661  1 24    X  9    X  6   XI 31  III 10  III 24   IV   159    133    177   81
24661  2          (1978)  (2013)          (1943)  (1955)       (2008) (1957)
24671  1 21    X 11    X  6   XI  7   IV 24  III 16   IV   169    149    182   76
24671  2          (1978)  (2013)          (2008)  (1993)       (2008) (1981)
24688  1 17    X  4    X 30    X 15   IV 19  III 25   IV   181    151    199   83
24688  2          (1963)  (1996)          (2009)  (1947)       (2009) (1963)
24713  1  3   XI 15    X 29   XI 25  III 22   II 14   IV   143    100    169   66
24713  2          (1975)  (1979)          (1998)  (1952)       (2002) (1966)
24738  1  3   XI 19    X 29   XI 25  III 22   II 17   IV   143    100    169   94
24738  2          (1983)  (1979)          (1998)  (1991)       (1998) (1966)
24790  1 20    X  6    X 18   XI 11   IV 24  III 24   IV   174    135    196   94
24790  2          (1978)  (2007)          (1943)  (1956)       (2007) (1956)
24817  1  6   XI 15    X 29   XI 20  III 22   II  9   IV   135     99    170   95
24817  2          (1975)  (1979)          (1998)  (1980)       (2002) (1980)
24908  1 10   XI 24    X  9  XII 15  III 11   II 14   IV   126     79    155   93
24908  2          (1936)  (1987)          (2002)  (1964)       (1989) (1964)
24959  1 29    X 16    X 13   XI 31  III  8  III 18   IV   154    133    177   89
24959  2          (2001)  (1904)          (1990)  (1991)       (1989) (1916)
24966  1 30    X 16    X 18   XI 29  III  7  III 16   IV   151    122    177   78
24966  2          (2001)  (2006)          (1990)  (1913)       (1901) (1913)
24967  1 30    X 11    X 14   XI 31  III  4  III 22   IV   153    124    171   85
24967  2          (1978)  (2006)          (2008)  (1987)       (2008) (1960)
25062  1 11   XI 17    X 14  XII 26   IV 31  III 13    V   167    114    199   71
25062  2          (1964)  (2008)          (2007)  (1982)       (2007) (1964)
25138  1 26    X 11    X  6  XII 11   IV 11  III  3    V   168    116    194   89
25138  2          (1987)  (2013)          (2011)  (1965)       (2002) (1987)
25173  1 16   XI 26    X 15  XII 24   IV 25  III 16    V   160    110    203   82
25173  2          (1958)  (2008)          (1954)  (1956)       (2007) (1958)
25206  1 25    X 15    X 11   XI 16   IV 18  III  3    V   174    148    192   86
25206  2          (1977)  (2008)          (1990)  (1982)       (1990) (1961)
25248  1 22    X  7    X 13   XI 22   IV 25  III  8    V   183    147    205   80
25248  2          (1949)  (2002)          (1990)  (1974)       (1990) (1987)
25282  1 23   XI 27    X 21  XII 22   IV  5   IV  6    V   151    118    184   77
25282  2          (1970)  (2011)          (1989)  (1971)       (2007) (1970)
25325  1 25    X 13    X  2  XII 13   IV 27  III  1    V   171    119    192   77
25325  2          (1947)  (2007)          (2009)  (1979)       (2007) (1977)
25356  1  5   XI 16    X 13  XII 14   IV  3  III  5    V   161    110    192   93
25356  2          (1959)  (2008)          (2002)  (1968)       (1996) (1968)
25378  1  6  XII  7   XI 30  XII 17  III  8    I 23   IV   102     19    159   57
25378  2          (1970)  (1984)          (1969)  (1984)       (2003) (1970)
25399  1 11  XII 22   XI 30  XII  3   IV  1   II  3    V   114     58    149   59
25399  2          (1989)  (1984)          (1989)  (1985)       (2011) (1980)
25400  1 25    X 12    X  9   XI 12   IV 23  III  2    V   170    141    192   78
25400  2          (1977)  (2004)          (2011)  (1968)       (1985) (1977)
25428  1 26    X 11    X  6  XII 12   IV  8  III  6    V   169    123    198   80
25428  2          (1970)  (2013)          (2011)  (1965)       (2011) (1965)
25503  1 24    X 10    X 19   XI 10   IV 19  III 27   IV   169    134    194   72
25503  2          (1984)  (2007)          (1952)  (1969)       (2007) (1977)
25538  1 31    X 11    X  6  XII 10   IV 13  III  2    V   162    105    189   64
25538  2          (1991)  (1986)          (2007)  (1998)       (2007) (1998)
25551  1 10   XI 17    X 12  XII  9   IV  2  III  6    V   151     93    182   70
25551  2          (1981)  (2008)          (1935)  (1985)       (1967) (1904)
25563  1 24   XI 29    X 29  XII  1   IV  1   II 30   IV   129     59    168   72
25563  2          (1949)  (1984)          (1989)  (1951)       (2007) (1949)
25594  1 17  XII 28   XI 31  XII 22   II  2    I  9   IV    68      8    113   44
25594  2          (1943)  (1953)          (1937)  (1971)       (1963) (1966)
25677  1 11  XII  8   XI  8   XI 20  III 11    I 16   IV   100     29    133   44
25677  2          (1970)  (1965)          (1967)  (1975)       (1967) (1975)
25705  1 24    X 12    X 20   XI 10   IV 18  III 24   IV   169    133    191   93
25705  2          (2014)  (2007)          (2008)  (1956)       (2007) (1977)
25745  1 18   XI 27    X 27    X 28  III  5   II 22   IV   131     72    168   85
25745  2          (1984)  (2001)          (1982)  (1974)       (1982) (1976)
25927  1 12  XII 19   XI 19   XI 13  III 13    I 11   IV    92     41    134   72
25927  2          (1939)  (1997)          (1963)  (1942)       (1947) (1959)
25932  1 21  XII  3  XII 30  XII 12   II 13    I 29  III    54     20    100   23
25932  2          (1988)  (1952)          (1951)  (1977)       (1951) (1988)
25954  1 14  XII 21   XI 31  XII 10   II  5    I 31  III    59     12    123   40
25954  2          (1989)  (1965)          (1961)  (1977)       (1961) (1988)
25956  1 17  XII 30   XI 31  XII  8   II  7    I 22  III    54     15     99   24
25956  2          (1958)  (1965)          (1992)  (1947)       (1992) (1988)
27037  1 22  XII  4  XII  4  XII  1   II  3    I 26   II    42      6     83   23
27037  2          (1942)  (1953)          (1977)  (1956)       (1948) (1956)
27051  1 18  XII 17   XI 30  XII 29    I  4    I 25   II    43      6     82   24
27051  2          (1891)  (1892)          (1931)  (2011)       (1932) (1956)
27333  1 24  XII  4  XII  4  XII 27    I  4    I 26   II    35      6     83   17
27333  2          (1956)  (1929)          (1951)  (1956)       (1948) (1956)
27459  1 24  XII  4  XII  4  XII 27    I  3    I  1  III    35      8     70   16
27459  2          (1956)  (1929)          (1909)  (1954)       (1909) (1956)
27595  1 21  XII  5  XII 30  XII 31    I  7    I  9  III    42     10     94   26
27595  2          (1898)  (1888)          (1915)  (1898)       (1901) (1898)
27648  1 24  XII  8  XII  8  XII 21    I  3    I 13   II    29      6     66   18
27648  2          (1956)  (1929)          (1939)  (1929)       (1951) (1956)
27675  1 22  XII  4  XII  4  XII 23    I  3    I  1  III    33      9     71   23
27675  2          (1967)  (1929)          (1947)  (1954)       (1915) (1967)
27857  1 25  XII 13  XII 13  XII 29    I  3    I 28   II    36      7     69   17
27857  2          (1891)  (1929)          (1916)  (1951)       (1909) (1900)
27995  1 23  XII 10  XII 10  XII  2   II  2    I 14  III    42      7     86   28
27995  2          (1947)  (1929)          (1988)  (1951)       (1906) (1919)
28009  1 16  XII 29   XI 30  XII  4   II  8    I  1  III    51     12     84   39
28009  2          (1985)  (1972)          (2000)  (2011)       (2000) (1967)
28064  1  7  XII  4   XI 31  XII 14   II  5    I  1   IV    70     17    124   73
28064  2          (1985)  (1963)          (1993)  (1971)       (1962) (1958)
28138  1 11  XII 14   XI 31  XII 10   II  4    I 12  III    62     19    102   61
28138  2          (1903)  (1953)          (1890)  (1896)       (2000) (1929)
28224  1 18  XII 16   XI 16   XI  2   II  3    I  8  III    47     12     90   47
28224  2          (1891)  (1913)          (1946)  (1898)       (1904) (1956)
28255  1 12  XII  7   XI 31  XII 10   II  4    I  4  III    61     19    113   57
28255  2          (1985)  (1953)          (1946)  (1971)       (2000) (1985)
28275  1  8  XII  3   XI 31  XII 15   II  6    I 25  III    70      8    126   76
28275  2          (1954)  (1906)          (1993)  (1982)       (1993) (1999)
28418  1 19  XII 28   XI 31  XII 31    I  2    I  4  III    44      7     84   40
28418  2          (1934)  (1950)          (1925)  (1954)       (2000) (1969)
28434  1 15  XII 17   XI 17   XI  7   II  3    I  6  III    55     12     96   53
28434  2          (1988)  (1937)          (1992)  (1969)       (2000) (1969)
28493  1  7  XII  3   XI  3   XI 19   II  7    I 24  III    75     19    133   80
28493  2          (1954)  (1965)          (1993)  (1999)       (2000) (1954)
28552  1 17  XII 25   XI 25   XI  6   II  4    I  5  III    52     10     91   54
28552  2          (2002)  (1937)          (1992)  (1956)       (1989) (1969)
28573  1 10  XII  3   XI  3   XI 18   II  6    I 22  III    71      8    133   75
28573  2          (1954)  (1965)          (1946)  (1942)       (1993) (1954)
28666  1 13  XII  3   XI 30  XII 19   II  6    I 22  III    69      8    137   67
28666  2          (1954)  (1940)          (1946)  (1942)       (1993) (1954)
28698  1 10  XII  3   XI 30  XII 19   II  5    I 25  III    72      7    125   73
28698  2          (1954)  (1940)          (1962)  (1969)       (1993) (1969)
28704  1 22  XII 30   XI 30   XI  9   II 10    I 14  III    50     19     94   32
28704  2          (2003)  (1937)          (2003)  (1951)       (2008) (1956)
28722  1 19  XII 30   XI 30   XI 31    I  2    I  7  III    44      8     91   37
28722  2          (1985)  (1953)          (1910)  (1994)       (1906) (1945)
28748  1 16  XII 17   XI 17   XI 10   II  4    I 22  III    57     12     97   59
28748  2          (1988)  (1937)          (1992)  (1942)       (1962) (1942)
29111  1  3  XII  3   XI 31  XII 20   II  5    I 24  III    80      6    134   82
29111  2          (1953)  (1914)          (1992)  (1999)       (1983) (1969)
29231  1  2  XII 31    X 31    X 22   II  5    I 29  III    83      9    136   90
29231  2          (1977)  (1989)          (1949)  (1971)       (1983) (1977)
29263  1 29   XI 30    X 30    X 23   II  9    I 26  III    87     25    134   86
29263  2          (1960)  (1989)          (1983)  (1912)       (1989) (1977)
29282  1 25   XI 27    X 31  XII  1  III 23    I 26  III    97     45    144   87
29282  2          (1977)  (2014)          (1934)  (1958)       (1949) (1977)
29313  1  4  XII  3   XI  3   XI 19   II  5    I 25  III    78     25    126   88
29313  2          (1954)  (1989)          (1932)  (1999)       (1989) (1954)
29328  1  6  XII  3   XI  3   XI 18   II  5    I 24  III    75     19    127   81
29328  2          (1953)  (1965)          (1949)  (1969)       (1989) (1969)
29379  1 26   XI  5   XI 25  XII 21   II 25    I 20  III    88     45    127   78
29379  2          (1997)  (2007)          (1993)  (1999)       (1989) (1999)
29570  1  9  XII  4   XI 31  XII 10   II  3    I 12  III    64     12    117   67
29570  2          (1953)  (1937)          (1952)  (1970)       (1941) (1985)
29594  1  6  XII  4   XI 31  XII 17   II  5    I 17  III    74     11    122   78
29594  2          (1953)  (1937)          (2007)  (1946)       (2007) (2010)
29612  1  8  XII  3   XI  3   XI 24   II  5    I 25  III    79      9    130   76
29612  2          (1954)  (1965)          (1962)  (1958)       (1962) (1942)
29645  1 10  XII 10   XI 10   XI 12   II  5    I 13  III    65     11    119   72
29645  2          (1994)  (1989)          (1992)  (1970)       (1989) (1994)
29752  1  9  XII 26    X 30  XII 12   II  3    I 30  III    66      7    131   56
29752  2          (1936)  (1940)          (1965)  (1971)       (1965) (1936)
29789  1  7  XII  4   XI 31  XII 19   II  6    I  1   IV    75     20    133   89
29789  2          (1966)  (1937)          (2003)  (1971)       (1959) (1966)
29866  1  8  XII  9   XI 30  XII 20   II  4    I 21  III    75     18    122   76
29866  2          (1948)  (2008)          (1946)  (1916)       (1991) (1957)
29939  1 12  XII 11   XI 11   XI 14   II  3    I 26  III    65      6    121   65
29939  2          (1994)  (1965)          (1997)  (1969)       (1997) (1994)
30054  1 12   XI 27    X 11  XII 16  III 30    I  7   IV   125     58    153   95
30054  2          (1973)  (1987)          (1989)  (1958)       (1989) (1999)
30089  1  5   XI 25    X 20   XI 23  III  1  III 10   IV   139    101    159   86
30089  2          (1945)  (2002)          (2002)  (1951)       (2002) (1951)
30230  1 17   XI 21    X 19  XII 10  III  9   II  1   IV   114     68    162   87
30230  2          (1980)  (1952)          (1905)  (1980)       (1894) (1980)
30252  1 12   XI 27    X  6  XII 15  III 11   II  2   IV   124     87    149   95
30252  2          (1973)  (1987)          (1989)  (1966)       (1996) (1966)
30309  1  1  XII  3   XI 31  XII 26   II 11    I 22  III    88     37    131   86
30309  2          (1913)  (2014)          (1992)  (1936)       (1963) (1936)
30372  1  4   XI 19    X 23   XI 24  III 27   II  7   IV   141    104    160   91
30372  2          (1985)  (1972)          (1998)  (1964)       (2002) (1977)
30385  1  6   XI 25    X 23   XI 17  III 27   II  3   IV   132    102    150   95
30385  2          (1945)  (2002)          (1998)  (1966)       (2002) (1945)
30393  1  3   XI 21    X 23   XI 23  III 27   II 10   IV   141    102    163   94
30393  2          (2003)  (1972)          (1998)  (1966)       (2002) (1966)
30433  1  4  XII  6   XI  6   XI 10  III  5   II 30  III    97     51    133   90
30433  2          (1953)  (1937)          (1995)  (1971)       (2008) (1999)
30521  1 18   XI 29    X 20  XII  9  III  2   II 28  III   112     66    137   95
30521  2          (1975)  (1952)          (2002)  (1971)       (2002) (1945)
30554  1  9   XI 21    X  5  XII 17  III 23   II  2   IV   129     86    151   89
30554  2          (2003)  (1989)          (1998)  (1945)       (1989) (1945)
30612  1 27   XI  4   XI 20  XII  7  III 14   II 23  III   101     78    128   95
30612  2          (1966)  (1952)          (2003)  (1945)       (1989) (1966)
30636  1 25   XI 30    X 30  XII  8  III  2   II 30  III   104     64    134   86
30636  2          (1975)  (1940)          (1902)  (1910)       (1902) (1945)
30650  1 14   XI 29    X  7  XII 13  III 18   II  9   IV   120     85    149   85
30650  2          (1973)  (1984)          (2002)  (1958)       (2002) (1958)
30673  1  9   XI 25    X 28   XI 15  III 20   II  2   IV   127     95    147   75
30673  2          (1973)  (2005)          (1963)  (1955)       (1983) (1954)
30710  1  6  XII 12   XI 30  XII 24   II 13    I 25  III    81     16    121   88
30710  2          (1923)  (1984)          (1997)  (1898)       (1997) (1922)
30758  1 21   XI 29    X 20  XII  6  III  8   II 26  III   106     74    137   89
30758  2          (1977)  (1952)          (2007)  (1956)       (2002) (1909)
30777  1 15   XI 30    X 11  XII 11  III 21   II 29  III   117     82    138   92
30777  2          (1973)  (1959)          (1998)  (1987)       (1959) (2010)
30844  1 22   XI  5   XI 22  XII  6  III  3   II 28  III   105     59    133   89
30844  2          (1977)  (1974)          (2002)  (1999)       (2002) (1999)
30879  1 16   XI 31    X 11  XII 11  III 16   II  2   IV   116     82    147   89
30879  2          (1918)  (1959)          (1903)  (1909)       (1959) (1909)
30925  1  3  XII  7   XI 29  XII 24   II 26    I 16  III    84     36    121   75
30925  2          (1975)  (1983)          (1994)  (1896)       (2007) (1904)
30935  1 22   XI  6   XI 14  XII  5  III 28    I 22  III   104     63    128   75
30935  2          (1953)  (1989)          (2002)  (1970)       (2002) (1980)
30949  1 27   XI  6   XI 23  XII 26   II 31    I 25  III    92     56    119   78
30949  2          (1953)  (1974)          (2007)  (1937)       (1949) (1955)
30965  1 18   XI 31    X 14  XII 11  III  8   II  2   IV   114     70    148   82
30965  2          (1982)  (1959)          (1995)  (1909)       (1995) (1909)
31004  1  7   XI 22    X 30   XI 19  III 17   II  3   IV   133     88    161   96
31004  2          (1980)  (1979)          (2002)  (1988)       (2002) (1980)
31088  1 23   XI 27    X 21  XII  7  III 23    I 10   IV   105     46    150   72
31088  2          (1916)  (2014)          (1997)  (1914)       (2014) (1959)
31137  1 29    X 15    X 15   XI  1   IV 11  III 15   IV   155    121    171   85
31137  2          (1983)  (2006)          (2008)  (1966)       (2008) (1966)
31168  1  5  XII  6   XI 31  XII 22   II 18    I 19  III    80     39    131   83
31168  2          (1966)  (1962)          (1984)  (1942)       (1962) (1966)
31174  1  7  XII 17   XI 28  XII  7  III  3    I 29  III    91      8    124   81
31174  2          (2001)  (1952)          (1991)  (1961)       (1991) (1961)
31253  1  9   XI 24    X  1  XII 12  III 22   II 30  III   124     96    145   77
31253  2          (1980)  (2014)          (1998)  (1999)       (2014) (1980)
31329  1 11   XI 24    X 28   XI 17  III 22   II  2   IV   127     99    159   91
31329  2          (1980)  (1924)          (1994)  (1929)       (1994) (1980)
31369  1  2  XII 11   XI 30  XII  6  III  3   II  2   IV    95     60    129   82
31369  2          (1883)  (1962)          (2002)  (1914)       (2014) (1914)
31416  1 20   XI  5   XI 10  XII  8  III  6   II 29  III   109     73    137   94
31416  2          (1944)  (1991)          (2002)  (1941)       (1990) (1955)
31439  1 28   XI 10   XI 22  XII  5  III  6   II 25  III    98     67    119   91
31439  2          (1953)  (1941)          (2002)  (1962)       (2014) (1967)
31478  1 10   XI 25    X 30   XI 20  III  8  III  3   IV   131    109    160   92
31478  2          (1980)  (2011)          (1990)  (1980)       (2014) (1980)
31707  1  5  XII 17   XI 30  XII 19   II 10    I 11  III    77     35    104   92
31707  2          (1948)  (1940)          (2002)  (1969)       (2002) (1951)
31770  1 17  XII 26   XI 31  XII 11   II  5    I 12  III    57      9     87   59
31770  2          (1915)  (1983)          (2005)  (1933)       (2005) (1953)
31960  1 25  XII 20  XII 20  XII 19    I  5    I 11   II    26     10     48   25
31960  2          (1967)  (1997)          (1984)  (1931)       (1969) (1977)
31961  1 16  XII 23   XI 31  XII 11   II  3    I 15  III    58     12    107   78
31961  2          (1923)  (1934)          (1988)  (1924)       (1992) (1924)
32027  1 11  XII 24   XI 31  XII  5  III 27    I 24  III    85     27    119   86
32027  2          (1966)  (1955)          (2000)  (1960)       (2000) (1999)
32061  1 20  XII  4  XII  4  XII 13   II  5    I 14  III    56     12     96   64
32061  2          (1913)  (1933)          (1920)  (1970)       (1974) (1970)
32076  1 18  XII  1  XII 31  XII 16   II  2    I 15  III    61     12     93   65
32076  2          (1966)  (1955)          (1963)  (1988)       (1963) (1988)
32098  1 18  XII  1  XII 30  XII  8   II  3    I  9  III    53      6     88   72
32098  2          (1913)  (1920)          (1949)  (1924)       (1920) (1913)
32252  1 17  XII 22   XI 22   XI 22   II  4    I  6   IV    68     12    110   63
32252  2          (1939)  (1965)          (1974)  (1964)       (1980) (1942)
32287  1 23  XII  5  XII  5  XII 12   II  4    I 24  III    52      7     98   36
32287  2          (1968)  (2005)          (1974)  (1942)       (2005) (1975)
32389  1 15  XII 20   XI 31  XII  3   II  4    I 29  III    51      7    105   55
32389  2          (1944)  (1935)          (1976)  (1977)       (1996) (1977)
32477  1 20  XII 26   XI 30  XII  8   II  4    I 13  III    51     10     96   26
32477  2          (1939)  (1964)          (2007)  (1988)       (2007) (1975)
34163  1 23  XII 13  XII 13  XII 31    I  5    I  8  III    40     10     85   23
34163  2          (1891)  (1929)          (1898)  (1931)       (1909) (1931)
35011  1 24  XII 30   XI 31  XII 31    I  4    I  5  III    39     11     65   27
35011  2          (1985)  (1969)          (1985)  (1969)       (1989) (1969)
36038  1 14  XII 11   XI 11   XI  8   II  5    I 11  III    57     12    103   32
36038  2          (1953)  (2001)          (2003)  (1971)       (2000) (1951)
36096  1 19   XI  4   XI 10  XII 14  III 16   II  5   IV   116     85    153   85
36096  2          (1945)  (2011)          (2004)  (1945)       (1998) (1945)
36229  1  5  XII  6   XI 31  XII 20   II 10    I 18  III    78     24    122   87
36229  2          (2001)  (1997)          (2013)  (1970)       (1999) (1994)
36259  1 14   XI 28    X  4  XII 13  III  9   II  2   IV   120     87    150   83
36259  2          (1946)  (2011)          (1998)  (1937)       (1998) (1946)
36307  1 18   XI  3   XI  9  XII 24  III 17   II  7   IV   127     95    152   73
36307  2          (1960)  (1969)          (1998)  (1980)       (1998) (1977)
31152  1  4   XI 22    X 15   XI 23  III  2  III  8   IV   140    116    163   87
31152  2          (1941)  (2006)          (1990)  (1956)       (1990) (1941)
