34579  1 15   VI  1   VI 27   VI  2 VIII  1  VII  3   IX    49      9     95   29
34579  2          (2006)  (1962)          (1968)  (1972)       (1968) (2006)
34740  1 20   VI 11   VI 28   VI 28  VII  7  VII 30 VIII    39     10     69   17
34740  2          (2010)  (2007)          (1961)  (2007)       (1961) (2010)
34866  1 13   VI  2   VI 24   VI 10 VIII  1  VII  7   IX    59      8     96   24
34866  2          (1975)  (1996)          (1968)  (2010)       (1968) (2010)
34880  1 14   VI  1   VI 27   VI  3 VIII  4  VII  3   IX    51      8     93   30
34880  2          (1890)  (2000)          (1943)  (2006)       (2000) (2006)
37061  1 19   VI  8   VI 28   VI 31  VII  6  VII 31 VIII    43     14     72   15
37061  2          (1948)  (2007)          (1987)  (2007)       (1997) (2010)
37470  1 20   VI 10   VI 28   VI  7 VIII  2  VII  9   IX    49      6     91   14
37470  2          (2010)  (1963)          (1961)  (2010)       (1963) (2010)
37472  1 22   VI 10   VI 28   VI 29  VII  2  VII  2   IX    38      7     73   14
37472  2          (2010)  (1955)          (1961)  (1989)       (1963) (2010)
