20069 1 -26.2 -25.8 -26.0 -23.7 -12.8  -3.5   0.3   0.5  -1.7  -7.2 -17.4 -20.7
20069 2 -25.2 -25.5 -25.6 -19.9  -9.9  -1.3   0.5   0.1  -2.5 -10.3 -18.5 -22.7
20069 3 -24.9 -25.8 -24.7 -15.9  -6.3  -0.2   0.7  -0.7  -4.4 -14.5 -20.5 -24.7
20087 1 -28.0 -27.7 -28.2 -24.2 -13.5  -3.3   0.6   0.6  -1.8  -7.8 -19.0 -23.0
20087 2 -27.4 -28.3 -27.8 -20.7 -10.2  -0.9   0.7   0.2  -3.0 -11.2 -20.3 -24.5
20087 3 -26.9 -28.1 -26.3 -16.8  -6.6   0.1   0.8  -0.6  -4.9 -15.5 -22.3 -26.4
20292 1 -28.5 -28.5 -28.4 -24.2 -14.0  -3.2   1.0   1.4  -0.5  -7.5 -19.4 -23.4
20292 2 -28.5 -28.8 -28.0 -21.0 -10.6  -0.8   1.6   1.0  -1.7 -11.0 -20.6 -25.1
20292 3 -28.1 -28.4 -26.5 -17.1  -6.8   0.4   1.8   0.5  -4.0 -15.5 -23.0 -27.3
20476 1 -28.9 -28.0 -27.9 -23.7 -13.0  -2.3   2.7   3.1   1.4  -6.1 -18.9 -23.7
20476 2 -26.8 -29.0 -26.8 -20.1  -9.7   0.1   3.5   3.7  -0.2  -9.9 -20.7 -25.7
20476 3 -26.7 -28.4 -24.3 -15.8  -5.3   1.5   4.0   3.1  -2.4 -15.3 -23.3 -28.1
20667 1 -23.6 -24.6 -23.7 -19.1 -10.9  -1.8   3.1   5.6   3.4  -2.2 -12.8 -17.8
20667 2 -22.8 -24.5 -23.4 -17.1  -7.8  -0.2   4.4   5.3   2.0  -5.1 -14.0 -19.2
20667 3 -23.1 -23.8 -21.4 -13.7  -4.8   1.4   5.6   4.6   0.6  -9.3 -16.7 -21.1
20674 1 -26.1 -26.0 -24.9 -19.3 -11.2  -1.5   3.6   5.6   3.3  -3.5 -15.6 -20.4
20674 2 -24.9 -25.9 -23.6 -17.2  -8.0   0.5   4.7   5.3   1.8  -6.7 -17.7 -21.6
20674 3 -24.6 -24.9 -21.7 -14.0  -4.7   2.2   6.0   4.5  -0.3 -11.9 -19.7 -24.0
20744 1 -14.1 -14.5 -13.4 -11.3  -5.7   0.0   6.3   7.4   4.7   0.0  -6.2  -8.9
20744 2 -13.2 -14.5 -13.4  -9.7  -3.9   2.2   7.3   6.6   3.7  -1.8  -7.3 -10.3
20744 3 -13.6 -14.8 -13.2  -7.5  -2.0   4.6   7.8   5.8   2.4  -4.1  -9.0 -12.5
20891 1 -33.4 -32.0 -29.8 -21.1 -10.4   2.0  11.8  11.3   4.9  -6.4 -23.1 -27.7
20891 2 -32.3 -32.0 -27.5 -17.5  -6.7   5.5  13.2   9.3   1.9 -11.3 -25.5 -28.9
20891 3 -31.5 -30.7 -24.0 -13.8  -2.6   9.3  13.0   7.2  -1.4 -17.6 -28.1 -31.1
20982 1 -32.0 -30.8 -27.5 -18.3  -9.4   2.9  12.2  11.5   5.7  -5.7 -21.9 -26.7
20982 2 -30.2 -30.9 -25.0 -15.6  -5.8   6.2  13.4   9.8   2.7 -10.6 -24.3 -26.9
20982 3 -29.9 -28.1 -21.8 -12.5  -1.9   9.8  13.4   7.8  -0.8 -17.0 -26.9 -29.2
21432 1 -29.3 -30.3 -29.8 -23.9 -12.7  -2.3   2.7   2.7  -0.1  -6.2 -19.6 -25.6
21432 2 -29.9 -30.5 -28.0 -20.5  -9.0  -0.1   2.9   2.2  -1.2 -10.3 -21.8 -26.9
21432 3 -30.0 -29.9 -25.8 -16.9  -5.4   1.4   2.8   1.4  -3.2 -15.8 -24.0 -28.1
21802 1 -35.3 -34.6 -31.4 -22.4 -11.2   1.6  11.3  10.5   4.1  -7.0 -24.8 -30.6
21802 2 -34.4 -34.4 -28.8 -18.8  -7.1   6.0  12.2   8.3   1.3 -12.3 -27.6 -31.7
21802 3 -34.9 -32.4 -25.6 -14.7  -3.0   9.3  11.8   6.4  -2.0 -18.5 -30.4 -33.8
21908 1 -38.4 -37.3 -31.2 -18.2  -6.4   5.9  13.7  11.8   4.8  -6.3 -26.3 -33.5
21908 2 -38.6 -36.6 -26.9 -14.3  -2.6   9.5  14.5   9.4   1.7 -11.8 -30.5 -34.8
21908 3 -38.4 -32.7 -22.4 -10.0   1.4  11.9  13.6   7.5  -1.5 -18.5 -33.9 -37.2
21921 1 -38.1 -36.5 -30.5 -19.2  -7.0   4.7  12.7  11.4   5.2  -5.3 -25.2 -33.2
21921 2 -38.1 -35.2 -26.3 -15.1  -3.3   8.7  13.0   9.9   2.2 -10.7 -29.1 -34.7
21921 3 -37.1 -32.1 -22.5 -11.6   0.7  10.8  12.2   7.8  -1.0 -17.5 -32.3 -36.5
21931 1 -35.5 -35.1 -30.7 -21.3  -8.9   3.8  11.4  10.4   4.5  -5.6 -23.9 -31.0
21931 2 -34.8 -34.2 -27.2 -17.6  -4.8   7.3  11.3   8.7   1.9 -11.7 -27.3 -32.3
21931 3 -35.7 -32.5 -24.0 -13.6  -0.4   9.6  10.7   6.9  -1.0 -18.2 -29.6 -33.9
21946 1 -34.0 -33.9 -31.2 -22.3  -9.6   3.1  10.6   9.2   3.5  -6.0 -22.6 -30.9
21946 2 -34.3 -33.6 -28.0 -18.4  -5.8   6.1  10.0   7.6   0.9 -11.5 -26.0 -31.6
21946 3 -34.3 -32.8 -24.8 -14.9  -1.2   9.0   9.6   5.5  -1.9 -17.9 -28.4 -33.1
21982 1 -22.1 -24.7 -23.8 -19.8 -10.0  -0.7   2.4   2.9   0.6  -4.0 -11.5 -19.3
21982 2 -23.1 -24.2 -23.4 -17.0  -6.6   0.9   2.8   2.4  -0.5  -6.9 -14.0 -21.1
21982 3 -23.1 -24.7 -21.9 -13.7  -3.4   1.7   2.9   1.7  -2.0  -9.7 -17.1 -21.9
22113 1 -10.4 -11.3  -7.4  -2.9   2.3   7.4  11.9  12.6   8.6   3.4  -2.9  -7.0
22113 2  -9.8 -10.3  -6.7  -1.2   3.9   9.5  13.1  11.4   6.9   1.0  -4.2  -7.6
22113 3 -10.7  -9.2  -5.0   0.7   5.1  11.2  13.2  10.0   5.2  -1.0  -5.9  -9.1
22165 1  -7.6  -9.8  -8.5  -5.7  -2.0   2.3   7.8   9.2   6.9   3.4  -0.9  -4.5
22165 2  -7.9  -9.7  -8.7  -4.8  -0.5   4.5   8.9   8.6   6.1   1.9  -1.6  -5.2
22165 3  -9.1  -9.3  -7.4  -3.2   0.6   6.7   9.3   8.0   5.0   0.5  -3.4  -6.6
22217 1 -11.7 -12.8  -9.1  -3.4   2.5   8.7  14.1  14.0   9.1   3.3  -2.8  -7.5
22217 2 -11.4 -12.0  -8.1  -1.4   4.5  11.1  15.0  12.6   7.2   1.1  -4.6  -8.7
22217 3 -12.7 -11.0  -5.8   0.6   6.3  13.1  15.0  11.1   5.3  -1.1  -6.4 -10.6
22235 1 -13.0 -14.5 -10.9  -5.5   0.8   7.4  12.4  12.7   7.9   2.2  -4.2  -8.8
22235 2 -12.6 -13.5 -10.4  -3.3   2.8  10.0  13.8  11.1   6.0  -0.2  -5.9  -9.8
22235 3 -14.3 -12.5  -8.2  -1.0   4.6  11.9  13.9   9.5   4.1  -2.5  -7.8 -11.6
22471 1 -14.5 -15.3  -8.9  -3.3   2.0   8.3  13.9  14.1   9.3   3.5  -4.2  -9.0
22471 2 -13.6 -13.2  -7.4  -2.2   4.4  10.5  15.1  11.8   7.2   0.4  -5.4 -10.4
22471 3 -16.2 -11.5  -5.9  -0.4   6.1  13.2  14.7  10.4   5.1  -1.7  -8.2 -12.5
22520 1  -9.9 -11.4  -7.6  -2.4   2.9   9.0  13.5  14.3  10.4   4.8  -1.1  -5.7
22520 2  -9.8 -10.7  -7.0  -0.6   4.9  10.9  14.5  13.3   8.6   2.5  -3.1  -7.2
22520 3 -11.5  -9.3  -4.7   1.0   6.7  12.6  14.7  12.1   6.8   0.5  -4.6  -8.7
22550 1 -12.6 -13.0  -8.8  -2.3   4.0  10.3  15.5  15.3  10.1   4.1  -2.5  -8.2
22550 2 -12.4 -12.2  -7.8  -0.3   6.6  13.1  16.5  13.7   8.2   1.8  -4.3  -9.5
22550 3 -13.3 -10.3  -5.1   1.9   8.2  15.0  16.3  12.2   6.2  -0.5  -6.7 -11.3
22619 1 -10.8 -12.2  -7.0  -1.0   4.5  11.4  15.5  16.0  11.0   5.6  -0.8  -5.5
22619 2 -10.1 -10.5  -5.7   0.1   6.9  12.8  16.5  14.0   9.0   2.7  -2.8  -7.9
22619 3 -12.7  -8.9  -3.3   2.1   8.8  14.3  16.7  12.4   6.9   0.7  -4.8  -9.7
22641 1 -11.4 -12.1  -7.5  -1.5   4.9  11.4  15.8  15.8  10.8   4.8  -1.3  -6.8
22641 2 -11.2 -11.1  -6.8   0.7   7.3  13.7  17.0  14.2   8.7   2.4  -3.4  -8.3
22641 3 -12.8  -9.4  -4.2   2.7   8.9  15.2  16.8  12.8   6.7   0.5  -5.5  -9.8
22676 1 -15.0 -15.6  -9.0  -1.9   4.9  11.2  16.5  15.3   9.6   3.8  -3.7  -9.7
22676 2 -14.7 -13.6  -7.1   0.3   7.1  13.3  17.1  13.0   7.5   0.7  -6.0 -11.7
22676 3 -16.9 -11.3  -4.8   1.9   8.9  15.6  16.3  11.5   5.6  -1.4  -8.9 -13.4
22768 1 -13.1 -13.3  -8.4  -0.4   6.9  12.3  17.3  16.4  10.6   4.4  -2.5  -8.7
22768 2 -12.8 -12.4  -6.7   1.9   8.9  15.0  17.8  14.8   8.6   2.2  -4.6 -10.5
22768 3 -13.9 -10.0  -3.6   4.4  10.6  16.7  17.6  13.0   6.6  -0.2  -7.4 -12.0
22802 1  -8.5  -9.5  -6.4  -0.1   6.5  12.7  16.4  16.6  11.8   6.3   0.9  -3.9
22802 2  -8.2  -9.4  -5.3   1.7   8.7  13.8  17.1  15.1   9.8   4.2  -1.2  -6.0
22802 3  -9.9  -8.2  -2.5   4.0  10.3  15.3  17.3  13.6   7.6   2.3  -3.0  -7.1
22820 1  -9.6 -10.5  -6.5  -0.2   6.1  12.3  16.0  16.1  11.4   5.6  -0.2  -5.2
22820 2  -9.5 -10.2  -5.4   1.7   8.2  13.8  16.8  14.7   9.3   3.3  -2.3  -6.9
22820 3 -11.2  -8.4  -2.6   3.8  10.0  15.1  16.9  13.1   7.3   1.3  -4.3  -8.3
22837 1 -10.5 -10.8  -7.0  -0.2   6.8  12.5  16.7  16.5  11.4   5.6  -0.6  -5.7
22837 2 -10.6 -10.5  -6.1   2.1   9.1  14.5  17.5  15.1   9.4   3.5  -2.4  -7.7
22837 3 -11.0  -8.9  -3.3   4.7  10.9  15.9  17.5  13.5   7.4   1.2  -4.8  -9.3
23022 1 -18.3 -19.7 -17.0 -12.9  -6.8  -0.1   5.6   7.7   4.9  -0.2  -8.1 -13.4
23022 2 -17.7 -19.4 -17.0 -10.9  -4.5   1.9   7.0   7.0   3.8  -2.8  -9.4 -14.0
23022 3 -18.8 -18.6 -15.1  -8.7  -2.1   4.1   7.7   6.2   2.2  -5.3 -12.3 -16.0
23032 1 -20.7 -22.4 -20.3 -15.0  -8.1  -0.1   6.1   7.5   4.9  -0.6 -10.3 -16.4
23032 2 -20.4 -21.9 -20.0 -13.0  -5.4   1.8   7.0   7.2   3.6  -3.5 -12.0 -17.4
23032 3 -21.5 -21.2 -17.8 -10.4  -2.5   4.4   8.5   6.2   2.0  -7.0 -15.1 -19.2
23058 1 -27.9 -27.7 -23.7 -18.8  -9.6   0.5  11.3  11.0   6.3  -2.2 -16.3 -22.6
23058 2 -27.3 -27.3 -22.7 -15.9  -6.4   3.7  12.5  10.2   4.1  -6.5 -17.4 -22.0
23058 3 -26.8 -25.0 -19.6 -12.6  -2.9   7.7  13.0   8.2   1.3 -11.8 -21.0 -25.2
23074 1 -28.9 -27.2 -24.8 -17.5  -9.0   2.0  12.5  12.7   6.6  -3.0 -18.5 -24.6
23074 2 -27.6 -27.3 -22.8 -15.2  -5.9   5.6  13.9  11.1   4.1  -7.6 -21.2 -25.0
23074 3 -26.5 -25.2 -19.4 -12.0  -1.9   9.8  14.0   8.9   1.1 -13.3 -23.3 -26.7
23205 1 -17.0 -18.0 -14.2  -8.5  -2.2   5.0  12.5  12.5   7.7   1.5  -6.7 -12.5
23205 2 -16.4 -17.3 -13.7  -6.5   0.2   8.3  13.3  11.1   5.7  -1.2  -8.0 -13.5
23205 3 -17.9 -15.6 -11.4  -4.4   2.4  11.0  13.2   9.2   4.0  -3.8 -11.3 -14.9
23242 1 -24.2 -26.0 -21.9 -15.2  -7.8   1.2  10.3  11.4   6.9  -0.7 -13.8 -19.9
23242 2 -24.2 -25.3 -21.0 -12.7  -4.8   3.8  12.1  10.7   4.8  -4.5 -15.4 -20.8
23242 3 -24.7 -23.4 -17.9 -10.1  -1.5   7.2  12.9   8.8   2.4  -8.9 -18.7 -22.5
23256 1 -26.9 -26.9 -23.0 -15.8  -7.8   2.6  13.9  12.5   7.0  -1.7 -16.4 -22.1
23256 2 -26.1 -26.6 -21.4 -13.2  -4.8   6.2  14.4  11.3   4.6  -5.7 -18.3 -22.5
23256 3 -25.8 -24.2 -17.9 -10.6  -0.9  10.9  14.4   9.1   1.9 -10.7 -21.1 -24.7
23274 1 -29.1 -27.2 -21.9 -13.2  -4.8   5.6  15.0  13.6   7.8  -1.6 -18.0 -24.7
23274 2 -27.6 -26.7 -19.8 -10.6  -2.0   9.2  15.7  12.0   5.3  -5.8 -20.6 -24.7
23274 3 -27.3 -24.2 -15.5  -7.8   1.5  12.8  15.4  10.0   2.2 -11.5 -23.3 -26.0
23324 1 -19.5 -19.9 -15.8  -8.8  -2.1   5.9  14.0  12.7   7.6   0.6  -9.1 -15.7
23324 2 -19.0 -19.3 -14.4  -6.5   0.5   9.6  14.4  11.3   5.4  -2.4 -10.7 -16.3
23324 3 -20.3 -17.0 -11.6  -4.1   2.9  12.3  14.4   9.2   3.3  -5.6 -14.6 -17.5
23330 1 -24.3 -24.1 -19.6 -11.4  -4.4   4.9  13.7  13.1   7.6  -0.1 -12.7 -19.8
23330 2 -23.3 -22.9 -17.7  -9.2  -1.3   8.7  14.4  11.7   5.4  -3.4 -14.5 -20.3
23330 3 -24.0 -20.4 -14.6  -6.9   1.7  11.7  14.7   9.7   3.0  -7.4 -18.4 -22.5
23383 1 -34.8 -34.2 -26.5 -14.4  -4.6   5.6  13.1  12.6   6.6  -2.7 -20.2 -30.8
23383 2 -34.4 -32.8 -22.8 -10.7  -1.2   7.9  14.4  10.9   4.0  -6.5 -25.5 -31.2
23383 3 -33.5 -29.2 -17.7  -8.2   2.1  11.1  14.3   8.9   1.0 -12.1 -28.3 -32.5
23405 1 -17.2 -17.0 -12.0  -4.6   1.4   8.2  14.7  13.9   8.5   1.6  -6.1 -12.5
23405 2 -16.3 -16.1 -10.7  -2.3   3.8  11.4  15.1  12.0   6.5  -0.7  -7.8 -13.8
23405 3 -17.8 -13.7  -7.7  -0.3   5.6  14.0  15.0  10.4   4.4  -3.3 -11.2 -15.6
23445 1 -24.7 -24.1 -17.1 -10.5  -2.9   6.1  15.7  13.3   8.1   0.0 -13.5 -20.5
23445 2 -23.5 -23.5 -15.0  -7.7  -0.5  10.2  15.9  12.5   6.0  -3.8 -14.9 -19.5
23445 3 -23.4 -19.9 -11.9  -5.7   2.9  13.7  15.6  10.2   3.1  -8.4 -18.5 -22.1
23463 1 -28.9 -27.7 -19.9 -12.3  -3.2   6.7  15.3  12.9   7.6  -1.8 -16.9 -25.5
23463 2 -28.3 -26.4 -17.7  -9.2  -1.0  10.7  15.8  12.0   5.2  -6.0 -20.1 -23.2
23463 3 -27.4 -22.7 -13.7  -6.3   2.7  13.7  15.2   9.8   2.1 -11.3 -23.3 -25.9
23472 1 -27.5 -25.4 -18.8 -10.4  -1.8   7.6  16.2  14.0   8.3  -1.0 -16.1 -24.1
23472 2 -26.6 -24.9 -16.6  -7.8   0.3  11.0  16.9  13.1   6.0  -5.1 -18.9 -22.6
23472 3 -25.8 -21.9 -11.9  -4.9   3.7  14.2  16.5  10.9   2.6 -10.2 -21.7 -24.5
23552 1 -25.0 -24.6 -19.3 -10.4  -3.2   7.3  16.2  14.1   8.3  -0.2 -14.3 -21.4
23552 2 -24.3 -24.3 -17.1  -7.9  -0.6  10.6  16.2  12.8   6.1  -4.0 -16.2 -21.7
23552 3 -24.3 -21.5 -13.2  -5.8   3.1  14.1  16.1  10.5   3.1  -8.5 -19.5 -23.5
23631 1 -21.9 -22.1 -14.8  -6.1   0.8   9.3  16.3  14.7   8.9   1.4 -10.3 -18.3
23631 2 -21.0 -20.7 -13.2  -3.5   3.6  12.4  16.5  13.1   6.6  -1.9 -12.1 -18.6
23631 3 -22.2 -17.6  -9.4  -1.5   6.4  15.0  16.2  10.8   4.1  -5.6 -16.0 -20.2
23662 1 -25.8 -24.6 -17.7  -9.2  -1.2   8.9  16.8  14.3   8.3  -0.0 -14.5 -22.2
23662 2 -24.6 -24.2 -15.6  -6.4   1.1  11.9  16.8  12.8   6.3  -3.8 -16.9 -22.1
23662 3 -24.1 -20.7 -11.2  -4.1   4.7  14.6  16.6  10.6   3.2  -8.2 -20.4 -24.7
23678 1 -25.2 -23.4 -17.0  -7.2   0.4   9.8  17.2  15.5   9.2   0.8 -13.0 -22.2
23678 2 -24.1 -22.1 -13.8  -4.5   2.8  12.7  17.6  13.7   7.1  -3.0 -16.8 -23.2
23678 3 -24.1 -19.6  -9.8  -2.2   5.7  15.4  17.1  11.3   4.0  -7.4 -20.1 -24.5
23711 1 -17.7 -17.6 -11.2  -2.5   3.9  10.7  16.3  14.9   9.1   2.1  -6.4 -13.6
23711 2 -17.1 -15.9  -9.3  -0.3   6.4  13.7  16.5  13.1   7.0  -0.4  -8.6 -14.9
23711 3 -18.1 -13.5  -6.1   2.1   8.1  15.7  16.2  11.4   4.8  -3.4 -11.5 -16.7
23724 1 -19.8 -19.9 -11.6  -2.4   4.3  11.0  16.7  15.0   9.5   2.2  -8.2 -17.1
23724 2 -19.9 -18.2 -10.1   0.1   6.6  13.9  17.0  13.4   7.0  -1.0 -10.2 -17.4
23724 3 -21.1 -14.8  -6.1   2.0   8.5  15.9  16.4  11.4   4.7  -3.8 -13.7 -18.5
23734 1 -20.7 -20.6 -13.1  -4.2   2.9  10.4  17.1  15.3   9.4   1.9  -9.0 -17.3
23734 2 -20.5 -19.2 -11.3  -1.5   5.4  13.5  17.2  13.7   7.2  -1.1 -11.1 -18.1
23734 3 -21.2 -16.3  -7.4   0.4   8.0  15.8  16.8  11.4   4.6  -4.5 -14.7 -19.3
23867 1 -21.8 -21.1 -14.8  -5.2   2.2  11.6  18.2  15.6   9.8   2.0 -10.9 -18.8
23867 2 -21.6 -20.2 -12.1  -2.3   4.8  14.3  18.0  14.3   7.8  -1.1 -13.0 -19.5
23867 3 -22.1 -17.6  -7.7  -0.5   8.3  16.6  17.6  12.0   5.0  -4.9 -16.6 -21.0
23884 1 -24.6 -23.5 -16.0  -5.1   2.4  11.4  17.9  15.9   9.6   1.4 -11.8 -21.7
23884 2 -23.9 -21.4 -12.7  -2.4   4.6  14.0  18.2  14.2   7.3  -2.0 -15.2 -22.3
23884 3 -24.3 -19.1  -7.9  -0.0   7.9  16.1  17.8  11.8   4.5  -6.0 -18.8 -23.4
23891 1 -31.6 -28.9 -18.9  -6.6   1.7  10.9  16.7  14.8   8.1  -0.6 -15.9 -27.7
23891 2 -30.6 -26.1 -15.0  -3.8   4.1  13.5  17.3  13.0   5.5  -4.2 -20.6 -28.9
23891 3 -29.7 -22.6 -10.1  -1.1   7.3  15.1  16.8  10.6   2.6  -8.9 -24.3 -30.1
23914 1 -16.3 -16.1  -9.9  -1.1   6.2  12.4  17.3  16.0  10.2   2.9  -5.7 -12.3
23914 2 -16.1 -14.4  -7.9   1.4   8.5  15.2  17.5  14.4   8.1   0.7  -7.7 -14.2
23914 3 -16.7 -12.5  -4.5   4.0  10.3  16.8  17.2  12.5   5.7  -2.6 -10.6 -15.8
23921 1 -18.5 -18.6 -10.1  -0.9   5.8  12.2  17.0  15.7  10.1   3.0  -6.3 -15.0
23921 2 -18.4 -16.5  -8.5   1.7   8.1  15.0  17.5  14.2   7.8   0.2  -8.7 -15.6
23921 3 -19.4 -13.3  -4.5   3.6  10.0  16.6  16.9  12.1   5.4  -2.4 -12.1 -17.2
23933 1 -19.8 -19.2 -13.2  -3.7   4.1  12.2  18.0  16.4  10.4   2.8  -8.2 -16.1
23933 2 -19.6 -18.3 -10.7  -0.6   6.8  14.8  18.0  14.6   8.3  -0.1  -9.9 -16.8
23933 3 -19.9 -15.6  -6.5   1.5   9.5  16.8  17.6  12.6   5.6  -3.7 -13.3 -18.6
23955 1 -20.7 -20.7 -14.2  -4.5   3.1  12.0  18.1  15.8  10.1   2.4  -9.7 -17.8
23955 2 -21.0 -19.4 -11.7  -1.5   5.8  14.4  18.0  14.4   8.1  -0.6 -11.6 -18.6
23955 3 -21.8 -17.2  -7.2   0.5   9.0  16.6  17.6  12.1   5.3  -4.2 -15.1 -19.9
23966 1 -22.6 -22.2 -14.5  -5.1   2.7  11.6  17.7  15.1   9.1   1.4 -10.7 -20.1
23966 2 -22.5 -20.5 -11.9  -2.4   5.0  14.2  17.8  13.9   7.1  -1.6 -13.5 -19.6
23966 3 -22.6 -18.2  -7.0  -0.4   8.2  16.3  17.1  11.4   4.3  -5.4 -16.5 -22.0
23986 1 -22.1 -21.2 -15.1  -6.3   0.7   9.2  14.0  12.7   7.0  -0.6 -12.5 -19.9
23986 2 -21.5 -20.3 -12.4  -3.6   3.2  11.0  14.5  11.3   5.0  -3.9 -15.4 -20.5
23986 3 -21.6 -17.8  -8.4  -1.6   6.0  12.5  14.3   9.3   2.2  -7.3 -18.0 -21.6
24125 1 -38.8 -37.2 -28.9 -15.9  -4.7   7.4  14.8  12.9   5.5  -5.6 -25.5 -33.1
24125 2 -38.5 -35.2 -24.3 -11.8  -1.0  10.3  15.4  10.7   2.4 -10.7 -29.7 -34.5
24125 3 -37.7 -31.1 -19.6  -8.1   2.7  12.9  14.7   8.4  -0.9 -17.6 -33.4 -36.7
24136 1 -41.8 -40.3 -31.5 -16.6  -4.1   8.6  15.3  13.1   5.5  -5.2 -27.2 -36.7
24136 2 -41.9 -38.5 -26.3 -12.3   0.0  11.5  15.4  10.4   2.4 -11.0 -32.0 -38.1
24136 3 -41.8 -34.2 -21.2  -7.7   3.9  13.6  14.4   8.4  -0.7 -18.5 -36.1 -40.3
24143 1 -38.5 -36.8 -28.4 -15.9  -3.7   8.0  15.2  13.4   6.4  -4.7 -25.0 -34.3
24143 2 -37.9 -34.7 -23.7 -11.8   0.0  11.2  15.4  11.2   3.0 -10.6 -29.5 -35.9
24143 3 -37.8 -30.9 -19.7  -7.7   3.5  13.5  14.4   9.0  -0.3 -17.4 -33.2 -37.4
24266 1 -47.6 -45.7 -36.6 -18.0  -1.7  11.3  16.5  13.9   6.0  -6.1 -30.6 -42.7
24266 2 -47.9 -43.1 -30.4 -12.6   2.8  13.7  16.3  11.7   2.4 -13.8 -36.6 -44.4
24266 3 -46.6 -40.3 -24.1  -7.4   7.4  14.9  15.0   8.9  -1.0 -22.6 -40.2 -46.2
24329 1 -41.0 -39.7 -30.2 -16.0  -3.0   9.2  15.2  12.9   5.4  -5.0 -25.3 -36.1
24329 2 -41.4 -37.4 -25.4 -11.4   1.1  11.8  15.4  10.5   2.4 -10.1 -31.2 -38.0
24329 3 -40.7 -33.0 -20.5  -7.3   4.8  13.3  14.4   8.3  -0.5 -17.2 -35.1 -40.2
24343 1 -39.0 -37.1 -27.9 -14.5  -1.9   9.7  16.5  14.6   7.0  -4.1 -24.5 -34.9
24343 2 -39.0 -34.7 -23.3 -10.2   1.6  12.6  16.4  12.0   3.7  -9.6 -29.7 -36.9
24343 3 -38.0 -31.4 -18.8  -6.1   5.1  14.5  15.7   9.8   0.4 -16.4 -33.1 -38.5
24382 1 -44.1 -41.8 -34.1 -17.9  -1.0  11.4  16.2  13.9   6.3  -6.3 -28.7 -40.3
24382 2 -44.3 -40.0 -28.3 -12.1   3.6  13.7  15.6  11.8   2.7 -13.7 -33.6 -42.0
24382 3 -43.0 -37.8 -22.7  -6.8   8.0  15.0  14.6   8.9  -0.5 -21.9 -38.1 -43.3
24507 1 -37.1 -34.3 -23.8 -10.0   0.1  10.5  16.5  14.7   7.7  -1.6 -20.6 -31.4
24507 2 -36.2 -31.9 -19.1  -6.3   3.4  13.0  17.1  12.8   5.0  -5.8 -25.3 -32.7
24507 3 -34.3 -27.4 -13.8  -3.5   6.5  14.9  16.5  10.3   2.2 -12.1 -29.3 -34.9
24606 1 -37.3 -35.2 -23.8 -11.2  -0.0  10.8  16.3  14.3   7.1  -2.7 -20.7 -32.3
24606 2 -37.1 -33.0 -19.6  -7.0   3.2  13.2  17.0  12.4   4.2  -6.6 -25.8 -33.2
24606 3 -35.1 -27.7 -14.7  -3.7   6.7  14.4  16.0   9.9   1.4 -12.6 -29.7 -35.3
24641 1 -38.0 -34.5 -24.6 -10.9   1.1  12.6  18.7  16.9   8.8  -2.0 -21.0 -33.2
24641 2 -38.3 -31.8 -20.0  -6.9   4.9  15.5  18.7  14.5   5.5  -6.8 -26.7 -35.6
24641 3 -35.6 -28.0 -15.2  -2.8   8.9  17.0  18.2  11.9   2.2 -13.4 -30.7 -37.1
24661 1 -42.5 -38.9 -27.9 -12.0   1.4  12.8  17.9  16.1   8.2  -4.3 -25.1 -37.8
24661 2 -42.4 -36.9 -21.7  -6.9   5.2  14.9  17.9  13.6   4.8 -10.9 -31.8 -40.8
24661 3 -40.3 -32.6 -16.6  -2.9   9.1  15.9  16.9  11.4   1.1 -17.8 -35.8 -42.1
24671 1 -43.7 -40.8 -32.0 -16.3   0.4  11.2  16.4  14.2   6.5  -5.4 -28.1 -39.9
24671 2 -43.6 -38.5 -26.9  -9.6   4.4  13.9  16.4  12.0   3.1 -12.7 -33.8 -42.5
24671 3 -42.8 -36.8 -20.9  -4.8   8.0  14.8  15.4   9.3  -0.1 -20.3 -38.5 -43.2
24688 1 -47.5 -43.9 -38.0 -20.5  -2.5  10.0  14.7  12.8   5.4  -7.4 -31.0 -43.6
24688 2 -47.2 -42.5 -32.3 -14.1   2.4  12.3  14.8  10.8   1.9 -14.9 -36.6 -45.2
24688 3 -45.9 -41.8 -26.4  -8.1   6.3  13.4  13.6   8.2  -1.7 -23.7 -41.0 -47.1
24713 1 -35.1 -33.2 -22.4  -9.7   0.9  11.6  16.8  15.3   7.6  -1.7 -18.9 -30.7
24713 2 -35.1 -30.7 -18.1  -5.7   4.4  14.0  17.5  13.0   4.8  -5.6 -24.4 -32.7
24713 3 -33.6 -25.6 -13.5  -2.6   7.8  15.3  16.7  10.6   2.1 -11.4 -28.6 -34.7
24738 1 -34.0 -32.2 -23.1  -9.3   2.6  13.0  18.1  16.5   8.7  -1.1 -18.4 -29.4
24738 2 -33.6 -29.7 -18.8  -4.9   6.2  15.3  18.3  14.3   5.5  -5.5 -23.8 -32.1
24738 3 -32.0 -25.8 -13.9  -0.9   9.7  16.7  17.8  12.0   2.7 -10.9 -28.1 -33.4
24790 1 -37.7 -35.4 -30.3 -17.8  -2.0   9.5  14.2  12.4   5.5  -6.8 -26.3 -35.9
24790 2 -38.5 -33.2 -26.3 -12.2   2.2  11.8  14.3  10.7   2.3 -13.8 -29.4 -37.4
24790 3 -37.2 -33.3 -21.6  -7.3   6.1  13.0  13.4   8.2  -1.1 -20.9 -33.2 -38.2
24817 1 -31.7 -30.0 -21.0  -8.2   1.8  12.1  17.3  15.7   8.1  -1.2 -17.0 -27.5
24817 2 -31.5 -27.9 -17.0  -4.5   5.2  14.6  17.9  13.5   5.3  -5.0 -21.4 -29.6
24817 3 -29.8 -23.4 -12.1  -1.4   8.5  15.8  17.2  11.1   2.5  -9.7 -25.1 -30.9
24908 1 -30.4 -28.1 -19.4  -6.7   2.6  12.1  17.4  15.7   8.2  -0.2 -15.0 -26.2
24908 2 -29.5 -25.8 -15.4  -3.4   5.7  14.8  17.9  13.6   5.6  -3.8 -19.2 -27.7
24908 3 -28.3 -22.2 -10.4  -0.2   8.6  16.0  17.4  11.0   2.9  -8.3 -23.4 -29.2
24959 1 -42.0 -38.5 -27.4 -11.1   2.7  13.8  19.5  17.6   9.5  -1.9 -21.4 -36.2
24959 2 -42.2 -35.8 -22.1  -6.3   6.5  16.6  19.4  15.5   6.1  -7.1 -28.6 -39.3
24959 3 -40.0 -31.6 -16.5  -1.7  10.3  17.8  18.9  12.9   2.7 -14.0 -33.2 -41.0
24966 1 -41.8 -38.0 -26.7 -10.0   3.3  12.9  18.5  16.9   9.5  -1.6 -20.2 -35.8
24966 2 -41.9 -35.4 -20.7  -4.8   6.6  15.6  18.7  14.8   6.3  -6.3 -27.6 -39.4
24966 3 -39.7 -31.1 -15.2  -0.5  10.1  16.8  17.9  12.5   3.0 -12.7 -32.8 -40.8
24967 1 -39.6 -36.7 -27.0 -11.6   3.1  12.6  17.6  15.9   8.1  -2.1 -20.4 -34.6
24967 2 -39.3 -34.8 -22.0  -5.9   6.5  14.9  17.9  13.7   4.9  -7.3 -27.4 -37.8
24967 3 -38.3 -30.9 -17.0  -1.0   9.7  16.0  16.9  11.4   1.9 -13.6 -32.8 -39.9
25062 1 -25.4 -27.4 -26.1 -21.7 -10.3  -0.2   3.2   3.8   1.5  -4.6 -14.2 -22.5
25062 2 -27.4 -27.2 -25.6 -18.6  -6.2   1.6   3.5   3.0   0.2  -8.3 -17.5 -24.5
25062 3 -26.8 -27.7 -23.8 -14.8  -2.6   2.4   3.6   2.5  -1.7 -12.3 -20.5 -25.2
25138 1 -33.3 -33.5 -29.3 -17.8  -3.7   9.8  14.2  11.6   4.9  -5.0 -21.3 -31.1
25138 2 -34.9 -32.9 -25.2 -13.3   1.0  11.9  13.7   9.9   2.0 -11.0 -26.4 -33.0
25138 3 -33.7 -31.7 -21.3  -9.0   5.9  13.8  12.9   7.3  -0.5 -17.3 -28.7 -33.5
25173 1 -24.4 -27.0 -25.6 -21.0 -10.2   0.1   4.3   4.3   1.6  -4.0 -12.5 -21.6
25173 2 -25.2 -26.6 -25.0 -18.0  -6.1   2.1   4.3   3.4   0.3  -7.6 -16.0 -23.8
25173 3 -25.5 -26.5 -23.4 -14.2  -2.8   3.3   4.5   2.7  -1.4 -11.2 -19.1 -24.1
25206 1 -36.0 -35.0 -30.3 -18.5  -3.7   8.9  14.7  12.6   6.0  -4.2 -22.7 -32.8
25206 2 -36.7 -33.9 -26.7 -13.6   0.5  11.5  14.3  11.0   3.1 -10.2 -26.9 -34.3
25206 3 -35.8 -33.1 -22.2  -9.4   5.3  14.0  13.5   8.2   0.2 -17.2 -30.0 -35.2
25248 1 -33.0 -33.8 -30.1 -21.8  -7.9   6.6  12.6  10.7   3.9  -7.3 -23.0 -31.9
25248 2 -33.9 -32.8 -28.0 -17.5  -2.7   9.3  12.4   8.9   0.8 -13.5 -27.0 -34.0
25248 3 -32.6 -32.4 -24.8 -12.8   2.4  11.8  11.8   6.4  -2.1 -19.4 -29.9 -34.0
25282 1 -22.1 -25.2 -24.5 -20.8  -9.5   0.1   5.5   6.1   3.2  -1.9  -9.6 -18.7
25282 2 -23.9 -24.9 -24.0 -17.7  -4.8   2.3   5.9   4.7   2.1  -5.0 -13.1 -22.0
25282 3 -25.3 -26.2 -22.7 -13.2  -1.9   3.6   6.4   4.5   0.3  -8.0 -17.3 -22.5
25325 1 -35.8 -34.9 -29.9 -17.6  -2.7  10.1  14.3  11.6   5.3  -4.8 -22.0 -33.0
25325 2 -36.5 -33.8 -25.8 -13.3   1.7  12.0  13.6   9.9   2.5 -10.6 -27.0 -34.9
25325 3 -35.3 -33.3 -21.6  -8.6   6.5  13.8  12.9   7.4  -0.1 -17.5 -30.3 -35.6
25356 1 -25.4 -27.2 -24.5 -18.7  -6.2   7.5  13.5  11.5   5.2  -4.4 -17.0 -24.4
25356 2 -26.1 -25.3 -23.5 -16.1  -1.3  10.5  13.2   9.8   2.5  -9.5 -19.2 -25.3
25356 3 -25.1 -25.7 -21.7 -11.3   3.4  12.6  12.7   7.6  -0.3 -14.0 -22.6 -26.0
25378 1 -16.9 -19.0 -16.9 -14.2  -4.3   4.2   9.3  10.3   6.3  -1.3  -8.9 -14.9
25378 2 -17.4 -17.6 -16.8 -12.0  -0.9   5.7  10.0   9.3   4.0  -4.1 -11.1 -16.8
25378 3 -18.4 -19.5 -15.6  -7.8   1.8   7.5  10.6   8.2   1.7  -6.8 -13.6 -17.1
25399 1 -17.6 -21.4 -20.7 -16.7  -6.9   0.8   6.2   7.1   4.6   0.9  -5.1 -13.8
25399 2 -19.9 -20.2 -20.9 -14.1  -2.6   2.7   6.7   6.0   3.7  -1.2  -8.3 -17.2
25399 3 -21.3 -22.1 -19.1  -9.9  -0.9   4.4   7.2   5.9   2.3  -3.6 -11.8 -18.1
25400 1 -36.5 -35.1 -29.6 -16.7  -1.3  11.1  16.3  14.1   7.2  -3.9 -23.1 -33.6
25400 2 -37.4 -33.5 -25.5 -11.5   2.9  13.4  15.9  12.3   4.0 -10.0 -27.2 -35.2
25400 3 -35.9 -32.4 -20.7  -6.9   7.6  15.5  15.0   9.6   0.8 -17.2 -31.0 -36.3
25428 1 -36.7 -36.2 -30.5 -18.5  -2.8   9.9  14.5  12.2   5.7  -4.8 -22.2 -34.1
25428 2 -37.5 -34.9 -27.2 -13.5   1.5  11.9  14.3  10.6   2.6 -11.0 -27.8 -36.0
25428 3 -35.7 -35.0 -22.6  -8.8   6.0  13.7  13.4   8.0  -0.1 -17.2 -31.4 -37.4
25503 1 -37.4 -35.8 -29.8 -16.2  -0.3  11.5  16.0  13.6   6.5  -4.2 -24.0 -35.1
25503 2 -38.8 -34.1 -25.6 -10.8   3.8  13.5  15.6  11.8   3.6 -10.6 -28.8 -36.9
25503 3 -37.0 -33.3 -20.5  -5.9   8.3  15.4  14.7   9.0   0.6 -17.4 -32.5 -38.1
25538 1 -27.6 -28.1 -24.3 -17.3  -4.4   7.9  14.3  12.3   6.3  -4.4 -19.7 -27.4
25538 2 -28.3 -25.8 -22.7 -14.5  -0.0  11.1  13.8  10.5   2.9 -10.4 -21.4 -30.7
25538 3 -30.3 -27.2 -20.2  -9.5   4.1  13.1  12.9   8.4   0.5 -15.8 -26.7 -29.8
25551 1 -26.1 -26.4 -23.5 -17.6  -5.2   7.8  14.8  12.7   6.6  -3.0 -16.5 -23.8
25551 2 -27.0 -25.0 -22.5 -14.3  -0.9  11.6  14.3  11.1   3.8  -8.5 -17.7 -25.7
25551 3 -25.4 -24.9 -20.9  -9.7   3.2  13.8  13.8   8.9   1.2 -13.0 -22.6 -26.1
25563 1 -21.1 -22.6 -20.4 -16.2  -6.2   3.0  10.5  11.0   6.5  -1.2 -11.4 -18.4
25563 2 -21.9 -22.0 -20.3 -13.4  -2.4   5.2  11.1  10.1   4.2  -5.3 -13.4 -20.9
25563 3 -21.2 -21.5 -19.0  -9.8   0.5   8.5  11.5   8.5   1.7  -9.0 -17.5 -21.9
25594 1 -14.2 -16.0 -14.5 -10.6  -3.3   3.4   7.7   8.9   6.2   1.1  -4.6 -11.8
25594 2 -14.7 -14.9 -14.8  -8.7  -0.5   4.9   8.4   8.5   4.8  -1.2  -6.4 -13.9
25594 3 -14.2 -14.8 -13.8  -5.6   1.6   6.5   9.1   7.6   2.9  -3.4  -9.4 -13.7
25677 1 -14.2 -18.1 -16.3 -13.1  -4.4   3.1   8.5   9.7   6.4  -0.1  -7.2 -12.7
25677 2 -16.9 -17.2 -16.9 -10.8  -1.3   5.4   9.7   8.9   4.4  -2.8  -9.0 -14.4
25677 3 -16.6 -17.0 -15.6  -7.3   0.7   7.4  10.1   8.6   2.9  -5.6 -12.0 -15.2
25705 1 -36.4 -34.2 -28.3 -16.1  -0.1  11.5  16.5  14.4   7.3  -3.8 -23.4 -33.7
25705 2 -36.5 -32.4 -24.5 -10.6   3.5  13.9  16.3  12.2   4.2 -10.2 -27.1 -35.6
25705 3 -35.8 -31.7 -19.8  -5.4   8.0  15.5  15.3   9.8   1.3 -17.2 -31.8 -36.6
25745 1 -22.7 -23.6 -20.6 -14.4  -2.5   7.9  13.6  13.1   7.9  -1.0 -13.6 -21.3
25745 2 -23.3 -21.9 -19.1 -11.0   1.3  10.3  13.7  11.8   5.2  -5.7 -16.4 -22.7
25745 3 -22.7 -22.4 -17.2  -6.7   4.8  12.2  13.6  10.0   2.9 -10.5 -20.0 -24.1
25927 1 -19.1 -19.1 -18.7 -11.8  -2.0   3.8  11.2  13.1   9.8   3.1  -7.8 -14.6
25927 2 -19.7 -19.2 -16.7  -8.5   0.0   6.5  12.3  12.4   8.0  -0.2 -11.0 -15.7
25927 3 -19.9 -19.7 -13.9  -5.1   1.7   9.1  12.8  11.4   5.8  -4.5 -12.4 -17.9
25932 1 -13.4 -13.6 -12.7  -7.8  -1.0   4.7   9.2  10.6   8.5   3.0  -4.6 -10.6
25932 2 -13.3 -13.5 -11.1  -5.8   0.9   6.0   9.6  10.4   7.0  -0.0  -6.8 -11.4
25932 3 -13.1 -14.0  -9.3  -3.3   2.8   7.7  10.0   9.6   5.4  -2.6  -9.0 -13.0
25954 1 -13.8 -14.2 -12.7  -8.6  -0.8   6.1  11.1  12.9   9.6   2.6  -6.3 -12.5
25954 2 -13.7 -13.6 -11.5  -6.3   1.7   8.2  12.4  12.3   7.6  -0.7  -8.9 -13.2
25954 3 -13.7 -13.9 -10.4  -3.5   3.8  10.0  12.9  11.2   5.6  -4.4 -11.2 -14.3
25956 1 -12.1 -13.0 -12.0  -7.9  -0.8   4.9   9.2  11.2   8.6   2.3  -5.8 -11.0
25956 2 -12.5 -12.2 -11.3  -6.2   1.1   6.7  10.4  10.9   6.9  -0.8  -7.4 -11.6
25956 3 -11.7 -12.6 -10.4  -3.2   2.9   8.2  11.1  10.1   5.1  -4.2  -9.8 -12.1
26063 1  -6.7  -7.7  -4.8   1.5   8.2  14.0  17.7  17.8  13.1   7.4   1.7  -2.9
26063 2  -7.1  -7.6  -3.9   3.5  10.4  15.4  18.5  16.5  11.1   5.5  -0.1  -4.7
26063 3  -7.6  -6.4  -1.3   6.1  12.2  16.7  18.6  15.0   9.2   3.2  -2.0  -6.0
26157 1  -5.5  -6.7  -3.5   2.2   9.2  14.7  17.3  17.4  13.2   7.8   2.5  -2.4
26157 2  -4.9  -6.8  -1.9   3.9  11.2  15.0  17.9  16.1  11.1   5.4   1.0  -4.2
26157 3  -6.7  -5.2   0.2   7.1  12.4  16.2  18.2  14.5   9.7   3.6  -1.0  -4.9
26275 1  -7.1  -7.9  -4.3   2.3  10.1  15.2  17.5  17.5  12.9   7.3   1.7  -3.1
26275 2  -7.2  -8.1  -3.3   4.8  12.1  16.0  18.3  16.3  10.8   5.4  -0.2  -5.2
26275 3  -8.4  -6.4  -0.7   7.8  13.3  17.0  18.2  14.9   8.8   3.1  -2.4  -5.8
26359 1  -6.5  -6.7  -2.9   3.8  10.8  15.3  17.5  17.8  13.0   7.9   1.9  -2.8
26359 2  -6.2  -6.8  -1.3   5.4  12.5  15.5  17.7  16.3  10.8   5.7   0.5  -4.7
26359 3  -7.2  -4.4   1.1   8.4  13.4  16.6  18.1  14.8   9.2   3.5  -1.7  -5.2
26781 1  -7.4  -7.9  -4.8   2.5  10.7  15.3  17.0  17.3  12.8   7.0   1.0  -4.0
26781 2  -7.6  -7.8  -3.2   5.2  12.3  15.6  17.8  16.2  10.5   5.0  -0.9  -5.9
26781 3  -8.3  -6.5  -0.8   8.3  13.4  16.6  17.5  14.7   8.8   2.8  -2.9  -5.9
26997 1  -6.8  -7.3  -3.7   4.7  12.4  16.7  18.2  18.8  14.1   8.3   1.9  -3.3
26997 2  -7.5  -6.7  -1.6   7.3  14.1  17.1  19.1  17.6  11.7   6.2   0.1  -5.1
26997 3  -7.8  -5.3   1.2   9.7  15.3  17.8  19.0  15.9   9.9   3.7  -1.9  -5.2
27037 1 -11.1 -11.9  -7.1   0.1   8.3  13.7  16.7  16.4  11.3   5.2  -1.3  -6.6
27037 2 -11.5 -11.2  -5.8   2.9  10.4  15.2  17.8  15.1   9.2   3.0  -3.3  -8.9
27037 3 -12.6  -9.2  -3.0   5.5  11.7  16.3  17.2  13.4   7.1   0.7  -5.8  -9.8
27051 1 -12.4 -12.5  -7.7  -0.1   7.6  12.8  17.2  16.3  10.7   4.4  -2.3  -8.0
27051 2 -12.5 -11.6  -6.3   2.4   9.7  15.1  17.8  14.8   8.7   2.5  -4.1 -10.0
27051 3 -13.0  -9.9  -3.2   5.1  11.5  16.7  17.5  13.1   6.7  -0.1  -6.7 -11.7
27333 1 -10.2 -11.5  -6.4   0.7   9.6  14.5  17.6  17.6  12.4   5.8  -0.6  -6.3
27333 2 -10.8 -10.3  -5.0   3.8  11.7  16.0  18.8  16.5  10.1   3.7  -2.7  -8.6
27333 3 -11.7  -8.9  -2.3   7.0  13.0  17.3  18.4  14.7   8.1   1.5  -5.3  -9.5
27459 1 -10.6 -11.1  -6.6   1.4  10.7  15.4  18.6  18.5  13.1   6.3  -0.9  -6.4
27459 2 -11.2 -10.3  -5.1   4.8  12.7  17.3  19.5  17.1  10.9   4.3  -2.9  -8.7
27459 3 -11.5  -8.9  -1.9   8.1  14.3  18.4  19.3  15.6   8.7   1.5  -5.2 -10.2
27595 1 -11.9 -13.1  -8.1   0.6  10.9  15.9  19.4  19.2  13.7   6.4  -1.4  -7.5
27595 2 -12.8 -11.8  -6.4   4.3  13.2  18.3  20.2  17.7  11.3   4.2  -3.7 -10.1
27595 3 -13.1 -10.8  -3.0   8.0  14.8  19.1  20.0  16.2   9.0   1.3  -6.2 -11.6
27612 1  -7.6  -8.5  -4.3   3.3  11.5  16.1  18.2  18.4  13.4   7.3   0.9  -4.1
27612 2  -8.0  -7.9  -2.4   6.2  13.0  16.9  19.3  16.9  11.1   5.5  -1.0  -5.9
27612 3  -8.8  -6.1   0.1   9.0  14.3  18.0  18.9  15.4   9.0   3.0  -3.5  -6.5
27648 1 -10.2 -10.9  -6.6   1.6  11.4  15.7  18.7  18.5  13.4   6.6  -0.3  -5.8
27648 2 -10.8 -10.2  -5.1   5.2  13.4  17.4  19.5  17.3  11.0   4.6  -2.3  -8.0
27648 3 -11.1  -9.1  -1.8   8.5  14.8  18.2  19.3  15.9   9.1   2.0  -4.6  -9.7
27675 1 -11.0 -12.4  -7.7   1.1  11.3  15.9  19.0  18.6  13.5   6.2  -1.0  -6.8
27675 2 -11.7 -11.0  -6.0   5.0  13.5  17.8  19.7  17.5  11.3   4.3  -3.0  -9.3
27675 3 -12.3 -10.0  -2.6   8.5  14.8  18.8  19.4  16.0   9.0   1.6  -5.4 -10.7
27707 1  -7.8  -8.7  -4.8   3.3  11.7  15.6  17.7  18.0  13.3   7.4   0.9  -4.3
27707 2  -8.5  -8.1  -2.7   6.0  12.9  16.1  18.5  16.7  10.9   5.4  -0.9  -6.4
27707 3  -9.0  -6.5  -0.0   8.7  14.3  17.0  18.3  15.1   8.9   2.8  -3.1  -6.6
27823 1  -9.1 -10.6  -6.8   1.8  11.4  16.1  18.4  18.6  13.9   6.8   0.1  -5.1
27823 2  -9.8  -9.7  -4.9   5.5  13.5  17.4  19.5  17.7  11.4   4.9  -1.9  -7.2
27823 3 -10.5  -8.5  -2.0   8.5  14.6  18.1  19.1  16.1   9.2   2.3  -4.1  -7.9
27857 1 -10.0 -11.1  -7.3   1.6  11.9  16.6  19.4  19.3  14.1   7.0  -0.1  -5.6
27857 2 -11.0 -10.5  -5.7   5.6  14.1  18.3  20.2  18.0  11.7   5.0  -2.0  -8.0
27857 3 -11.3  -9.8  -2.3   8.9  15.6  19.0  20.1  16.7   9.6   2.5  -4.4  -9.5
27995 1 -11.5 -13.9  -8.7   1.6  12.9  17.8  21.2  20.8  15.5   7.3  -0.3  -7.0
27995 2 -12.3 -12.2  -6.4   6.3  15.2  19.9  21.7  19.6  13.1   5.3  -2.3  -9.6
27995 3 -13.0 -11.4  -2.9  10.3  16.4  20.6  21.4  17.9  10.4   2.4  -5.2 -11.0
28009 1 -13.7 -14.8  -8.2  -0.1   7.9  12.9  17.6  15.9  10.6   4.1  -3.8  -9.7
28009 2 -14.3 -13.0  -5.9   2.8   9.5  15.0  17.8  14.1   8.5   1.8  -5.9 -11.3
28009 3 -15.6 -10.8  -3.2   4.6  11.3  16.8  17.0  12.5   6.4  -1.0  -7.8 -13.2
28064 1 -17.5 -17.8 -10.0  -1.1   6.4  13.2  18.3  16.7  11.1   3.6  -6.4 -14.1
28064 2 -17.5 -15.9  -8.4   1.9   8.9  15.9  18.3  15.2   9.0   0.8  -8.3 -15.3
28064 3 -18.4 -13.3  -4.3   4.0  11.1  17.6  17.9  13.0   6.4  -2.1 -11.7 -16.1
28138 1 -17.0 -16.6 -10.7  -2.0   5.2  11.3  16.0  14.6   9.4   1.8  -6.7 -12.9
28138 2 -16.9 -14.6  -8.7   0.8   7.8  14.2  16.1  13.2   7.2  -0.5  -8.8 -14.8
28138 3 -16.7 -13.1  -5.5   3.4   9.6  15.3  15.8  11.6   4.6  -3.5 -11.5 -16.3
28224 1 -14.1 -14.4  -8.7   0.1   8.3  13.9  18.2  17.2  11.7   4.4  -3.7 -10.1
28224 2 -14.6 -12.7  -6.8   3.0  10.8  16.7  18.5  15.6   9.6   2.2  -5.9 -12.3
28224 3 -15.0 -11.4  -3.4   5.8  12.4  17.8  18.4  14.0   7.2  -0.7  -8.5 -14.0
28255 1 -16.1 -16.9  -9.5   0.0   8.4  14.1  18.5  17.0  11.7   4.3  -5.0 -12.4
28255 2 -16.4 -14.6  -7.6   3.5  10.6  16.7  18.5  15.6   9.5   2.0  -7.0 -14.1
28255 3 -17.4 -12.4  -3.5   6.0  12.5  18.0  18.0  13.5   7.0  -1.0 -10.1 -15.0
28275 1 -18.4 -17.8 -11.7  -1.6   7.2  14.1  18.5  17.1  11.5   4.1  -6.0 -13.9
28275 2 -18.1 -16.2  -9.1   1.8   9.8  16.6  18.5  15.5   9.6   1.4  -8.6 -15.7
28275 3 -18.6 -14.3  -5.1   4.7  11.9  17.9  18.3  13.5   7.0  -2.0 -11.3 -17.5
28418 1 -12.8 -14.8  -8.6   0.1  10.0  15.5  19.1  18.3  13.0   5.4  -2.1  -9.0
28418 2 -13.6 -12.4  -6.4   3.7  12.6  17.7  19.6  17.1  10.6   3.4  -4.5 -11.3
28418 3 -14.2 -11.2  -3.4   7.2  14.0  18.8  19.0  15.3   8.4   0.7  -7.4 -12.8
28434 1 -14.6 -16.3  -9.9  -0.1   8.9  14.3  18.1  17.0  11.9   4.3  -3.6 -10.6
28434 2 -15.5 -14.4  -7.6   3.3  11.3  16.8  18.4  15.6   9.6   2.5  -6.2 -13.3
28434 3 -16.6 -13.0  -4.0   6.2  12.8  17.8  17.9  13.7   7.1  -0.2  -9.0 -14.4
28493 1 -18.3 -18.6 -12.9  -2.0   7.9  14.4  18.6  16.8  11.4   4.1  -6.2 -14.3
28493 2 -18.7 -17.4  -9.7   2.4  10.2  16.5  18.6  15.6   9.4   1.5  -8.6 -16.3
28493 3 -19.6 -15.3  -5.4   5.1  12.3  17.9  18.0  13.1   6.9  -1.2 -11.7 -17.5
28552 1 -15.0 -15.9  -9.8   0.8  10.1  15.7  19.3  18.0  13.0   5.3  -3.6 -10.9
28552 2 -15.4 -14.1  -7.3   4.8  12.4  18.2  19.2  16.9  10.8   3.3  -6.0 -13.2
28552 3 -16.5 -12.4  -3.3   7.8  14.2  19.0  18.9  14.8   8.2   0.5  -8.9 -14.0
28573 1 -17.4 -18.0 -12.7  -1.4   9.1  14.9  18.9  17.3  12.1   4.6  -5.0 -12.9
28573 2 -17.6 -17.0  -9.9   3.3  11.4  17.4  18.7  16.1  10.1   2.4  -7.7 -15.2
28573 3 -18.7 -15.3  -5.3   6.2  13.3  18.4  18.3  13.8   7.6  -0.5 -10.7 -16.3
28666 1 -16.8 -17.2 -12.0  -0.8   9.9  15.8  19.3  18.0  13.1   5.1  -4.5 -12.1
28666 2 -17.0 -16.1  -9.4   4.0  12.3  18.2  19.2  17.0  10.9   2.9  -7.1 -14.6
28666 3 -17.8 -14.6  -5.0   7.2  14.2  18.9  18.9  14.8   8.1   0.0 -10.2 -15.5
28698 1 -17.5 -18.2 -12.9  -1.3   9.4  16.0  19.4  17.9  12.7   5.4  -4.8 -13.3
28698 2 -17.9 -16.7  -9.7   3.5  11.8  18.2  19.5  16.8  10.8   2.9  -7.3 -15.6
28698 3 -18.5 -15.5  -5.4   6.6  13.9  19.1  19.1  14.5   8.1  -0.2 -11.1 -16.9
28704 1 -12.4 -14.9  -9.4   0.7  11.4  16.1  19.1  18.8  13.8   6.0  -1.3  -7.6
28704 2 -13.0 -12.5  -6.9   5.0  13.5  18.1  19.9  17.6  11.3   4.2  -3.6 -10.2
28704 3 -14.3 -11.7  -3.5   8.6  14.8  18.9  19.4  15.8   8.9   1.6  -6.2 -11.4
28722 1 -13.1 -14.6  -9.1   0.6  10.9  16.1  19.6  18.6  13.5   5.8  -2.1  -9.2
28722 2 -14.1 -13.0  -6.9   4.5  13.4  18.4  19.7  17.6  11.3   3.9  -4.5 -11.8
28722 3 -14.5 -12.0  -3.4   8.7  14.8  19.3  19.3  15.8   8.8   1.1  -7.3 -13.0
28748 1 -15.2 -16.4 -10.9   0.9  11.0  16.6  19.9  18.8  14.1   5.6  -3.2 -10.8
28748 2 -16.0 -14.8  -7.9   5.3  13.4  19.0  19.9  17.9  11.7   3.7  -5.9 -13.5
28748 3 -16.5 -13.3  -3.8   8.6  15.1  19.8  19.6  15.8   8.9   0.9  -8.9 -14.3
29111 1 -19.8 -19.4 -13.1  -3.0   4.8  13.4  18.2  16.2  10.5   3.4  -8.2 -16.4
29111 2 -19.5 -17.7  -9.8   0.1   7.7  15.3  18.2  14.8   8.7   0.3 -10.4 -18.1
29111 3 -20.3 -15.7  -5.7   2.3  10.2  17.1  17.8  12.4   6.0  -3.3 -14.1 -19.5
29231 1 -19.7 -19.3 -13.4  -3.1   5.2  13.4  18.4  16.5  10.7   3.4  -8.1 -16.9
29231 2 -19.8 -18.0 -10.1   0.0   7.8  15.4  18.6  15.0   8.7   0.4 -10.5 -18.1
29231 3 -20.9 -16.1  -5.7   2.4  10.6  17.3  18.0  12.6   6.1  -2.7 -13.9 -19.1
29263 1 -21.8 -20.7 -14.3  -3.3   4.9  13.6  18.6  17.4  10.5   3.1  -8.6 -18.1
29263 2 -21.7 -18.7 -10.4  -0.4   7.5  15.8  19.2  15.4   8.4  -0.0 -11.9 -20.0
29263 3 -21.9 -17.0  -6.3   2.1  10.5  17.3  18.8  12.8   5.7  -3.7 -14.8 -21.1
29282 1 -23.9 -23.6 -15.4  -3.0   4.8  14.0  18.8  17.4  10.6   2.9  -8.6 -20.0
29282 2 -23.8 -21.4 -11.6  -0.1   7.4  16.4  19.2  15.5   8.2  -0.1 -12.5 -21.8
29282 3 -24.1 -18.4  -6.8   2.5  10.7  17.6  19.0  13.1   5.4  -3.5 -16.3 -23.2
29313 1 -19.6 -19.3 -13.3  -2.3   6.2  13.7  18.0  16.2  10.6   3.7  -7.4 -16.2
29313 2 -19.5 -17.8  -9.8   1.3   8.8  15.4  18.0  14.7   8.6   1.0  -9.6 -17.7
29313 3 -20.5 -15.8  -5.4   3.4  10.9  17.0  17.6  12.4   6.2  -2.0 -13.5 -19.1
29328 1 -18.6 -18.4 -13.1  -2.2   6.7  13.9  18.2  16.5  10.9   3.7  -7.1 -15.7
29328 2 -19.0 -17.2  -9.4   1.4   9.0  15.6  18.4  15.0   8.9   1.0  -9.4 -17.1
29328 3 -20.1 -15.5  -5.1   3.8  11.5  17.2  17.8  12.6   6.4  -1.9 -12.7 -18.0
29379 1 -22.3 -19.5 -12.5  -1.5   6.4  14.2  18.6  16.9  10.6   3.9  -6.6 -19.0
29379 2 -20.7 -17.0  -9.4   0.8   9.5  16.5  19.5  15.8   8.2   1.0 -10.8 -19.4
29379 3 -21.7 -16.1  -4.6   3.5  11.7  17.0  18.4  13.6   5.4  -2.7 -14.3 -18.9
29570 1 -16.3 -16.2 -10.7  -0.8   6.7  14.5  18.4  17.4  11.1   4.6  -5.5 -13.6
29570 2 -16.0 -14.5  -7.0   1.9   9.3  16.2  18.9  15.5   9.1   1.9  -8.1 -15.2
29570 3 -17.1 -13.1  -3.5   4.2  12.0  17.5  18.7  13.3   6.7  -1.2 -10.6 -16.0
29594 1 -18.6 -18.1 -11.9  -1.4   6.3  14.2  18.0  17.4  10.8   3.7  -6.7 -16.0
29594 2 -18.9 -16.2  -8.2   1.3   8.9  16.2  18.6  15.5   8.4   0.8  -9.7 -17.8
29594 3 -19.3 -14.2  -4.6   3.8  11.5  17.4  18.5  13.1   5.7  -2.1 -12.7 -18.4
29612 1 -18.8 -19.0 -14.6  -3.1   8.1  15.2  18.9  17.8  12.2   4.6  -5.8 -14.5
29612 2 -18.9 -17.4 -10.9   1.6  10.7  17.0  19.1  16.2  10.0   1.9  -8.6 -16.8
29612 3 -19.8 -16.2  -6.8   5.0  13.0  18.2  18.8  14.0   7.2  -1.5 -12.0 -17.6
29645 1 -17.2 -17.0 -12.2  -1.5   8.0  14.9  18.9  17.5  11.7   4.5  -5.0 -13.6
29645 2 -17.3 -16.0  -8.6   2.0  10.7  16.6  19.4  16.2   9.8   1.7  -7.7 -15.2
29645 3 -18.7 -14.3  -4.2   4.8  12.7  18.0  18.5  14.0   7.1  -0.6 -10.6 -16.2
29752 1 -15.4 -14.8 -12.6  -5.5   1.5   9.2  13.2  12.5   6.9   0.1  -8.6 -13.0
29752 2 -15.2 -15.0 -10.3  -2.6   3.8  10.8  13.7  11.0   5.2  -2.6 -10.9 -14.3
29752 3 -15.7 -14.2  -6.9  -0.9   6.5  12.4  13.3   8.9   2.4  -4.9 -12.2 -15.2
29789 1 -18.5 -17.9 -13.4  -3.9   3.0  10.1  13.5  13.1   7.2   0.7  -8.2 -15.6
29789 2 -19.5 -16.6 -10.2  -1.4   5.3  11.8  14.3  11.6   5.1  -2.0 -10.9 -17.4
29789 3 -19.7 -15.3  -7.0   0.7   7.8  13.0  14.2   9.5   2.8  -4.1 -13.1 -18.2
29866 1 -18.6 -19.7 -13.2   0.5   8.5  16.1  19.7  19.1  12.3   4.8  -5.0 -14.4
29866 2 -19.3 -17.4  -7.7   3.7  11.0  17.5  20.4  17.2  10.1   2.3  -7.9 -17.0
29866 3 -20.8 -16.1  -3.2   6.1  13.5  19.1  20.1  15.0   7.5  -0.5 -11.4 -18.1
29939 1 -16.2 -16.5 -12.6  -0.7   9.6  16.3  19.4  18.7  13.0   5.7  -3.9 -12.0
29939 2 -16.7 -15.9  -8.2   3.6  11.9  17.4  19.9  17.2  11.0   3.2  -7.2 -14.6
29939 3 -18.0 -14.4  -4.1   6.8  14.2  18.8  19.4  15.0   8.2   0.6 -10.3 -15.4
30054 1 -29.9 -28.2 -19.6  -6.6   3.1  12.5  17.8  16.7   9.2   0.5 -13.6 -24.9
30054 2 -29.4 -26.0 -15.7  -3.1   6.2  15.2  18.5  14.9   6.4  -2.7 -17.9 -27.4
30054 3 -27.6 -22.3 -10.8   0.1   9.3  16.5  18.0  12.3   3.7  -7.1 -22.3 -28.7
30089 1 -34.7 -32.5 -23.2  -8.1   3.5  12.4  17.8  16.2   8.6  -0.7 -16.5 -29.7
30089 2 -34.9 -30.3 -18.5  -3.5   6.4  15.0  18.2  14.0   5.7  -4.9 -22.7 -31.8
30089 3 -32.9 -26.3 -13.3   0.5   9.7  16.2  17.3  12.0   2.8  -9.7 -27.5 -34.9
30230 1 -27.1 -25.3 -17.8  -5.0   4.2  13.2  18.1  17.5   9.6   1.4 -11.4 -23.3
30230 2 -27.9 -23.3 -13.6  -1.7   7.2  15.6  18.9  15.3   7.0  -1.9 -16.4 -25.8
30230 3 -26.4 -20.9  -9.2   1.5  10.3  17.2  18.4  12.6   4.3  -6.0 -19.3 -26.5
30252 1 -29.9 -27.7 -18.6  -4.8   4.2  12.3  17.6  16.7   9.4   0.7 -13.4 -26.3
30252 2 -31.5 -25.6 -13.8  -1.2   6.8  15.3  18.6  15.1   6.8  -2.8 -17.7 -27.6
30252 3 -28.5 -22.1  -9.0   1.6   9.4  16.5  18.0  13.1   4.1  -7.2 -21.5 -29.7
30309 1 -21.8 -21.1 -14.3  -3.0   4.8  12.9  17.7  17.3  10.4   3.1  -7.9 -17.6
30309 2 -22.0 -18.9 -10.6  -0.1   7.2  15.0  18.6  15.5   8.0  -0.0 -11.0 -20.3
30309 3 -22.2 -17.0  -6.8   2.2  10.3  16.9  18.5  13.0   5.5  -3.4 -13.9 -21.5
30372 1 -34.0 -30.9 -22.6  -8.1   2.0  10.9  16.3  15.1   8.0  -1.5 -16.5 -29.3
30372 2 -34.0 -29.1 -18.2  -4.1   4.9  13.9  16.8  13.4   5.2  -5.9 -21.8 -30.8
30372 3 -31.8 -25.5 -13.1  -0.7   8.1  15.1  16.3  11.3   2.2 -10.8 -25.9 -33.3
30385 1 -32.9 -28.2 -18.9  -6.1   3.8  12.7  17.7  16.5   9.6   0.0 -15.5 -28.0
30385 2 -32.1 -25.6 -15.0  -2.3   6.8  15.2  18.1  14.7   6.7  -4.4 -21.0 -30.6
30385 3 -29.9 -22.3 -10.4   1.2  10.0  16.4  17.6  12.7   3.9  -9.4 -25.3 -32.6
30393 1 -34.0 -30.3 -21.9  -9.5   1.1  10.7  16.1  14.8   7.6  -2.7 -17.4 -29.3
30393 2 -33.6 -28.1 -18.1  -5.7   4.1  13.4  16.5  12.9   4.6  -7.3 -23.0 -31.9
30393 3 -31.4 -25.2 -13.8  -2.0   7.6  14.6  15.8  11.0   1.5 -11.7 -26.9 -34.0
30433 1 -21.0 -21.9 -16.5  -5.6   2.5   9.5  14.8  16.4  10.9   3.0  -8.1 -16.0
30433 2 -22.5 -20.7 -13.1  -2.4   4.8  12.0  16.4  15.2   8.4  -0.4 -11.3 -17.1
30433 3 -22.9 -18.6  -9.5   0.2   7.2  13.7  16.8  13.5   5.7  -3.5 -13.8 -18.8
30521 1 -27.5 -26.0 -17.3  -3.8   5.0  12.8  17.1  16.5   9.3   1.3 -11.0 -22.8
30521 2 -28.4 -23.6 -13.0  -0.3   7.6  15.2  18.0  14.6   6.6  -2.1 -15.3 -24.6
30521 3 -27.4 -20.8  -8.6   2.6  10.5  16.4  17.8  12.4   3.9  -5.3 -18.7 -27.0
30554 1 -29.8 -26.5 -19.2  -6.2   2.7  11.0  15.3  14.6   7.8  -0.8 -14.4 -25.7
30554 2 -29.6 -24.4 -15.3  -2.9   5.8  13.4  16.0  12.8   5.3  -4.8 -19.2 -27.2
30554 3 -27.6 -21.7 -10.7   0.1   8.7  14.5  15.6  10.7   2.4  -8.9 -22.6 -29.3
30612 1 -24.2 -24.2 -16.9  -3.0   5.7  13.8  18.0  17.6  10.9   3.5  -7.1 -18.6
30612 2 -25.2 -22.2 -12.6   0.6   8.3  15.9  18.8  15.8   8.5   0.3 -11.1 -21.2
30612 3 -25.2 -20.1  -8.3   3.2  11.3  17.4  18.7  13.7   5.9  -2.4 -14.8 -23.0
30636 1 -26.4 -25.9 -16.1  -2.9   5.5  13.6  18.0  17.9  11.3   3.0  -8.6 -20.4
30636 2 -28.0 -23.2 -11.8   0.5   8.0  15.7  19.1  16.4   8.7  -0.2 -12.9 -23.0
30636 3 -27.7 -19.7  -7.3   2.9  11.1  17.3  18.9  14.1   5.9  -3.8 -16.1 -24.5
30650 1 -28.1 -25.2 -17.9  -5.0   3.7  11.8  15.9  15.3   8.5   0.6 -12.6 -23.4
30650 2 -28.4 -23.2 -14.1  -1.5   6.6  14.2  16.7  13.5   6.1  -3.2 -16.9 -24.9
30650 3 -26.8 -20.5  -9.9   1.2   9.5  15.2  16.3  11.5   3.5  -7.1 -20.0 -27.2
30673 1 -30.2 -25.9 -18.4  -5.2   4.3  12.4  17.1  15.9   9.3   0.6 -14.0 -25.9
30673 2 -29.4 -24.0 -14.5  -1.7   7.3  14.6  17.4  14.4   6.5  -3.4 -19.2 -28.4
30673 3 -27.8 -21.4  -9.9   1.5  10.1  15.8  17.0  12.2   4.1  -8.3 -23.1 -29.7
30710 1 -19.2 -18.8 -12.4  -1.3   6.7  13.8  17.5  17.3  10.8   4.0  -6.3 -15.5
30710 2 -20.1 -17.1  -8.9   1.8   8.9  15.4  18.3  15.7   8.5   1.1  -9.8 -18.1
30710 3 -20.1 -15.1  -4.9   4.1  11.5  16.9  18.2  13.3   6.2  -2.1 -12.6 -18.8
30758 1 -26.0 -23.3 -15.2  -2.3   5.9  14.2  18.6  17.7  11.0   2.7  -9.6 -20.8
30758 2 -26.6 -21.1 -11.1   0.9   8.8  16.4  19.0  15.9   8.3  -0.7 -14.0 -23.4
30758 3 -25.5 -18.5  -6.5   3.5  11.9  17.9  18.7  13.7   5.6  -4.6 -17.5 -25.2
30777 1 -29.9 -26.0 -17.1  -2.0   6.8  14.4  18.9  18.1  11.4   3.3 -10.4 -24.4
30777 2 -29.8 -23.7 -12.5   1.4  10.0  16.9  19.4  16.4   8.8  -0.6 -16.3 -26.6
30777 3 -27.7 -20.4  -7.3   4.2  12.4  18.2  19.0  14.4   6.3  -4.7 -20.7 -29.1
30844 1 -24.8 -22.8 -15.4  -2.8   5.0  12.4  16.5  16.2   9.3   1.5  -9.9 -19.7
30844 2 -25.6 -20.8 -11.2   0.0   7.5  14.7  17.5  14.3   6.8  -1.9 -13.7 -21.5
30844 3 -24.5 -18.3  -6.9   2.5  10.3  15.9  17.2  12.3   4.0  -5.2 -17.1 -24.0
30879 1 -28.3 -25.5 -16.9  -2.8   6.4  14.0  18.8  17.8  11.3   3.2 -10.1 -22.8
30879 2 -28.8 -23.1 -13.1   0.8   9.5  16.3  19.1  16.2   8.7  -0.5 -15.3 -25.8
30879 3 -27.3 -20.3  -7.9   3.7  12.1  17.7  18.6  14.0   6.3  -4.9 -19.3 -27.6
30925 1 -21.2 -19.6 -12.1  -0.2   7.5  15.1  18.6  18.5  11.9   4.2  -6.5 -16.4
30925 2 -21.6 -17.1  -8.0   2.7   9.8  16.9  19.4  16.9   9.4   1.0 -10.5 -19.0
30925 3 -21.2 -14.9  -3.7   4.9  12.5  18.2  19.4  14.6   6.9  -2.4 -13.2 -20.7
30935 1 -25.6 -24.0 -15.4  -1.7   6.2  13.4  17.0  16.6  10.0   2.4  -8.9 -19.6
30935 2 -26.2 -21.4 -10.6   1.2   8.6  15.3  17.7  14.9   7.5  -0.9 -13.2 -22.5
30935 3 -25.5 -18.6  -5.9   3.5  11.3  16.5  17.7  12.9   5.2  -4.3 -16.8 -24.8
30949 1 -22.4 -19.8 -12.3  -1.3   6.4  13.7  17.3  17.1  10.8   3.2  -8.3 -18.0
30949 2 -22.3 -17.7  -8.6   1.2   9.1  15.5  17.9  15.4   8.4  -0.2 -12.5 -19.7
30949 3 -21.3 -15.4  -5.2   3.7  11.9  16.8  17.8  13.6   5.9  -3.6 -15.6 -21.5
30965 1 -27.4 -25.3 -17.1  -2.4   6.6  14.9  19.5  18.9  12.2   3.5  -9.6 -21.8
30965 2 -27.7 -23.2 -12.5   1.1   9.6  17.3  19.9  17.1   9.3  -0.1 -14.5 -24.6
30965 3 -27.0 -20.4  -7.6   3.9  12.5  18.7  19.6  15.1   6.6  -4.4 -18.1 -26.6
31004 1 -27.4 -26.3 -19.8  -8.4   1.2  11.4  16.8  15.5   8.2  -2.2 -15.4 -24.3
31004 2 -27.2 -25.0 -16.1  -4.9   4.3  14.1  16.9  13.4   5.0  -6.3 -19.4 -26.1
31004 3 -26.6 -21.8 -12.3  -1.6   7.9  15.1  16.4  11.5   1.9 -10.2 -22.5 -27.6
31088 1 -22.4 -19.9 -16.4  -8.1  -0.2   4.9  11.0  13.5  10.8   2.5 -10.8 -18.4
31088 2 -21.9 -19.4 -13.6  -4.8   1.7   7.0  12.4  13.3   8.6  -1.6 -14.4 -19.9
31088 3 -21.2 -18.3 -10.9  -2.4   3.2   9.0  13.1  12.6   6.1  -6.6 -16.5 -21.2
31137 1 -38.3 -35.2 -26.2 -12.3   0.7  10.0  14.9  13.4   6.7  -4.0 -21.1 -33.7
31137 2 -38.3 -34.1 -22.0  -7.4   4.1  12.5  15.1  11.4   3.6  -8.9 -27.5 -37.2
31137 3 -37.1 -30.1 -17.2  -3.1   7.3  13.4  14.4   9.6   0.4 -14.2 -32.4 -39.2
31168 1 -18.8 -17.3 -13.6  -5.8   0.2   4.8  10.6  13.5  11.5   4.2  -6.9 -15.0
31168 2 -18.5 -17.1 -10.9  -3.3   1.7   7.2  12.0  13.5   9.6   0.7 -10.8 -17.0
31168 3 -18.4 -15.1  -8.5  -1.1   3.0   8.9  13.0  13.3   7.1  -2.8 -13.5 -17.7
31174 1 -20.4 -19.6 -16.2  -7.2   0.4   4.9   9.5  12.5  10.7   4.0  -5.4 -14.6
31174 2 -20.6 -20.0 -13.2  -3.9   2.0   6.7  11.1  12.5   8.7   1.2  -9.1 -18.1
31174 3 -20.5 -18.3 -10.5  -1.3   3.3   8.0  11.9  12.1   6.3  -1.7 -12.0 -19.4
31253 1 -32.5 -26.3 -17.0  -4.7   5.3  13.3  18.0  17.2  11.1   2.1 -13.6 -27.3
31253 2 -31.6 -24.5 -13.2  -1.0   8.4  15.6  18.4  15.8   8.4  -2.1 -19.7 -30.1
31253 3 -29.4 -20.8  -8.9   2.5  10.9  16.6  17.9  13.9   5.7  -7.5 -24.6 -31.8
31329 1 -33.2 -27.4 -18.8  -5.9   4.0  12.1  17.0  16.2  10.6   1.3 -13.0 -26.8
31329 2 -32.3 -25.8 -14.7  -2.0   6.9  14.3  17.5  15.0   7.7  -2.6 -18.8 -30.3
31329 3 -30.7 -22.1 -10.3   1.4   9.6  15.4  17.0  13.2   4.8  -7.3 -23.2 -31.9
31369 1 -23.5 -20.8 -15.4  -5.4   1.8  10.3  15.9  17.1  13.4   5.3  -5.4 -17.1
31369 2 -23.4 -20.1 -12.5  -2.3   3.9  12.4  17.0  16.4  11.0   2.4 -10.2 -19.8
31369 3 -22.7 -17.9  -9.4   0.0   7.2  14.2  17.2  15.5   8.2  -1.3 -14.2 -22.1
31416 1 -28.7 -23.4 -15.9  -3.5   5.3  12.7  17.5  18.0  13.4   4.8  -7.6 -22.1
31416 2 -27.8 -22.9 -12.0   0.2   7.9  15.2  18.4  17.1  10.7   1.2 -14.0 -25.3
31416 3 -26.8 -19.1  -7.7   3.2  10.4  16.2  18.2  15.7   7.7  -2.5 -18.4 -27.4
31439 1 -25.1 -20.9 -15.2  -3.9   4.4  12.4  17.0  17.8  13.8   5.6  -5.3 -19.0
31439 2 -24.3 -20.7 -11.2  -0.3   6.9  14.3  18.2  17.2  11.4   2.4 -11.1 -21.9
31439 3 -23.6 -17.6  -7.8   2.3   9.6  15.7  18.1  16.0   8.4  -0.9 -15.4 -23.6
31478 1 -31.5 -27.6 -20.0  -7.9   2.5  10.7  15.4  14.6   8.7  -0.3 -14.2 -27.0
31478 2 -31.4 -26.5 -16.3  -3.8   5.6  12.7  15.5  13.1   5.9  -4.1 -20.2 -31.0
31478 3 -30.4 -23.3 -12.0  -0.1   8.0  13.8  15.5  11.4   3.1  -8.6 -24.1 -31.5
31707 1 -20.8 -17.4 -10.5   1.6   9.6  16.3  20.8  21.3  15.8   7.8  -3.2 -15.9
31707 2 -20.7 -16.1  -6.8   4.3  12.3  18.1  21.7  19.9  13.1   4.4  -8.3 -18.2
31707 3 -19.4 -13.3  -2.7   7.2  14.6  19.7  21.4  18.2  10.6   0.7 -12.5 -19.9
31770 1 -17.3 -15.3 -10.6  -1.6   3.8   9.1  13.3  16.8  14.7   7.9  -1.1 -11.5
31770 2 -17.4 -15.3  -7.5   0.6   5.6  10.6  14.9  17.0  12.8   5.5  -5.7 -13.9
31770 3 -17.0 -12.6  -4.9   2.4   7.3  12.1  15.9  16.4  10.5   2.5  -8.6 -15.7
31829 1 -11.6 -10.1  -6.4  -0.1   3.9   7.7  12.3  16.5  15.5   9.7   1.3  -7.8
31829 2 -11.4 -10.1  -4.2   1.3   5.3   9.3  14.1  16.8  14.1   7.1  -2.9  -9.6
31829 3 -11.5  -8.0  -2.3   2.5   6.4  10.8  15.2  16.6  12.0   4.6  -5.4 -10.6
31960 1 -13.3 -11.6  -5.5   2.6   8.1  11.9  16.1  20.3  17.9  11.8   2.7  -7.5
31960 2 -13.7 -10.0  -2.8   4.4   9.5  13.2  17.7  20.3  16.0   9.1  -1.2 -10.0
31960 3 -13.1  -7.8  -0.1   6.5  10.8  14.8  19.3  19.3  14.0   6.2  -4.4 -11.7
31961 1 -18.6 -16.5  -8.1   3.0   9.9  14.6  18.7  22.0  17.7  10.1   0.5 -11.8
31961 2 -19.2 -14.6  -4.3   5.4  11.6  16.0  20.2  21.4  15.0   7.4  -4.0 -15.0
31961 3 -18.5 -11.3  -0.5   7.9  13.1  17.6  21.4  19.8  12.7   4.2  -7.8 -17.1
31989 1  -7.3  -6.8  -2.8   3.2   7.3  11.1  15.4  19.7  17.7  11.7   4.7  -3.9
31989 2  -8.3  -6.2  -0.6   4.5   8.7  12.3  16.8  19.8  16.0   9.6   1.0  -6.0
31989 3  -8.0  -4.4   1.0   6.0   9.8  13.7  18.5  19.0  13.8   7.2  -1.5  -7.0
32027 1 -19.9 -18.8 -15.5  -6.2   0.7   7.4  12.9  15.7  13.9   6.9  -3.0 -13.7
32027 2 -19.9 -19.4 -12.2  -3.1   2.0   9.7  14.2  15.8  12.1   3.9  -7.6 -16.3
32027 3 -20.2 -17.5  -9.7  -0.8   4.0  11.4  15.1  15.4   9.6   0.9 -10.8 -18.2
32061 1 -17.4 -16.2 -11.6  -2.4   3.8   9.7  14.3  17.2  14.3   7.5  -1.3 -10.1
32061 2 -17.7 -15.8  -8.8   0.1   5.6  11.2  15.7  16.7  12.3   5.0  -5.1 -12.9
32061 3 -17.6 -13.5  -5.9   2.1   7.5  12.8  16.6  16.0  10.0   1.8  -7.7 -15.5
32076 1 -16.5 -15.8 -12.8  -4.4   1.2   5.2   9.1  12.2  11.6   6.0  -2.0 -10.9
32076 2 -16.5 -16.6  -9.9  -1.7   2.4   6.6  10.5  12.6  10.2   3.8  -6.1 -13.4
32076 3 -17.2 -14.7  -7.7   0.0   3.5   7.8  11.3  12.9   8.3   1.2  -8.6 -15.1
32098 1 -16.8 -14.9 -10.6  -2.2   3.0   7.6  12.1  15.9  14.1   7.7  -1.0 -10.8
32098 2 -16.8 -14.9  -7.6  -0.0   4.4   9.2  13.7  16.0  12.3   5.4  -5.0 -13.3
32098 3 -16.6 -12.5  -5.3   1.6   5.8  10.7  14.9  15.4  10.1   2.5  -7.8 -15.5
32099 1 -11.3 -12.1  -9.7  -2.7   0.5   3.5   7.8  11.5  11.8   8.2   1.9  -4.8
32099 2 -12.5 -12.8  -7.2  -1.3   1.4   5.1   9.2  12.0  11.0   6.5  -1.3  -7.3
32099 3 -13.1 -11.2  -5.2  -0.3   2.2   6.4  10.6  12.2   9.8   4.5  -2.8  -9.2
32150 1 -12.2 -12.6  -9.3  -0.5   5.3  10.0  14.1  17.5  15.0   8.4   1.6  -6.8
32150 2 -13.4 -13.2  -6.2   1.5   7.1  11.5  15.7  17.4  13.2   6.4  -2.3  -9.2
32150 3 -13.7 -10.9  -3.7   3.5   8.3  12.8  16.8  16.4  11.0   4.0  -4.3 -10.5
32165 1  -3.6  -5.6  -4.4   0.4   4.2   7.1  10.8  15.4  15.8  12.3   6.9   0.6
32165 2  -4.6  -6.2  -2.7   1.6   5.4   8.5  12.3  16.1  15.3  10.7   4.0  -1.3
32165 3  -5.5  -5.1  -1.5   3.0   6.1   9.8  14.3  16.0  13.8   8.8   2.3  -2.5
32213 1  -4.2  -5.1  -4.7  -2.1   0.4   3.5   6.9   9.2   9.5   6.9   2.0  -1.7
32213 2  -4.5  -5.6  -4.0  -1.3   1.2   4.5   7.7   9.6   8.8   5.6   0.3  -2.7
32213 3  -5.3  -5.5  -3.1  -0.4   2.2   5.8   8.7   9.8   8.0   4.0  -0.7  -3.7
32252 1 -16.7 -16.8 -15.4  -8.3  -0.4   5.1   9.5  11.2   8.9   3.5  -4.7 -11.8
32252 2 -17.3 -16.5 -13.2  -5.4   1.5   6.6  10.3  10.9   7.2   1.3  -7.4 -13.5
32252 3 -17.6 -17.1 -10.9  -2.7   3.1   8.3  10.8  10.1   5.6  -1.7 -10.0 -16.0
32287 1 -13.3 -13.8 -12.6  -6.5   0.8   6.0  10.7  12.5  10.0   4.5  -2.8  -9.0
32287 2 -13.6 -13.6 -10.7  -3.8   2.5   7.6  11.6  12.2   8.2   2.5  -5.3 -10.7
32287 3 -14.8 -13.9  -8.5  -1.4   4.3   9.5  12.2  11.2   6.4  -0.2  -7.4 -12.7
32389 1 -16.5 -14.4 -11.3  -4.8   2.2   9.4  14.2  15.1  10.8   4.7  -3.7 -12.1
32389 2 -15.9 -13.9  -9.5  -2.3   4.4  11.6  15.4  14.1   8.8   2.2  -7.0 -13.8
32389 3 -16.2 -13.3  -7.1   0.1   7.0  13.1  15.5  12.8   6.9  -0.7  -9.8 -15.7
32477 1 -12.8 -13.0 -11.5  -5.3   1.2   6.3  10.8  12.6  10.3   5.3  -2.3  -8.7
32477 2 -13.7 -13.0  -9.3  -2.5   2.9   7.8  11.8  12.3   8.6   3.4  -5.3 -10.7
32477 3 -14.2 -13.4  -7.3  -0.7   4.5   9.4  12.3  11.5   7.0   0.6  -7.5 -12.6
32509 1  -6.0  -6.0  -5.6  -2.1   1.7   6.3  10.2  13.1  11.4   7.2   0.5  -4.2
32509 2  -6.0  -5.8  -4.5  -0.8   3.5   7.8  11.7  13.1  10.1   5.2  -1.6  -5.0
32509 3  -6.5  -6.1  -3.4   0.5   4.6   9.1  12.8  12.7   8.7   2.8  -2.8  -5.7
32562 1 -10.9 -10.8  -9.1  -3.6   1.4   6.0  10.4  12.2  10.6   6.1  -0.9  -6.6
32562 2 -11.3 -10.9  -7.4  -2.0   2.9   7.4  11.2  12.0   9.0   4.3  -3.5  -8.6
32562 3 -12.4 -11.0  -5.6  -0.2   4.3   8.9  11.9  11.6   7.5   1.9  -5.6 -11.1
32618 1  -3.3  -3.6  -3.3  -1.5   1.3   4.3   7.7  10.6  10.2   6.6   1.7  -1.7
32618 2  -3.3  -3.6  -3.0  -0.6   2.2   5.4   8.8  10.8   9.2   5.1   0.2  -2.3
32618 3  -3.7  -3.7  -2.3   0.3   3.2   6.5   9.9  10.8   8.1   3.3  -0.8  -2.9
34110 1  -8.0  -8.7  -5.0   3.5  12.5  16.9  19.4  19.7  14.8   8.4   1.3  -4.1
34110 2  -8.4  -8.1  -3.5   6.7  14.5  18.0  20.1  18.8  12.6   6.1  -0.4  -6.2
34110 3  -8.9  -7.4  -0.3   9.6  15.7  18.9  19.9  17.4  10.6   3.6  -2.9  -7.2
34123 1  -7.8  -9.3  -5.0   4.0  13.1  17.3  19.8  20.1  15.4   8.4   1.7  -4.0
34123 2  -8.2  -8.1  -3.2   7.5  15.3  18.7  20.7  19.3  12.9   6.4  -0.3  -6.1
34123 3  -9.2  -7.3  -0.2  10.3  16.3  19.4  20.5  17.7  11.1   3.9  -2.6  -6.9
34152 1  -7.7 -10.2  -6.0   4.1  13.5  17.9  20.2  20.8  15.8   8.2   0.7  -4.8
34152 2  -9.1  -8.6  -3.5   8.0  15.3  19.1  21.3  19.7  13.0   6.4  -0.8  -6.5
34152 3  -9.7  -7.6  -0.4  10.5  16.7  19.7  21.2  17.9  10.9   3.2  -3.1  -7.4
34163 1 -10.8 -12.2  -8.3   1.6  12.3  17.3  20.4  20.6  15.1   7.4  -0.5  -6.5
34163 2 -12.0 -11.4  -6.1   5.9  14.7  19.2  21.3  19.3  12.6   5.2  -2.4  -9.1
34163 3 -12.3 -10.8  -2.7   9.4  16.0  19.8  21.3  17.8  10.2   2.4  -4.9 -10.4
34186 1 -10.6 -13.0  -8.3   2.7  13.8  18.8  21.7  22.0  16.9   8.0  -0.1  -6.3
34186 2 -11.3 -11.3  -5.7   7.4  15.6  20.7  22.7  21.2  13.8   6.1  -2.1  -8.8
34186 3 -12.5 -10.3  -2.0  10.9  17.4  21.1  22.6  19.1  10.7   2.9  -4.7  -9.8
34579 1  -7.2  -9.4  -4.1   7.1  15.4  21.3  24.6  25.0  19.4  10.7   2.6  -3.0
34579 2  -8.0  -7.3  -1.2  10.3  18.0  23.3  25.6  24.2  16.5   8.4   0.9  -5.4
34579 3  -9.1  -6.3   2.4  13.0  19.7  23.9  25.5  22.1  14.1   5.5  -1.7  -6.2
34720 1  -3.3  -4.8  -1.1   7.2  15.1  20.0  23.2  23.9  19.3  12.3   5.2  -0.2
34720 2  -4.0  -3.7   0.5  10.0  17.4  21.4  24.1  23.1  17.1  10.1   3.6  -1.9
34720 3  -4.9  -3.1   3.6  12.6  18.7  22.5  24.2  21.6  15.1   7.5   1.2  -2.7
34740 1  -3.1  -4.9  -0.4   8.7  15.0  19.8  23.1  24.0  19.3  12.0   5.1   0.2
34740 2  -4.1  -2.9   1.1  10.6  17.0  21.3  24.3  23.5  17.0  10.1   3.5  -1.7
34740 3  -5.2  -2.3   4.4  12.5  18.3  22.2  24.5  21.9  14.9   7.3   1.4  -2.1
34866 1  -3.5  -5.8  -0.7   8.3  15.7  21.7  25.2  25.5  20.3  12.3   4.7  -0.3
34866 2  -4.7  -4.1   1.2  10.8  18.3  23.6  26.1  24.8  17.5  10.0   3.4  -2.4
34866 3  -5.8  -3.0   4.4  13.0  20.0  24.4  26.3  23.0  15.5   7.3   1.0  -2.9
34880 1  -5.1  -6.1  -1.8   7.4  15.9  21.6  25.1  25.2  19.8  12.0   4.7  -0.9
34880 2  -5.9  -4.9   0.5  10.4  18.5  23.6  25.7  24.0  17.2   9.9   2.9  -2.8
34880 3  -6.5  -4.4   3.7  13.1  20.1  24.3  25.7  22.4  15.0   7.4   0.6  -4.2
34927 1   0.3  -1.0   2.6  10.4  15.5  20.1  23.1  24.1  20.0  13.6   7.7   3.1
34927 2  -0.4   1.3   4.0  11.8  17.5  21.4  24.0  23.6  17.9  11.7   6.1   1.4
34927 3  -1.3   1.5   7.0  13.4  18.8  22.2  24.4  22.3  16.0   9.4   4.3   1.0
34949 1  -2.0  -3.4   0.2   8.3  13.4  18.1  21.5  22.5  18.1  11.8   5.0   0.3
34949 2  -3.1  -2.2   1.7   9.9  15.5  19.5  22.4  21.8  16.4  10.7   3.8  -1.1
34949 3  -3.8  -1.3   4.7  11.2  16.7  20.1  22.8  20.7  14.6   7.6   2.5  -0.8
35011 1 -11.4 -13.7  -8.7   2.3  13.2  17.9  21.3  20.7  16.2   7.1  -0.8  -7.7
35011 2 -12.5 -12.2  -5.8   7.0  15.2  20.0  21.5  19.9  13.1   5.5  -2.9  -9.8
35011 3 -14.0 -11.3  -2.0  10.3  16.7  20.7  21.5  18.1  10.5   2.2  -5.2 -10.9
36038 1 -14.2 -14.8 -11.3  -0.5  10.0  16.4  19.3  18.7  13.4   6.5  -2.6 -10.0
36038 2 -14.3 -13.9  -7.3   4.0  12.2  17.5  19.6  17.1  11.6   4.1  -6.2 -13.3
36038 3 -15.7 -12.8  -3.8   7.1  14.1  18.9  19.3  15.2   8.8   1.3  -8.9 -13.5
36064 1  -8.1  -8.8  -5.9   1.2   7.6  13.2  16.4  16.8  11.9   6.3  -0.8  -5.6
36064 2  -8.4  -8.7  -3.3   4.2   9.4  14.4  17.0  15.7  10.3   4.1  -2.8  -7.2
36064 3  -9.3  -7.7  -0.4   5.6  11.1  15.5  17.2  13.8   8.0   2.4  -4.7  -8.0
36096 1 -30.1 -28.7 -19.2  -0.3   9.4  16.8  19.9  19.0  12.6   4.3  -8.5 -23.7
36096 2 -30.4 -25.8 -13.3   4.1  12.0  18.2  20.6  17.6  10.3   0.9 -14.6 -27.2
36096 3 -31.0 -23.0  -7.0   7.0  14.4  19.5  20.0  15.5   7.5  -3.2 -19.7 -29.2
36229 1 -20.7 -19.5 -13.0  -0.5   7.8  13.5  16.0  15.4  10.4   3.8  -5.9 -15.6
36229 2 -20.9 -17.8  -8.3   3.5   9.7  14.7  16.3  14.5   8.7   1.0 -10.0 -18.5
36229 3 -21.8 -15.6  -3.9   5.6  11.5  15.6  16.1  12.4   6.1  -1.7 -14.3 -20.4
36259 1 -29.1 -27.9 -19.5  -4.2   4.4  11.4  14.2  14.0   8.4   0.7 -11.4 -22.5
36259 2 -28.9 -26.0 -13.7  -0.0   6.6  12.8  14.7  12.7   6.5  -3.2 -16.6 -25.8
36259 3 -29.9 -22.6  -8.6   2.1   9.0  13.8  14.5  10.6   3.2  -6.8 -20.9 -28.0
36307 1 -31.7 -31.5 -23.1  -6.4   8.0  15.5  18.2  17.7  12.0   4.3  -8.6 -23.2
36307 2 -32.2 -28.8 -18.0   0.7  10.6  16.9  18.8  16.6   9.9   0.9 -14.0 -27.1
36307 3 -33.0 -26.5 -13.1   5.0  13.0  17.9  18.5  14.6   7.2  -3.2 -18.9 -30.1
37001 1   3.2   1.9   4.1   9.6  13.7  19.2  22.7  24.1  20.2  15.0   9.6   5.6
37001 2   2.0   3.4   5.3  10.9  15.8  20.7  23.7  23.5  18.6  13.3   8.5   4.3
37001 3   1.7   3.1   7.4  12.1  17.6  21.6  24.2  22.3  17.0  11.0   7.1   4.5
37061 1  -3.0  -4.8  -0.0   8.1  15.0  20.3  24.1  24.8  20.1  12.9   6.2   0.2
37061 2  -3.6  -2.7   1.8  10.2  17.3  22.1  25.1  24.1  17.8  10.8   4.1  -1.4
37061 3  -4.9  -1.9   4.6  12.7  19.0  23.1  25.2  22.7  15.8   8.4   1.8  -2.6
37107 1   1.3   0.6   3.1   8.5  12.6  16.3  19.0  20.2  17.4  12.5   8.2   3.5
37107 2   0.3   1.9   3.7   9.8  14.3  17.6  20.2  20.1  15.6  11.1   6.6   2.3
37107 3   0.4   2.1   5.8  11.1  15.5  18.2  20.6  19.0  14.4   9.5   4.8   1.7
37126 1  -4.4  -6.6  -4.3   0.8   4.1   8.1  10.6  11.7   9.0   5.3   1.3  -2.3
37126 2  -6.1  -5.5  -3.6   1.7   6.0   9.0  11.5  11.7   7.8   4.9   0.5  -3.7
37126 3  -6.2  -5.2  -1.4   2.5   7.2   9.6  12.1  10.8   7.0   2.8  -0.9  -3.8
37228 1  -2.4  -3.6   0.8   7.7  12.6  17.1  19.9  21.0  17.2  11.0   5.7  -0.1
37228 2  -3.0  -2.9   2.2   9.2  15.0  18.0  20.7  20.0  14.9  10.1   3.9  -1.3
37228 3  -3.3  -1.7   4.7  10.4  15.9  19.0  20.9  19.3  13.8   8.0   1.4  -1.6
37470 1   2.9   1.4   3.4   8.1  14.1  20.1  24.2  25.4  22.1  16.3  10.6   5.9
37470 2   2.2   2.3   4.3  10.1  16.4  22.1  25.2  24.9  20.2  14.4   8.9   4.2
37470 3   1.5   2.5   5.8  12.0  18.3  23.1  25.5  23.8  18.4  12.4   7.2   3.6
37472 1   0.7  -0.2   2.5   7.6  14.3  20.2  24.1  25.1  21.7  15.7   9.3   4.0
37472 2  -0.1   0.7   3.6   9.8  16.6  22.1  25.0  24.5  19.6  13.7   7.5   2.7
37472 3  -0.7   1.1   5.4  11.9  18.4  23.2  25.3  23.5  17.8  11.6   5.3   1.5
37663 1  -0.7  -1.6   1.1   7.5  12.3  16.3  19.3  20.3  17.1  11.3   6.4   1.6
37663 2  -1.7  -0.1   2.5   9.2  14.2  17.7  20.3  19.9  14.9  10.1   5.0   0.3
37663 3  -2.1  -0.3   4.9  10.7  15.3  18.3  20.6  18.8  13.6   8.4   3.0  -0.0
31152 1 -36.5 -31.8 -22.4  -8.2   3.2  12.4  17.4  16.0   9.3  -0.9 -17.0 -31.4
31152 2 -36.2 -30.1 -17.5  -3.5   6.3  14.9  17.7  14.2   6.2  -5.6 -23.9 -34.5
31152 3 -34.3 -26.3 -13.0   0.4   9.6  15.7  16.9  12.3   3.1 -10.8 -29.1 -36.3
