21908  1 22   VI 17   VI 27   VI 17  VII  3  VII  6 VIII    26     10     49   16
21908  2          (1956)  (1994)          (1993)  (2001)       (1993) (2001)
22217  1 21   VI  9   VI 27   VI 24  VII  2  VII 10 VIII    34      8     53   17
22217  2          (1936)  (1948)          (1958)  (1964)       (1958) (1974)
22471  1 21   VI 16   VI 26   VI 29  VII  5  VII 17 VIII    39     15     61   20
22471  2          (1989)  (2012)          (1999)  (1974)       (1984) (1974)
22520  1 20   VI  5   VI 26   VI 19  VII  3  VII 22 VIII    30      9     66   14
22520  2          (1959)  (1988)          (1937)  (2013)       (1988) (1959)
22550  1 15   VI 28    V 28   VI 31  VII  1  VII  1   IX    47     15     86   37
22550  2          (1948)  (1938)          (1948)  (1951)       (1884) (2013)
22619  1 18   VI 29    V 28   VI  5 VIII  6  VII 30 VIII    49     16     85   31
22619  2          (2013)  (1983)          (1968)  (2011)       (1986) (2013)
22641  1 13   VI 28    V 26   VI  4 VIII  5  VII  2   IX    53     23     87   44
22641  2          (2013)  (1979)          (1956)  (1967)       (1987) (2013)
22676  1 15   VI 29    V 27   VI  3 VIII  4  VII 26 VIII    50     16     86   39
22676  2          (2013)  (1979)          (1987)  (1967)       (1987) (2013)
22768  1 11   VI 17    V 25   VI  6 VIII  3  VII  9   IX    57     19     87   48
22768  2          (1906)  (1909)          (1948)  (1963)       (1978) (2013)
22802  1 13   VI 25    V 26   VI 14 VIII  9  VII  7   IX    63     26     89   34
22802  2          (2013)  (1976)          (1956)  (1951)       (1968) (2013)
22820  1 12   VI 26    V 28   VI  8 VIII  5  VII 10   IX    58     15     93   41
22820  2          (1995)  (2007)          (1948)  (2002)       (1978) (2002)
22837  1 10   VI  3    V 26   VI 11 VIII  4  VII  5   IX    63     17     93   54
22837  2          (1906)  (1909)          (1948)  (1917)       (1904) (1917)
23205  1 23   VI 11   VI 26   VI 21  VII  1  VII 15 VIII    29      6     57   11
23205  2          (1993)  (1968)          (1968)  (1940)       (1991) (1993)
23274  1 19   VI 10   VI 27   VI 23  VII  6  VII  5 VIII    35     16     50   19
23274  2          (2001)  (1939)          (2002)  (1984)       (1969) (1984)
23324  1 20   VI  7   VI 25   VI 20  VII  3  VII 15 VIII    31     12     61   17
23324  2          (1993)  (1937)          (1991)  (1981)       (1991) (1981)
23330  1 21   VI 14   VI 27   VI 16  VII  2  VII  4 VIII    26      9     44   15
23330  2          (2012)  (1937)          (2014)  (2007)       (1897) (2012)
23405  1 19   VI  2   VI 28   VI 28  VII  2  VII 25 VIII    40      7     68   30
23405  2          (1993)  (1913)          (1926)  (1967)       (1971) (1922)
23445  1 18   VI  6   VI 28   VI 26  VII  3  VII 24 VIII    39     23     69   23
23445  2          (2012)  (1991)          (1991)  (1981)       (2014) (1981)
23463  1 18   VI 30    V 28   VI 24  VII  3  VII 20 VIII    37     12     63   23
23463  2          (2012)  (1979)          (1971)  (1998)       (1971) (2012)
23472  1 17   VI  6   VI 28   VI 30  VII  6  VII 20 VIII    44     30     63   25
23472  2          (1985)  (1975)          (1985)  (1998)       (1985) (2001)
23552  1 17   VI 30    V 27   VI 26  VII  6  VII 13 VIII    40     18     63   22
23552  2          (2012)  (1937)          (1985)  (1984)       (1985) (1984)
23631  1 18   VI 23    V 28   VI 29  VII  2  VII 29 VIII    42      7     75   47
23631  2          (1991)  (1962)          (1958)  (1981)       (1997) (1981)
23662  1 17   VI 30    V 27   VI 30  VII  6  VII 18 VIII    44     16     64   37
23662  2          (2012)  (1969)          (1985)  (1979)       (1954) (1979)
23678  1 16   VI 27    V 27   VI  2 VIII  2  VII 24 VIII    48     14     71   40
23678  2          (2011)  (1974)          (1925)  (1950)       (1925) (1950)
23711  1 13   VI 21    V 27   VI 30  VII  2  VII  2   IX    48      8     84   41
23711  2          (1991)  (1957)          (1926)  (1981)       (1997) (1981)
23724  1 15   VI 22    V 27   VI  1 VIII  2  VII 10   IX    48      9     85   49
23724  2          (1991)  (1957)          (1958)  (1957)       (1948) (1981)
23734  1 15   VI 22    V 26   VI  5 VIII  7  VII 10   IX    52     16     84   51
23734  2          (1991)  (1940)          (1973)  (1957)       (2014) (1957)
23867  1 12   VI 23    V 27   VI  9 VIII 10  VII  5   IX    59     30     92   49
23867  2          (2001)  (1988)          (1985)  (2003)       (1985) (2003)
23884  1 12   VI 28    V 26   VI 10 VIII 12  VII  1   IX    60     32     81   48
23884  2          (2001)  (1974)          (1954)  (1950)       (1970) (1950)
23891  1 14   VI 27    V 25   VI 27  VII  3  VII 25 VIII    44     14     89   37
23891  2          (2011)  (1949)          (1939)  (2001)       (1965) (2001)
23914  1 12   VI  4    V 28   VI  7 VIII  3  VII 10   IX    57     16     89   50
23914  2          (1897)  (1957)          (1956)  (1957)       (1914) (1897)
23921  1 13   VI 21    V 26   VI  7 VIII  4  VII 11   IX    56     18     95   54
23921  2          (1991)  (1975)          (1942)  (1957)       (1956) (1957)
23933  1 11   VI 13    V 26   VI  9 VIII  4  VII 12   IX    60      8     88   52
23933  2          (2005)  (1988)          (1997)  (1957)       (1997) (1981)
23955  1 10   VI 23    V 27   VI  8 VIII 10  VII  5   IX    60     17     93   57
23955  2          (2001)  (1997)          (1984)  (2003)       (1997) (1993)
23966  1 11   VI 24    V 26   VI  5 VIII  2  VII  1   IX    56     27     87   47
23966  2          (2001)  (1974)          (2011)  (2003)       (1974) (2003)
23986  1 15   VI 24    V 28   VI 26  VII  3  VII 14 VIII    42      6     64   27
23986  2          (2001)  (1946)          (1989)  (1950)       (1989) (2012)
24125  1 23   VI 17   VI 27   VI 18  VII  2  VII 12 VIII    26      6     46   14
24125  2          (1956)  (1983)          (1954)  (1983)       (1954) (1983)
24136  1 19   VI  7   VI 28   VI 20  VII  5  VII  6 VIII    32     12     59   23
24136  2          (2001)  (1943)          (1957)  (1952)       (1957) (2001)
24143  1 21   VI 10   VI 28   VI 19  VII  3  VII  6 VIII    29      9     54   23
24143  2          (2012)  (1951)          (1993)  (2001)       (1993) (2012)
24266  1 16   VI  1   VI 28   VI 23  VII  2  VII 25 VIII    38     13     65   38
24266  2          (1903)  (1985)          (1949)  (2008)       (1949) (2008)
24329  1 19   VI  5   VI 28   VI 21  VII  8  VII  8 VIII    33     17     64   19
24329  2          (1941)  (1983)          (1998)  (1941)       (1998) (1941)
24343  1 20   VI 10   VI 27   VI 22  VII  2  VII  5 VIII    33     17     54   30
24343  2          (2012)  (1945)          (2013)  (1952)       (1981) (2012)
24382  1 15   VI  5   VI 25   VI 22  VII  5  VII 28 VIII    38     21     75   38
24382  2          (1999)  (1980)          (1948)  (2008)       (1964) (2008)
24507  1 14   VI 28    V 26   VI  1 VIII  6  VII 23 VIII    49     15     72   39
24507  2          (2011)  (2007)          (1961)  (2001)       (1961) (2001)
24606  1 16   VI  5   VI 25   VI 30  VII  1  VII 19 VIII    45     14     70   31
24606  2          (1954)  (2012)          (2008)  (1992)       (2008) (1954)
24641  1 12   VI 27    V 27   VI  9 VIII 14  VII  2   IX    59     25     93   58
24641  2          (1948)  (1971)          (1972)  (1998)       (1972) (1948)
24661  1 13   VI 29    V 27   VI  3 VIII  3  VII 26 VIII    52     11     75   51
24661  2          (2006)  (1965)          (1978)  (2008)       (1978) (1961)
24671  1 18   VI  6   VI 28   VI 24  VII  6  VII 16 VIII    37     18     65   41
24671  2          (1998)  (2003)          (1992)  (1991)       (1989) (2013)
24688  1 18   VI  4   VI 28   VI 18  VII  4  VII  9 VIII    31      8     60   24
24688  2          (2009)  (2003)          (1966)  (2003)       (1943) (2009)
24713  1 15   VI  3   VI 25   VI  3 VIII  3  VII 26 VIII    50     16     77   27
24713  2          (1959)  (2012)          (2003)  (1998)       (1961) (1998)
24738  1 13   VI 31    V 28   VI  9 VIII  3  VII  2   IX    58     16     84   58
24738  2          (1975)  (1978)          (1978)  (1998)       (1963) (1998)
24790  1 17   VI  4   VI 26   VI 16  VII  3  VII  5 VIII    30     10     62   14
24790  2          (2009)  (2013)          (1982)  (2009)       (1982) (2009)
24817  1 14   VI 29    V 26   VI  5 VIII  7  VII 23 VIII    53     15     86   51
24817  2          (2001)  (2012)          (1961)  (1983)       (1961) (2001)
24908  1 13   VI 29    V 26   VI  4 VIII 11  VII 27 VIII    53     25     90   49
24908  2          (2001)  (1956)          (1940)  (1995)       (1961) (2001)
24959  1  9   VI 22    V 22   VI 16 VIII 16  VII  3   IX    69     36     94   64
24959  2          (1893)  (1957)          (1928)  (1998)       (1928) (1998)
24966  1 11   VI 28    V 25   VI 12 VIII  2  VII 11   IX    63     13     99   57
24966  2          (2008)  (1937)          (1984)  (1910)       (1984) (1910)
24967  1 12   VI 28    V 23   VI  9 VIII 13  VII  1   IX    59     25     90   44
24967  2          (2008)  (1961)          (1947)  (1959)       (1947) (2008)
25138  1 16   VI  4   VI 27   VI 15  VII  4  VII  4 VIII    30      7     57   25
25138  2          (1991)  (1940)          (1967)  (2007)       (1940) (2007)
25206  1 19   VI  4   VI 27   VI 15  VII  2  VII 16 VIII    27      9     67   32
25206  2          (1953)  (2008)          (1949)  (1997)       (1986) (1997)
25325  1 16   VI  3   VI 24   VI 15  VII  2  VII  8 VIII    30      8     53   19
25325  2          (1964)  (1949)          (1949)  (1991)       (1949) (1991)
25400  1 15   VI  2   VI 28   VI 28  VII  3  VII 22 VIII    44     12     74   44
25400  2          (1964)  (1963)          (1964)  (1969)       (1986) (1997)
25428  1 18   VI  3   VI 27   VI 16  VII  5  VII  1 VIII    29     13     43   24
25428  2          (1964)  (1960)          (1949)  (1952)       (1965) (1952)
25503  1 16   VI  5   VI 25   VI 23  VII  4  VII 26 VIII    38     12     68   34
25503  2          (1953)  (1938)          (1986)  (1983)       (1986) (1983)
25551  1 21   VI 16   VI 28   VI 16  VII  2  VII 12 VIII    26      6     57   17
25551  2          (1989)  (1971)          (1997)  (1991)       (1997) (1991)
25705  1 15   VI 29    V 26   VI 27  VII  9  VII 17 VIII    43     19     73   50
25705  2          (2009)  (2013)          (1964)  (1997)       (1965) (1997)
26063  1  6   VI 13    V 25   VI 25 VIII 16  VII 18   IX    81     45    110   63
26063  2          (2010)  (1976)          (1956)  (1955)       (1956) (2013)
26157  1  2   VI 13    V 24   VI 24 VIII  6 VIII  9   IX    84     57    106   43
26157  2          (2010)  (2004)          (1979)  (2006)       (2012) (2010)
26275  1  1   VI  8    V 24   VI 23 VIII  3  VII 17   IX    84      9    112   67
26275  2          (2013)  (1976)          (1976)  (1955)       (1976) (1995)
26359  1  3   VI  8    V 25   VI 25 VIII  3 VIII 11   IX    84     49    108   80
26359  2          (2013)  (2003)          (1987)  (1974)       (2000) (1988)
26781  1  1   VI  4    V 26   VI 20 VIII  2  VII 10   IX    81     15    119   72
26781  2          (1975)  (1963)          (1950)  (1944)       (1950) (1996)
26997  1 23    V  1    V 23   VI  1   IX 29  VII 17   IX   102     60    133   71
26997  2          (2010)  (1990)          (1962)  (2009)       (1990) (1963)
27037  1  7   VI  9    V 25   VI 12 VIII  4  VII  6   IX    67     25    100   58
27037  2          (2010)  (1979)          (1948)  (1951)       (1978) (2010)
27051  1  7   VI  2    V 23   VI  9 VIII  3  VII  6   IX    64     27    100   55
27051  2          (1906)  (1893)          (1948)  (1917)       (1944) (2010)
27333  1  1   VI  9    V 26   VI 21 VIII 11  VII 13   IX    82     39    117   68
27333  2          (1929)  (1930)          (1986)  (1995)       (1986) (1995)
27459  1 28    V  1    V 21   VI 25 VIII  5  VII 20   IX    90     36    136   79
27459  2          (1906)  (1915)          (1926)  (1883)       (1962) (1883)
27595  1 25    V 23   IV 13   VI 29 VIII 22  VII 20   IX    97     43    128   79
27595  2          (1906)  (1928)          (1950)  (1938)       (1950) (1906)
27612  1 27    V  2    V 27   VI 28 VIII  9 VIII 20   IX    94     50    130   76
27612  2          (1967)  (1982)          (1975)  (1955)       (1976) (1996)
27648  1 26    V  1    V 26   VI 27 VIII  1 VIII 21   IX    94     53    131   77
27648  2          (1906)  (2003)          (1894)  (1955)       (1915) (1996)
27675  1 26    V  2    V 19   VI 28 VIII  1 VIII 18   IX    95     59    128   81
27675  2          (2010)  (1904)          (1894)  (1938)       (1980) (1957)
27707  1 24    V  1    V 23   VI 26 VIII 18  VII 17   IX    95     61    122   57
27707  2          (2010)  (2000)          (2012)  (2009)       (1987) (1996)
27823  1 24    V  2    V 14   VI 30 VIII 27  VII 27   IX    99     60    130   75
27823  2          (2010)  (1982)          (1985)  (1937)       (1985) (1957)
27857  1 22    V 30   IV 18   VI  2   IX  7 VIII 24   IX   104     55    142   84
27857  2          (1925)  (1904)          (1915)  (1994)       (1915) (1975)
27995  1 15    V 17   IV 14   VI  8   IX 23 VIII 30   IX   117     85    155   82
27995  2          (1995)  (1982)          (1992)  (1994)       (1992) (2012)
28009  1  9   VI 19    V 27   VI 12 VIII  3  VII 13   IX    65     21     96   55
28009  2          (1991)  (1970)          (2009)  (1995)       (2009) (1995)
28064  1  7   VI 10    V 26   VI 14 VIII  8  VII 17   IX    69     22    106   70
28064  2          (2005)  (1962)          (1973)  (1957)       (1980) (1957)
28138  1 12   VI 20    V 26   VI  2 VIII  3  VII  9   IX    52     16     94   42
28138  2          (1991)  (1937)          (1956)  (1957)       (1914) (1957)
28224  1  5   VI  4    V 22   VI 15 VIII  2  VII 18   IX    72     11    104   76
28224  2          (1897)  (1967)          (1986)  (1938)       (1986) (1934)
28255  1  3   VI 10    V 25   VI 16 VIII  8  VII 22   IX    75     20    111   72
28255  2          (2004)  (2001)          (1973)  (1957)       (1980) (1957)
28275  1  6   VI 11    V 26   VI 17 VIII 23  VII 12   IX    73     41    110   73
28275  2          (2004)  (1917)          (2006)  (1957)       (1917) (1899)
28418  1 30    V  3    V 18   VI 24 VIII 10  VII 19   IX    87     39    135   80
28418  2          (2010)  (1964)          (1955)  (1938)       (1950) (1957)
28434  1  3   VI 12    V 21   VI 17 VIII  8  VII 20   IX    76     35    121   81
28434  2          (2005)  (1980)          (1973)  (1938)       (1973) (1957)
28493  1  5   VI  9    V 22   VI 17 VIII 20  VII 14   IX    74     35    123   68
28493  2          (2003)  (1999)          (1970)  (1966)       (1970) (2003)
28552  1 29    V  1    V 25   VI 26 VIII 28  VII 23   IX    90     56    145   78
28552  2          (1957)  (1969)          (1955)  (1957)       (1992) (1957)
28573  1 31    V  4    V 17   VI 20 VIII 25  VII 17   IX    82     40    123   76
28573  2          (1962)  (1972)          (2001)  (1957)       (1941) (2003)
28666  1 29    V  3    V 25   VI 26 VIII 26  VII 23   IX    90     49    128   81
28666  2          (1962)  (1947)          (2001)  (1957)       (1978) (1991)
28698  1 28    V  4    V 23   VI 24 VIII 27  VII 22   IX    89     52    124   76
28698  2          (1962)  (1968)          (1980)  (1966)       (1970) (2003)
28704  1 27    V  2    V 16   VI 30 VIII 10 VIII 23   IX    96     67    130   84
28704  2          (1957)  (1979)          (1939)  (1971)       (1978) (1957)
28722  1 26    V 22   IV 16   VI 30 VIII 10 VIII 23   IX    97     67    144   78
28722  2          (1906)  (1979)          (1926)  (1920)       (1928) (1957)
28748  1 26    V  2    V 17   VI 31 VIII 12  VII 24   IX    98     61    143   80
28748  2          (1962)  (1979)          (1955)  (1971)       (1955) (1957)
29111  1  8   VI 14    V 27   VI 12 VIII  9  VII  1   IX    66     23     93   57
29111  2          (2004)  (1917)          (1934)  (1945)       (1997) (1993)
29231  1  9   VI 14    V 24   VI 13 VIII 10  VII  5   IX    66     21     99   67
29231  2          (2004)  (1975)          (1945)  (1952)       (1945) (1952)
29263  1  8   VI 23    V 25   VI 16 VIII 13  VII  7   IX    70     32     98   68
29263  2          (1953)  (1905)          (1940)  (1906)       (1940) (1904)
29282  1  7   VI 21    V 22   VI 17 VIII  3  VII  3   IX    72     16    100   67
29282  2          (2011)  (1992)          (1951)  (1990)       (1951) (2001)
29313  1 10   VI 12    V 28   VI 10 VIII  9  VII  7   IX    62     28    104   69
29313  2          (2004)  (1947)          (1934)  (1952)       (1945) (1952)
29328  1  8   VI 14    V 23   VI 14 VIII 20  VII  6   IX    68     35    112   61
29328  2          (2004)  (1946)          (1970)  (1952)       (1946) (1952)
29379  1  5   VI 15    V 23   VI 18 VIII 30  VII  3   IX    75     39     97   56
29379  2          (2004)  (2007)          (1989)  (2003)       (1989) (2001)
29570  1  6   VI 14    V 25   VI 18 VIII 29  VII  3   IX    74     39    102   78
29570  2          (1992)  (1932)          (1989)  (1966)       (1989) (1992)
29594  1  7   VI 21    V 23   VI 17 VIII  2 VIII  6   IX    72     49     99   72
29594  2          (2002)  (1956)          (1978)  (2007)       (1989) (2010)
29612  1  1   VI  4    V 20   VI 21 VIII 23  VII 11   IX    82     43    122   70
29612  2          (1962)  (1910)          (2000)  (1984)       (1980) (2003)
29645  1  3   VI 15    V 19   VI 21 VIII  5 VIII  6   IX    80     52    103   77
29645  2          (1992)  (1985)          (1967)  (1964)       (1970) (1998)
29866  1 30    V 14    V 18   VI 26 VIII 11 VIII 11   IX    89     58    113   71
29866  2          (1999)  (1958)          (1953)  (1959)       (1985) (2005)
29939  1 28    V  4    V 21   VI 27 VIII  6 VIII 13   IX    92     63    129   84
29939  2          (2001)  (1995)          (1967)  (1962)       (1970) (1962)
30054  1 14   VI  2   VI 24   VI 12 VIII 13  VII 28 VIII    60     31     78   56
30054  2          (1959)  (1944)          (1960)  (1929)       (1977) (1959)
30089  1 13   VI  2   VI 25   VI  9 VIII  8  VII  1   IX    58     24     82   54
30089  2          (2000)  (1948)          (1984)  (1998)       (1984) (1998)
30230  1 12   VI 27    V 28   VI 14 VIII 19  VII  6   IX    64     31     96   63
30230  2          (1897)  (1978)          (1917)  (1906)       (1965) (2001)
30252  1 14   VI  1   VI 25   VI 14 VIII 14  VII  4   IX    62     24     86   61
30252  2          (1959)  (1964)          (1979)  (1986)       (1972) (1959)
30309  1 11   VI 24    V 25   VI 16 VIII  3  VII  8   IX    67     15     92   61
30309  2          (1953)  (1902)          (1951)  (1906)       (1951) (1906)
30372  1 17   VI  9   VI 27   VI 30  VII  4  VII 23 VIII    44     18     75   38
30372  2          (2001)  (1963)          (1999)  (2001)       (1999) (2001)
30385  1 13   VI 30    V 28   VI 11 VIII  4  VII 31 VIII    60     14     87   60
30385  2          (1959)  (1961)          (2003)  (1998)       (1961) (1959)
30393  1 18   VI 10   VI 26   VI 28  VII  4  VII 17 VIII    41     13     65   39
30393  2          (1977)  (1948)          (1953)  (1980)       (1964) (1998)
30433  1 21   VI  9   VI 28   VI 10 VIII  1  VII  2   IX    51      8     82   31
30433  2          (2000)  (1942)          (1940)  (1984)       (1944) (1984)
30521  1 12   VI 31    V 28   VI 11 VIII  8  VII  2   IX    61     21     94   63
30521  2          (2001)  (2009)          (1965)  (2001)       (1965) (2001)
30554  1 19   VI  5   VI 28   VI 27  VII  2  VII 23 VIII    39     13     69   37
30554  2          (1971)  (1943)          (1965)  (1955)       (1965) (2002)
30612  1  9   VI 23    V 23   VI 18 VIII 31  VII  7   IX    71     45     93   66
30612  2          (1953)  (1995)          (1989)  (2007)       (1989) (2001)
30636  1 10   VI 24    V 25   VI 19 VIII  6  VII 11   IX    71     31    100   64
30636  2          (2002)  (1995)          (1991)  (2007)       (1991) (2010)
30650  1 15   VI  2   VI 27   VI  5 VIII  8  VII 31 VIII    52     22     81   44
30650  2          (2002)  (1974)          (1947)  (1974)       (1947) (2001)
30673  1 15   VI  2   VI 27   VI  7 VIII  2  VII 30 VIII    54     13     82   43
30673  2          (1973)  (1943)          (1965)  (2011)       (1965) (2011)
30710  1 10   VI 16    V 26   VI 16 VIII  6  VII  7   IX    68     30    107   71
30710  2          (1992)  (1996)          (1991)  (1954)       (1991) (1992)
30758  1  8   VI 21    V 27   VI 18 VIII 11  VII 17   IX    72     25    113   68
30758  2          (1992)  (1932)          (1957)  (2007)       (1936) (2007)
30777  1  7   VI 24    V 28   VI 23 VIII  8 VIII 10   IX    78     53    106   80
30777  2          (1946)  (1961)          (1987)  (2007)       (1961) (2007)
30844  1 13   VI 25    V 27   VI  9 VIII  8  VII 24 VIII    58     22     84   52
30844  2          (1979)  (1972)          (1984)  (1939)       (1984) (2001)
30879  1  8   VI 20    V 24   VI 21 VIII 30  VII 15   IX    75     49    108   69
30879  2          (1944)  (1976)          (1971)  (2010)       (1886) (2010)
30925  1  5   VI 16    V 24   VI 23 VIII  7 VIII 16   IX    80     51    111   62
30925  2          (1992)  (1988)          (1967)  (2007)       (1983) (2010)
30935  1 12   VI 24    V 25   VI 14 VIII 22  VII  3   IX    64     35     95   49
30935  2          (1979)  (1988)          (1947)  (2001)       (1947) (2001)
30949  1 11   VI 25    V 28   VI 15 VIII 14  VII  5   IX    66     18     99   60
30949  2          (1979)  (1993)          (1957)  (2010)       (1957) (2010)
30965  1  6   VI 23    V 24   VI 27 VIII 13  VII 18   IX    83     37    112   71
30965  2          (1946)  (1976)          (1978)  (2007)       (1978) (2007)
31004  1 15   VI  3   VI 26   VI 30  VII  3  VII 20 VIII    46     13     70   50
31004  2          (1959)  (1948)          (2013)  (1948)       (1964) (1949)
31137  1 19   VI 12   VI 25   VI 26  VII  9  VII 11 VIII    38     19     60   19
31137  2          (1975)  (1986)          (1982)  (1998)       (1982) (1998)
31253  1 10   VI 20    V 26   VI 18 VIII  3  VII 10   IX    70     19     99   59
31253  2          (1975)  (1932)          (1953)  (1998)       (1945) (1990)
31329  1 13   VI 29    V 28   VI 12 VIII  3  VII  6   IX    61     24     95   47
31329  2          (2007)  (1959)          (1987)  (2014)       (1987) (2008)
31369  1 20   VI  6   VI 26   VI 22 VIII  3  VII 11   IX    64     23     92   30
31369  2          (1949)  (1888)          (2010)  (1998)       (2010) (1998)
31416  1 11   VI 21    V 24   VI 25 VIII  6  VII  8   IX    76     22    101   57
31416  2          (1984)  (1961)          (1981)  (2008)       (1981) (2008)
31439  1 14   VI 27    V 26   VI 26 VIII 16  VII  9   IX    74     41     97   51
31439  2          (1975)  (1941)          (1971)  (2014)       (1971) (1975)
31707  1 27    V 10    V 21   VI 10   IX 26 VIII 20   IX   107     85    126   78
31707  2          (1977)  (1983)          (1957)  (1943)       (1964) (2010)
31960  1 18   VI  4   VI 27   VI 19   IX 14  VII  1    X    94     26    118   49
31960  2          (2004)  (1960)          (1979)  (1925)       (1979) (2004)
31961  1  6   VI 19    V 23   VI 17   IX  3   IX 29   IX   104     83    122   73
31961  2          (2009)  (1974)          (1967)  (2004)       (1967) (1933)
31989  1 22   VI 15   VI 27   VI 15   IX 19  VII  2    X    86     25    102   18
31989  2          (2010)  (2001)          (2009)  (2005)       (2009) (2005)
32061  1 22   VI 14   VI 28   VI  2   IX  3 VIII 16   IX    73     50     82   10
32061  2          (1975)  (1933)          (1975)  (1928)       (1975) (1899)
32389  1 19   VI  4   VI 28   VI 31  VII  1  VII 30 VIII    43     10     79   19
32389  2          (2008)  (1967)          (1972)  (2012)       (1960) (2006)
34110  1 20    V 25   IV 17   VI  5   IX 20 VIII 28   IX   109     74    137   74
34110  2          (2012)  (1904)          (1962)  (1994)       (1904) (1934)
34123  1 16    V 25   IV 16   VI  6   IX  9 VIII 28   IX   114     68    139   76
34123  2          (2012)  (1990)          (1926)  (1937)       (1990) (1954)
34152  1 18    V 15   IV 11   VI  8   IX 10  VII 29   IX   114     61    146   82
34152  2          (2012)  (1990)          (1993)  (1994)       (1993) (2012)
34163  1 19    V 16   IV 18   VI  6   IX 10  VII 24   IX   111     61    145   83
34163  2          (2012)  (1904)          (1993)  (2010)       (1993) (2010)
34186  1 13    V 16   IV  8   VI 12   IX 27 VIII  2    X   123     93    162   65
34186  2          (2012)  (1978)          (1973)  (2004)       (1978) (2012)
34579  1  5    V  7   IV 30    V 22   IX  1   IX 19    X   141    111    178   75
34579  2          (2012)  (1941)          (1987)  (1974)       (1941) (2012)
34720  1  6    V 20   IV 27    V 28   IX  2   IX 21    X   146    112    171   69
34720  2          (1950)  (1919)          (1958)  (1918)       (1958) (1963)
34740  1  8    V  6   IV  6   VI 26   IX  2   IX 22    X   142    108    187   79
34740  2          (2012)  (1978)          (1958)  (2009)       (1978) (2012)
34866  1  2    V  9   IV 21    V 27   IX 12   IX 20    X   149    114    184   58
34866  2          (2012)  (1960)          (1945)  (1974)       (1960) (2012)
34880  1 30   IV 11   IV 18    V 27   IX 14   IX 25    X   151    122    182   67
34880  2          (2012)  (1884)          (1901)  (1889)       (1884) (2012)
34927  1  3    V  5   IV 19    V  1    X 11   IX 26    X   152    115    199   71
34927  2          (2012)  (1960)          (1960)  (1974)       (1960) (2012)
34949  1 12    V  2   IV  9   VI 24   IX  2   IX 20    X   136     94    183   73
34949  2          (1975)  (1992)          (1997)  (1974)       (1992) (1975)
35011  1 17    V 17   IV 15   VI  9   IX 22 VIII  1    X   116     80    155   82
35011  2          (1995)  (1979)          (2002)  (1994)       (2002) (2012)
36038  1 30    V  3    V 25   VI 28 VIII  6 VIII 18   IX    91     59    133   66
36038  2          (1962)  (1946)          (1980)  (1942)       (1946) (1962)
36064  1 12   VI 24    V 28   VI 17 VIII 10  VII 11   IX    67     25     99   55
36064  2          (2001)  (1945)          (1934)  (2003)       (1951) (2001)
36096  1 29    V 15    V 14   VI 27 VIII  9 VIII 15   IX    91     63    114   81
36096  2          (1965)  (1984)          (2003)  (2007)       (1948) (1999)
36229  1  8   VI 20    V 22   VI  5 VIII  2  VII  7   IX    59     13    105   54
36229  2          (1974)  (2013)          (1944)  (1998)       (2013) (1998)
36259  1 20   VI 11   VI 28   VI 17  VII  2  VII 23 VIII    28      8     61   26
36259  2          (2011)  (1943)          (1991)  (2002)       (1960) (2002)
36307  1  3   VI 16    V 17   VI 21 VIII 26  VII  8   IX    80     54    105   70
36307  2          (2004)  (1970)          (2003)  (1998)       (1980) (1999)
37001  1 12    V 27   IV 29    V  8    X 21   IX  1   XI   150    123    188   61
37001  2          (2012)  (1989)          (1961)  (2012)       (1980) (2012)
37061  1  5    V  9   IV 21    V 29   IX 12   IX 21    X   148    116    194   68
37061  2          (2012)  (2000)          (1934)  (1952)       (1960) (2012)
37107  1 23    V 28   IV 20   VI 22   IX 30 VIII 15    X   123     82    159   78
37107  2          (1979)  (1937)          (1961)  (1994)       (1936) (2007)
37228  1 15    V  6   IV 10   VI 20   IX 23 VIII 14    X   129     88    187   34
37228  2          (2012)  (1911)          (1983)  (1994)       (1911) (2012)
37470  1  8    V 13   IV 25    V 13    X 25   IX  8   XI   159    138    209   61
37470  2          (2012)  (1945)          (1941)  (2012)       (1973) (2012)
37472  1  7    V 17   IV 23    V 11    X 18   IX  4   XI   158    128    199   74
37472  2          (2012)  (1919)          (1894)  (1974)       (1993) (2012)
37663  1 22    V 29   IV 18   VI 18   IX 23 VIII 11    X   120     78    153   70
37663  2          (2013)  (1979)          (1983)  (1927)       (1973) (2012)
31152  1  9   VI 26    V 26   VI  9 VIII 13  VII  3   IX    62     29     97   47
31152  2          (1975)  (1987)          (1975)  (2008)       (1947) (2008)
