20069     .      .      .      .      .      .      .     0.0    0.0    0.1    0.5    2.5    7.1   12.1   21.1   19.8   20.9   10.5    7.1    7.8    3.7    0.9     .      . 
20087     .      .      .      .      .      .      .      .     0.0    0.2    1.5    5.4   10.5   18.5   28.0   27.4   26.3   17.8    6.5    6.3    1.9     .      .      . 
20292     .      .      .      .      .      .      .      .     0.1    0.4    2.3    8.7   19.4   34.8   54.7   53.9   58.8   60.9   32.2   20.7    4.1    1.9     .      . 
20476     .      .      .      .      .      .      .      .     0.8    3.1    9.0   27.0   53.2   87.6  126.7  148.9  179.9  195.0  151.8  133.1   53.6   37.2     .      . 
20667     .      .      .      .      .      .      .     0.0    0.2    1.1    4.6   20.8   52.4   97.1  158.4  216.4  269.5  317.7  336.0  288.2  171.9   60.4   24.8     . 
20674     .      .      .      .     0.0    0.0    0.0    0.0    0.9    4.3   13.4   36.7   73.8  121.2  187.4  242.1  290.3  328.7  323.0  260.6  173.0   56.5   16.5     . 
20744     .      .      .      .     0.3    0.4    0.4    1.1    3.0   12.6   38.0   84.9  148.4  221.5  303.6  375.7  441.7  505.5  552.6  553.4  482.4  190.8  137.3   61.3
20891     .      .      .     0.0    0.3    0.2    0.3    1.7    9.4   36.4   93.5  186.6  304.9  437.0  579.2  692.0  785.7  864.8  777.5  562.7  223.6   58.2   23.2     . 
20982     .      .     0.0    0.2    0.6    0.2    0.6    3.6   14.5   48.4  114.2  212.4  333.8  467.9  615.4  731.2  829.8  916.2  946.4  666.9  315.3  108.8   55.2     . 
21432     .      .      .      .      .      .      .     0.0    0.1    1.5    6.7   21.6   46.9   74.5  101.3  125.6  131.8  132.5  102.3   68.8   16.5     .      .      . 
21802     .      .      .     0.0    0.0    0.1    0.2    1.3    8.3   32.7   94.6  187.7  298.8  420.4  549.1  654.7  736.9  800.3  741.8  517.5  192.6   25.7   11.6     . 
21908     .      .      .      .     0.4    0.6    2.5   11.1   39.2  102.6  200.1  320.4  457.5  602.9  751.7  870.9  965.0 1037.1  938.9  735.8  276.6   67.0   17.4     . 
21921     .      .      .     0.0    0.0    0.0    0.9    5.3   26.8   76.7  166.5  275.1  402.2  532.2  666.1  780.3  879.1  964.4  903.7  689.8  248.1   46.3     .      . 
21931     .      .      .      .      .      .     0.1    4.2   19.2   60.6  136.8  233.1  346.2  459.2  576.9  681.1  767.9  843.9  827.6  595.3  223.4   11.7     .      . 
21946     .      .      .      .      .      .     0.0    1.5   15.1   51.8  116.8  206.7  312.9  412.7  518.6  599.9  677.8  722.9  630.3  419.0   60.0     .      .      . 
21982     .      .      .      .      .      .     0.0    0.1    1.3    4.4   17.7   35.9   60.7   89.1  120.4  145.2  147.6  153.6  126.6   70.7   52.9   39.4    6.9     . 
22113    1.4    1.7    1.6    6.2   13.2   28.8   59.7  100.4  165.1  238.9  333.5  446.4  565.4  696.5  840.6  965.5 1079.3 1189.2 1275.4 1331.2 1362.9 1039.0  749.3  551.9
22165    0.0    0.0    0.0    0.2    0.5    1.7    2.8   10.2   22.7   52.0  100.3  168.4  246.9  335.4  437.7  530.0  616.2  704.0  769.1  829.9  862.4  771.0  652.9  475.3
22217    0.7    0.8    1.9    5.9   10.7   27.3   60.0  106.8  180.5  266.8  378.4  510.3  651.6  801.5  966.0 1105.5 1231.2 1353.8 1444.4 1516.9 1465.9 1196.0  828.2  626.5
22235    0.2    0.3    0.4    2.2    5.2   13.0   31.9   66.5  124.1  200.7  301.7  421.3  545.7  684.0  835.8  960.8 1071.4 1175.8 1254.4 1285.3 1265.3  854.9  542.6  368.3
22471    0.3    0.8    2.7    5.6   12.3   25.3   55.3  105.6  178.8  261.4  372.4  506.3  645.5  795.6  958.4 1098.0 1215.0 1330.5 1423.0 1432.4 1479.6 1106.0  699.8  522.0
22520    0.9    1.7    4.0    9.1   17.9   37.4   72.7  128.1  202.3  294.1  403.1  529.1  664.1  809.4  970.9 1113.3 1246.4 1379.4 1483.2 1568.9 1620.9 1537.7 1176.2  908.4
22550    0.3    0.8    3.6    9.9   21.2   47.3   94.5  163.9  256.0  363.6  494.7  644.8  799.9  964.3 1143.9 1296.0 1433.3 1566.8 1667.7 1739.1 1773.1 1472.5  967.7  828.7
22619    1.5    3.0    7.7   16.3   28.5   53.7  105.9  179.0  282.6  396.5  524.4  667.9  823.5  987.8 1170.5 1329.3 1469.0 1606.5 1716.6 1806.0 1875.9 1655.3 1348.7 1111.5
22641    0.7    1.9    5.7   14.3   29.6   64.3  121.4  198.0  296.3  409.1  545.1  698.3  856.7 1026.3 1210.6 1367.9 1509.5 1649.6 1757.7 1844.4 1911.8 1738.7 1202.6 1008.6
22676    0.4    1.5    5.6   13.6   29.9   56.8  116.8  184.6  293.1  403.2  535.6  692.9  858.2 1029.7 1208.7 1360.7 1489.4 1616.1 1712.6 1751.2 1713.8 1414.7  915.2  722.4
22768    0.3    1.4    5.8   19.0   47.3   95.7  165.6  252.0  374.0  498.3  648.6  816.0  988.9 1167.2 1361.0 1525.0 1672.8 1815.6 1921.1 1990.5 1991.1 1669.6 1372.3  885.2
22802    2.7    5.9   12.4   22.6   45.8   92.6  161.5  248.2  362.2  489.1  628.0  781.8  945.3 1115.1 1304.8 1469.8 1620.2 1769.1 1887.5 1985.3 2061.9 1976.3 1762.7 1375.5
22820    1.5    3.8    9.4   19.4   40.2   88.5  149.3  233.0  346.6  468.9  606.8  758.2  918.0 1085.6 1270.3 1430.7 1576.9 1721.6 1835.0 1927.9 2000.4 1818.7 1507.4 1137.0
22837    2.1    3.4   10.7   23.8   50.9  103.1  174.2  269.8  391.0  516.6  661.8  820.9  987.8 1163.1 1355.4 1519.8 1670.7 1818.9 1933.1 2027.0 2057.2 1915.8 1611.3 1457.8
23022     .      .     0.0    0.1    0.4    0.3    0.2    1.5    5.4   17.0   39.4   81.3  138.3  211.9  296.9  369.1  440.2  507.7  547.5  526.7  433.2  202.5  140.6   64.9
23032     .      .     0.0    0.1    0.2    0.2    0.2    0.7    2.9   12.3   32.0   77.5  138.7  210.5  304.7  377.2  448.8  516.0  547.8  569.0  432.1  207.6   95.6   49.6
23058     .      .      .     0.0    0.1    0.1    0.2    0.3    3.5   17.7   57.0  134.3  246.9  371.0  513.8  619.9  722.7  812.9  873.4  783.8  418.0  239.4   74.4     . 
23074     .      .      .     0.1    0.3    0.5    0.7    3.2   12.5   39.0   97.1  194.9  320.3  459.7  614.0  741.5  852.0  949.4  988.6  910.4  474.4  173.5   76.1     . 
23205    0.0    0.1    0.4    1.6    3.6    6.4   12.5   28.5   57.3  124.6  208.2  317.7  443.6  577.0  722.8  847.4  958.0 1059.1 1136.2 1166.3 1048.7  643.0  359.0  259.7
23242     .      .      .     0.0    0.4    0.3    0.3    1.6    9.0   28.7   68.7  141.0  244.0  365.7  507.9  620.0  727.0  823.4  872.0  876.0  565.1  278.0  131.5   27.0
23256     .      .      .     0.1    0.9    0.7    0.8    3.6   17.1   49.0  112.7  221.0  359.6  504.2  663.2  788.9  902.4 1003.2 1074.0  983.1  595.7  318.6   77.8   32.4
23274     .     0.0    0.1    0.6    2.0    2.3    3.9   14.5   44.0  104.9  199.2  327.5  477.3  634.7  804.3  941.1 1061.7 1171.5 1249.5 1163.3  759.2  350.3  143.5   35.4
23324     .     0.0    0.4    1.7    5.5    9.9   14.4   31.4   75.9  143.9  240.6  363.3  502.8  646.7  804.8  931.4 1044.6 1145.9 1205.4 1190.2 1048.2  384.0  252.7  199.8
23330     .     0.0    0.1    0.6    1.8    3.0    6.2   16.9   49.8  103.1  191.0  307.1  444.5  589.3  751.8  883.2  999.8 1106.6 1175.7 1178.1  817.2  366.4  182.0   78.8
23383     .      .     0.0    0.4    1.6    2.3    2.3   15.4   46.4  105.2  187.1  297.9  429.3  572.9  729.8  856.3  965.5 1064.0 1130.4  958.6  619.5  235.9  102.5   32.8
23405    0.0    0.2    1.8    5.8   14.3   31.0   53.0  100.4  173.5  260.5  374.5  514.5  661.6  813.0  977.9 1116.4 1236.5 1350.3 1435.1 1462.5 1301.2  772.9  580.8  318.7
23445     .     0.1    0.6    1.9    4.9    7.2   12.5   27.7   75.8  149.9  251.4  387.1  544.3  703.4  875.4 1008.1 1132.9 1244.0 1325.7 1337.4  958.9  508.8  257.8  192.0
23463     .     0.0    0.2    1.2    4.5    6.2   10.4   23.8   63.7  148.1  254.0  389.2  542.1  700.5  868.1  997.1 1117.6 1224.8 1301.0 1161.3  609.8  314.4  112.5   76.3
23472     .     0.0    0.4    2.0    4.2    9.1   13.7   33.6   81.2  168.5  278.1  420.2  582.6  752.9  933.4 1075.3 1207.7 1327.3 1410.3 1366.4  840.8  415.5  206.0   57.0
23552     .     0.0    0.1    1.7    4.3    5.4    8.1   24.4   71.5  154.5  260.4  400.7  562.8  725.6  903.2 1044.1 1172.3 1287.6 1370.4 1291.1  881.2  438.3  206.9  132.8
23631     .     0.1    1.4    4.8   12.2   23.7   44.6   95.0  174.3  268.3  392.3  541.8  705.8  871.8 1050.6 1196.7 1328.1 1447.1 1518.7 1507.1 1379.8  661.2  430.8  275.8
23662     .     0.0    0.5    3.4    6.4   11.8   16.9   44.5  107.6  205.9  325.4  472.0  640.2  809.0  992.0 1133.9 1262.4 1379.9 1463.6 1394.3  946.4  468.6  299.5  140.6
23678    0.0    0.0    0.5    3.4    8.9   17.4   34.5   73.9  141.8  248.0  374.6  528.1  700.2  876.7 1065.0 1220.1 1357.3 1482.6 1562.1 1598.7 1255.1  780.0  454.6  169.9
23711    0.0    0.2    3.2   11.0   26.6   57.8   96.0  167.8  270.0  376.2  513.1  670.5  833.4  998.9 1177.9 1326.2 1456.9 1582.0 1673.1 1687.6 1540.3 1115.0  624.8  480.7
23724    0.1    0.5    5.1   15.0   32.4   60.2  109.8  183.6  281.9  391.7  530.4  689.2  857.2 1027.9 1208.1 1356.7 1490.9 1616.2 1711.8 1719.5 1596.2 1114.2  700.2  387.0
23734     .     0.1    1.5    5.3   16.7   34.2   72.2  133.8  226.2  330.2  464.7  623.0  795.0  967.4 1152.3 1304.5 1441.3 1566.7 1660.3 1688.4 1513.7  899.2  659.7  374.8
23867    0.0    0.1    1.3    6.4   17.6   31.7   59.0  119.3  226.8  344.4  487.2  652.6  835.0 1015.5 1209.5 1365.8 1508.9 1640.6 1738.7 1792.3 1614.1  930.5  758.8  324.7
23884    0.0    0.0    1.1    5.1   13.4   29.0   57.3  114.5  206.2  324.9  464.8  626.1  804.4  986.1 1181.9 1341.6 1484.0 1614.4 1710.3 1761.3 1432.1 1005.9  591.8  292.8
23891    0.0    0.0    0.1    1.8    6.0   15.0   39.3   89.6  173.2  283.3  418.7  569.1  735.6  908.5 1092.9 1241.2 1371.5 1487.9 1568.8 1542.8 1124.3  487.9  217.9   87.5
23914    0.0    0.3    2.8   13.6   37.2   83.7  142.4  230.7  351.7  475.1  626.8  795.7  968.7 1144.2 1333.6 1493.4 1637.3 1775.1 1877.3 1928.5 1812.6 1354.0  951.0  621.0
23921    0.1    0.8    6.5   20.0   48.2   91.5  153.0  237.4  349.9  472.0  622.1  787.6  958.1 1133.9 1320.8 1477.5 1619.8 1753.1 1854.3 1911.2 1816.8 1311.1 1026.2  617.9
23933    0.0    0.2    1.5    6.9   19.3   45.3   90.8  164.7  276.7  399.0  546.8  715.0  894.8 1075.8 1269.9 1433.3 1578.9 1717.4 1822.0 1889.1 1772.0 1430.6  671.2  439.6
23955    0.0    0.2    1.7    7.7   20.6   42.0   75.0  143.7  257.2  378.6  522.2  687.7  868.6 1048.8 1242.6 1400.8 1545.2 1678.8 1779.9 1840.3 1631.5 1134.2  830.5  467.0
23966    0.1    0.1    1.0    5.7   16.0   28.8   59.7  115.0  219.7  336.8  478.0  639.6  817.1  995.1 1183.7 1334.8 1474.4 1599.8 1662.3 1644.9 1259.5  805.5  714.6  354.7
23986     .      .     0.6    2.5    7.4   12.0   29.1   69.9  138.9  242.6  351.8  475.6  615.6  759.9  916.6 1042.7 1154.6 1256.6 1305.2 1237.7  755.7  445.7  187.0  113.7
24125     .      .      .     0.0    0.7    1.8    4.0   18.8   56.4  135.5  240.2  370.4  516.4  670.2  831.8  961.3 1067.9 1160.4 1074.4  880.1  416.4  135.8   32.6     . 
24136     .      .      .      .     0.5    1.3    6.2   22.8   73.9  166.3  281.0  417.1  570.2  724.5  882.7 1013.3 1116.2 1208.2 1131.8  924.4  494.0  128.0   19.9     . 
24143     .      .      .     0.0    0.1    0.4    5.7   20.9   69.6  151.8  264.1  399.3  551.8  706.0  863.2  997.2 1109.4 1207.9 1203.0  964.2  354.0   84.7     .      . 
24266     .      .      .      .     0.1    0.7   12.2   47.4  129.1  247.6  384.9  534.0  699.5  861.6 1027.3 1165.8 1282.3 1379.4 1337.5 1006.4  377.8   95.7   12.3     . 
24329     .      .      .      .     0.5    1.5    7.4   32.2   88.0  184.1  301.9  434.6  586.0  739.4  896.8 1025.3 1129.7 1191.8 1146.6  950.0  473.3  134.6   20.0     . 
24343     .      .     0.0    0.0    0.2    1.1    9.2   34.1   92.8  194.5  319.2  464.2  629.1  792.8  965.6 1112.0 1231.7 1339.1 1337.4 1137.6  572.0   95.4     .      . 
24382     .      .      .      .     0.4    1.7   17.0   56.3  148.5  264.1  401.4  552.0  715.0  870.9 1031.7 1169.7 1287.1 1384.4 1340.9 1001.6  360.2   36.1     .      . 
24507     .     0.0    0.3    0.9    3.1    6.8   23.5   65.2  142.1  248.4  377.5  526.3  691.3  862.4 1043.4 1190.5 1318.6 1432.4 1509.5 1330.7 1071.8  567.1  206.3   38.3
24606     .      .     0.5    0.3    3.1    6.6   22.3   62.4  141.0  248.8  380.3  523.9  686.9  856.2 1031.8 1174.6 1298.6 1407.5 1454.2 1207.2  804.1  422.4  124.6   27.8
24641     .     0.0    0.0    0.2    1.8    7.7   31.1   83.3  181.6  310.2  465.1  635.1  822.4 1009.0 1208.8 1377.7 1522.7 1654.0 1742.6 1563.0 1197.8  336.4   31.4     . 
24661     .      .      .     0.0    0.8    5.1   29.7   82.1  184.3  312.8  460.9  619.9  798.9  977.6 1163.0 1325.0 1460.8 1585.2 1625.7 1437.8  652.4   71.2     .      . 
24671     .      .      .      .     0.3    1.5   20.0   67.0  155.0  267.6  405.9  553.5  717.6  882.5 1052.4 1194.2 1313.3 1415.0 1353.7 1022.8  258.6     .      .      . 
24688     .      .      .      .     0.0    0.6    7.3   37.9  108.0  208.2  331.1  465.1  611.9  759.8  910.5 1038.3 1145.7 1217.7 1198.6  682.3  152.6     .      .      . 
24713     .      .     0.2    0.7    2.9    8.2   24.3   74.5  160.7  278.9  419.0  571.4  739.3  913.4 1097.3 1250.2 1379.8 1481.1 1542.2 1461.3 1167.1  338.2  116.6   50.9
24738     .     0.0    0.3    0.5    4.3   16.3   48.6  113.9  216.4  351.8  504.5  672.1  853.1 1035.4 1231.0 1395.7 1537.6 1669.9 1714.2 1646.6 1273.4  504.8  219.4     . 
24790     .      .      .      .      .     0.4    8.3   36.5  106.2  201.3  319.0  450.2  592.4  735.9  883.4 1007.2 1114.5 1189.0 1181.8  748.5  272.6   17.6     .      . 
24817     .     0.0    0.2    1.2    4.4   11.8   40.3   97.5  194.2  316.1  462.9  620.5  793.0  970.9 1159.1 1316.3 1450.9 1573.6 1655.1 1512.3 1096.0  600.5  253.9   89.3
24908    0.0    0.0    0.4    1.6    7.5   20.9   51.6  115.8  214.3  336.0  484.0  643.6  817.4  996.1 1187.2 1344.3 1480.5 1601.3 1683.8 1654.3 1171.7  674.0  363.6  113.0
24959     .      .     0.0    0.0    1.5    8.7   44.8  110.8  224.8  362.5  528.0  705.6  900.8 1094.8 1302.8 1479.5 1634.0 1775.8 1871.3 1781.7 1107.7  357.8   31.1     . 
24966     .      .      .     0.4    2.7   13.5   52.5  118.9  229.9  359.6  515.7  684.2  869.5 1056.5 1254.0 1422.9 1571.4 1708.3 1803.0 1787.2 1222.5  366.1   33.1     . 
24967     .      .      .     0.0    1.8   10.5   47.5  113.7  221.2  347.6  497.0  658.0  834.4 1012.4 1199.4 1358.9 1496.2 1621.2 1702.2 1507.3  783.5  335.8   47.0     . 
25062     .      .      .      .      .     0.0    0.1    0.4    2.3   10.6   28.3   52.6   86.7  122.5  162.8  195.9  215.7  214.4  218.9  121.9   73.1   16.8    9.5     . 
25138     .      .      .      .     0.4    0.7    5.8   27.7   99.1  199.2  318.8  456.8  598.5  735.1  876.9  992.1 1090.7 1156.8 1025.7  725.1  404.9   47.9   33.9     . 
25173     .      .      .      .      .     0.0    0.2    0.6    3.7   12.0   35.9   70.1  114.0  158.4  203.0  233.2  268.4  273.3  224.9  162.2   84.5   26.9   16.2     . 
25206     .      .      .      .     0.3    0.4    6.9   29.7   93.4  186.0  300.5  439.8  586.7  729.3  878.2 1002.7 1111.6 1201.2 1218.9  952.7  360.4   18.6     .      . 
25282     .      .      .      .      .     0.1    0.1    0.6    3.9   11.5   37.7   74.5  131.1  189.6  259.5  319.4  341.4  387.8  420.6  330.6  217.8  100.5   50.5     . 
25325     .      .      .      .     0.4    0.9    8.1   32.5  111.0  213.5  334.0  471.3  614.2  750.7  892.8 1009.7 1109.3 1175.4 1100.8  884.2  415.1   49.9     .      . 
25356     .      .      .      .      .     0.1    1.7   10.8   53.7  129.5  235.9  362.5  498.4  629.5  768.6  882.6  980.7 1064.8 1045.2  723.1  431.4   57.5   37.3   15.0
25378     .      .      .      .     0.0    0.2    1.5    6.7   33.2   76.3  135.1  211.0  304.3  404.5  521.5  623.5  715.6  806.0  869.1  745.5  599.1  195.3   79.8   15.3
25399     .      .      .      .     0.0    0.2    0.3    2.1    3.9   14.9   45.3   88.9  151.4  218.5  297.4  368.0  428.7  493.1  527.2  554.7  480.5  271.3  134.5   86.6
25400     .      .      .      .     0.4    1.7   15.2   51.4  140.5  251.8  385.7  540.0  702.6  861.5 1026.2 1166.6 1289.6 1394.2 1433.3 1210.1  537.0   19.4     .      . 
25428     .      .      .      .     0.1    0.7    6.8   29.3   99.5  198.2  317.7  455.2  601.2  743.1  891.6 1012.3 1118.4 1187.3 1137.4  780.2  448.6   57.7   18.9   38.7
25503     .      .      .     0.0    0.6    2.6   18.1   63.3  155.1  270.9  406.3  560.0  719.0  874.8 1036.1 1171.2 1288.9 1369.5 1416.3 1187.9  596.9   40.3   21.9     . 
25538     .      .      .      .      .     0.1    0.9   10.9   57.9  137.4  248.1  378.6  521.5  659.8  801.7  924.8 1029.6 1097.9 1134.3  904.8  528.6   80.8   27.8   27.6
25551     .      .      .      .     0.0    0.3    1.9   11.6   50.7  129.1  245.3  383.8  532.1  674.6  826.1  952.1 1062.9 1160.9 1200.2 1076.7  543.9   70.0   20.6   23.0
25563     .      .      .      .      .     0.0    0.4    2.8   14.4   47.2   99.5  184.3  289.2  399.7  525.9  635.2  735.8  828.9  886.6  811.5  697.6  134.1   67.0   34.5
25594     .      .      .     0.0    0.1    0.5    2.7    9.3   30.2   66.9  116.8  181.9  259.0  343.6  444.1  533.1  618.0  692.7  753.7  752.5  641.5  366.1  246.8  105.9
25677     .      .      .      .      .      .     1.1    3.5   15.4   47.5  102.2  176.2  259.8  356.9  467.0  563.6  652.2  746.6  796.5  750.5  731.0  293.5  185.0  107.4
25705     .      .      .      .     0.2    2.3   16.9   58.8  148.9  264.0  402.5  558.2  723.5  886.6 1055.0 1197.7 1319.3 1426.3 1454.4 1392.6  679.6   78.6   30.0     . 
25745     .      .     0.1    0.1    0.2    1.2    7.3   27.4   81.2  160.6  263.9  386.9  523.7  660.4  809.3  939.5 1057.3 1166.9 1246.2 1179.4 1003.4  177.3  146.8   45.5
25927     .      .      .      .      .     0.0    0.6    6.3   27.1   65.6  130.9  222.0  331.8  454.4  594.8  721.5  845.9  959.0 1056.5 1136.1 1135.8  968.1  441.2  186.4
25932    0.0    0.0    0.1    0.2    0.0    1.2    5.4   17.4   50.3   97.7  157.8  235.4  322.8  419.3  529.0  635.4  739.7  845.1  930.4 1000.6 1054.9  812.0  421.5  287.9
25954    0.0    0.0    0.1    0.1    0.2    1.6    8.5   28.6   70.3  130.8  212.6  312.6  423.5  547.2  688.8  817.5  940.8 1063.8 1159.8 1235.8 1276.0  802.7  480.5  334.8
25956    0.0    0.1    0.3    0.1    0.6    1.6    6.6   22.1   54.5  104.0  171.2  253.0  344.0  447.3  569.6  678.4  786.5  896.7  982.7 1051.4 1102.2  755.1  406.7  210.6
26063    6.1    9.8   22.3   43.8   84.1  149.8  236.6  340.8  475.5  614.5  769.1  936.8 1114.1 1299.0 1502.6 1680.0 1844.6 2009.8 2141.0 2251.7 2343.7 2382.2 2219.6 1805.7
26157   11.6   13.5   34.1   56.6  100.6  183.1  273.0  386.8  522.7  669.5  820.1  983.1 1156.5 1335.3 1534.7 1710.9 1873.0 2034.8 2166.6 2276.8 2373.1 2408.3 2247.4 2232.9
26275    9.4   12.8   34.0   60.7  113.9  196.0  297.2  418.0  562.9  713.7  873.1 1042.9 1217.6 1399.9 1598.8 1773.1 1936.0 2099.9 2229.5 2337.0 2425.0 2404.1 2167.5 1774.0
26359   13.9   20.7   48.2   81.8  140.2  234.0  337.4  466.2  612.4  765.2  920.0 1085.7 1260.2 1436.8 1635.0 1812.4 1975.6 2139.4 2269.3 2377.1 2469.5 2548.1 2386.2 2044.7
26781    5.4    8.1   24.5   53.5  107.6  194.5  302.2  424.9  571.7  724.5  881.3 1047.7 1217.3 1394.8 1587.3 1759.6 1921.4 2083.0 2210.5 2315.9 2403.1 2329.0 2175.4 1680.1
26997   11.0   19.4   47.0   97.7  169.9  267.3  391.9  531.8  698.8  864.8 1036.3 1214.7 1396.5 1586.0 1793.7 1980.5 2155.9 2331.3 2472.4 2590.1 2689.5 2773.6 2644.0 2135.6
27037    1.3    1.8    8.3   22.6   58.5  118.3  199.4  307.3  435.5  571.6  723.6  887.6 1055.0 1232.7 1421.9 1585.6 1735.8 1883.5 1996.5 2088.3 2056.9 1959.4 1603.0 1049.8
27051    0.4    1.2    6.4   20.6   51.2  103.1  179.9  282.5  408.8  536.7  687.8  855.5 1027.7 1205.4 1397.7 1560.8 1708.4 1852.2 1958.6 2029.0 2005.0 1751.0 1372.1 1001.5
27333    1.6    3.0    9.3   26.5   71.0  143.3  236.7  357.3  500.0  644.5  805.1  978.4 1154.0 1342.0 1544.1 1719.4 1883.8 2045.8 2169.8 2270.5 2351.3 2177.0 1947.8 1307.5
27459    1.0    2.8   10.5   31.8   85.4  165.6  273.5  401.5  558.8  712.1  885.1 1069.6 1255.6 1450.9 1663.3 1847.7 2018.5 2190.3 2321.5 2430.5 2518.3 2272.6 2026.9 1600.3
27595    0.3    1.5    5.7   24.4   71.6  152.9  262.9  394.3  556.9  715.9  898.5 1090.1 1284.5 1486.6 1707.0 1898.5 2075.4 2253.3 2390.7 2503.7 2572.8 2418.7 2188.3 1542.8
27612    6.8   11.6   33.4   67.8  133.1  226.0  341.6  471.2  627.6  786.8  956.8 1136.9 1319.4 1512.6 1720.1 1903.0 2071.6 2241.1 2374.9 2485.4 2575.4 2530.0 2351.7 1835.8
27648    1.5    3.4   11.5   35.0   91.7  178.8  292.8  423.5  588.5  745.2  919.4 1102.3 1289.9 1484.5 1696.5 1881.1 2054.2 2229.0 2363.5 2473.9 2544.5 2442.8 2062.4 1716.5
27675    0.4    1.8    7.4   28.1   82.8  166.5  283.0  417.6  580.0  738.6  917.4 1105.4 1294.9 1492.2 1705.6 1891.6 2066.5 2242.3 2377.1 2489.7 2558.9 2363.3 2096.3 1450.2
27707    6.4    8.8   27.4   63.6  124.7  213.6  330.5  459.7  615.9  772.1  934.5 1106.2 1282.2 1466.7 1667.0 1846.0 2012.3 2178.9 2311.8 2420.9 2511.1 2586.4 2360.9 1898.8
27823    1.7    3.2   11.8   36.3   96.4  182.3  296.2  430.7  590.5  750.8  924.4 1105.4 1288.5 1482.3 1691.1 1876.1 2052.2 2229.9 2369.6 2483.4 2541.3 2473.6 2292.5 1672.7
27857    1.7    3.4   11.8   36.1   95.8  184.4  304.2  444.6  616.0  782.0  965.2 1155.4 1349.3 1551.3 1771.9 1964.6 2144.8 2328.0 2469.3 2586.1 2682.4 2541.1 2325.9 1850.2
27995    0.3    2.3    8.4   36.2  102.6  206.6  335.5  486.6  667.1  845.2 1044.6 1250.8 1462.1 1679.1 1915.1 2122.8 2318.9 2515.4 2670.2 2800.5 2905.1 2840.0 2571.5 1813.8
28009    0.0    0.7    5.2   21.3   53.2  106.7  188.2  285.3  410.2  538.1  688.3  857.5 1033.4 1213.0 1400.5 1558.3 1698.4 1836.2 1942.7 2027.6 2023.7 1763.4 1261.1  774.0
28064    0.1    0.4    5.6   21.9   51.0   96.3  170.7  262.0  386.5  518.0  677.2  852.6 1036.2 1220.2 1417.2 1583.5 1735.2 1878.8 1989.9 2054.2 2017.1 1518.9 1209.8  655.1
28138     .     0.1    1.6    9.4   27.0   66.6  120.5  198.7  314.2  427.3  569.1  722.7  881.6 1043.1 1217.8 1363.8 1495.4 1622.5 1716.3 1720.2 1551.6 1076.5  660.7  429.1
28224    0.1    0.7    4.8   22.0   57.4  118.9  198.7  313.0  451.4  590.7  757.6  936.1 1118.4 1304.1 1506.7 1678.5 1834.4 1988.3 2105.7 2154.5 2155.8 1775.4 1458.3  983.1
28255    0.1    0.5    5.4   24.0   64.1  126.4  212.4  325.4  462.2  602.6  769.6  949.5 1134.9 1320.0 1518.6 1687.1 1843.5 1992.7 2109.4 2204.4 2191.3 1705.0 1551.6  838.0
28275    0.1    0.1    2.7   13.3   41.2   87.7  165.1  265.0  401.7  542.8  709.0  887.8 1073.5 1258.8 1460.4 1631.2 1786.2 1935.3 2050.9 2147.9 2037.8 1695.8 1218.0  768.6
28418    0.0    0.6    3.8   19.6   63.1  138.9  238.4  364.4  516.9  671.1  848.3 1035.8 1225.9 1423.3 1633.1 1815.8 1987.3 2154.7 2284.8 2390.9 2421.6 2077.1 1739.4 1184.1
28434    0.0    1.0    5.0   20.9   58.9  127.0  214.8  331.2  471.2  613.6  782.4  960.6 1141.8 1325.8 1522.4 1691.0 1846.6 1998.0 2117.2 2214.0 2174.7 1846.6 1522.9  962.7
28493    0.1    0.1    1.9   11.6   43.9   97.2  182.3  280.2  422.3  566.9  731.8  910.5 1097.6 1283.7 1482.2 1649.6 1805.6 1950.0 2064.0 2158.7 2114.8 1636.3 1370.1  887.1
28552    0.2    0.6    5.9   27.7   79.7  160.4  262.7  388.5  544.3  701.0  883.0 1073.0 1267.0 1459.4 1667.2 1846.6 2015.1 2178.0 2308.8 2417.5 2401.6 2163.9 1920.8 1005.9
28573    0.1    0.1    2.3   13.3   53.3  116.8  211.9  327.2  473.7  623.1  797.0  980.8 1171.0 1358.8 1560.2 1732.7 1893.6 2045.4 2166.6 2268.2 2231.7 1911.9 1756.0 1032.7
28666    0.1    0.1    2.4   16.6   61.5  136.4  233.0  360.8  516.8  674.3  856.4 1045.0 1238.9 1431.5 1640.2 1819.2 1988.8 2150.9 2282.4 2392.1 2347.1 2079.5 1833.5  954.9
28698    0.1    0.0    2.0   13.9   53.6  122.9  220.9  340.2  492.8  653.5  834.7 1024.9 1219.1 1414.8 1625.7 1804.6 1972.7 2132.2 2259.9 2368.1 2400.5 2047.3 1665.7 1066.5
28704    0.1    1.2    5.3   25.1   79.3  167.1  281.9  416.6  578.8  738.6  919.9 1109.1 1300.1 1499.1 1712.8 1899.9 2075.7 2250.4 2388.9 2502.8 2591.0 2481.2 2178.9 1372.9
28722    0.3    1.2    5.4   25.7   75.4  164.4  271.1  408.6  570.5  731.7  916.1 1109.8 1306.3 1503.9 1717.4 1903.5 2079.3 2252.8 2387.9 2502.0 2566.1 2311.0 2036.1 1249.7
28748    0.1    0.5    4.7   27.0   82.5  170.9  281.0  417.2  583.3  748.4  938.6 1136.3 1335.5 1534.3 1749.7 1937.2 2116.2 2290.9 2433.0 2550.2 2569.9 2456.7 2132.6 1056.2
29111    0.1    0.2    2.1   10.4   29.4   56.0  110.5  190.9  315.7  450.0  602.3  773.0  955.0 1138.3 1334.7 1496.9 1644.7 1781.1 1886.6 1956.3 1862.5 1374.2  914.3  508.6
29231    0.1    0.1    2.1    8.9   29.0   55.8  113.7  201.8  322.2  458.0  611.8  783.9  968.1 1154.4 1352.7 1518.0 1668.6 1807.8 1915.3 2002.7 1858.9 1362.2  969.7  531.6
29263    0.1    0.1    1.3    6.9   20.8   46.8  103.2  184.0  301.8  438.5  595.9  768.5  954.2 1145.9 1352.4 1526.8 1680.3 1821.4 1927.0 2011.3 1802.1 1409.9  856.0  528.9
29282    0.1    0.2    1.2    7.7   20.1   45.0  108.5  182.1  302.1  442.2  605.8  781.4  969.5 1161.2 1370.6 1544.6 1699.4 1843.9 1950.2 2006.6 1915.0 1467.0  904.6  591.6
29313    0.1    0.1    2.3   10.8   35.7   67.8  139.7  227.8  355.0  492.6  646.2  816.0  995.5 1176.0 1369.4 1531.4 1678.3 1814.9 1920.5 2006.3 1839.2 1551.7 1108.8  654.1
29328    0.1    0.1    2.8   11.0   37.6   75.5  153.2  248.2  374.8  514.8  670.8  842.0 1024.4 1208.8 1404.8 1569.7 1719.2 1857.9 1966.6 2056.0 1931.4 1460.1 1118.4  742.8
29379    0.5    0.0    1.4   10.9   23.1   64.5  140.6  230.8  369.8  515.3  681.0  851.7 1039.6 1235.1 1438.5 1608.2 1765.5 1916.2 2023.0 2104.8 1991.4 1488.4 1165.7  806.7
29570    0.7    0.6    6.9   19.4   45.1   91.6  165.6  266.7  399.6  545.3  707.0  882.1 1065.8 1255.5 1461.8 1636.5 1791.3 1938.0 2049.4 2117.4 2010.1 1690.4 1310.2  957.7
29594    0.3    0.3    3.2   13.6   31.4   73.2  147.0  236.1  366.0  509.1  671.2  845.3 1025.9 1212.1 1415.7 1589.2 1743.4 1887.6 1995.8 2055.4 1971.6 1588.7  979.4  627.7
29612    0.1    0.0    1.0    6.9   32.1   85.4  171.1  279.9  422.9  575.7  745.9  927.4 1116.8 1307.7 1514.3 1691.9 1853.2 2006.5 2128.5 2229.2 2102.3 1879.0 1419.1  733.0
29645    0.3    0.1    3.9   13.5   39.6   91.0  178.7  285.8  426.6  575.3  741.0  920.4 1109.0 1303.2 1507.3 1682.0 1843.4 1997.1 2114.6 2212.6 2168.6 1578.6 1432.6 1021.9
29752    0.0    0.3    2.6    4.4   12.4   22.5   40.5   92.8  181.3  284.1  392.1  515.7  647.6  784.4  931.2 1056.8 1167.2 1264.6 1220.9 1087.4  736.2  573.6  364.5  183.2
29789    0.1    0.0    0.7    3.2   10.7   23.4   66.3  124.7  216.9  322.3  440.3  570.0  705.3  848.3 1004.2 1134.9 1251.2 1355.8 1427.8 1365.8 1065.1  708.5  254.8  274.9
29866    0.5    0.8    6.7   25.2   66.0  129.1  219.8  329.9  479.3  640.5  815.2 1005.6 1202.7 1406.2 1627.2 1818.1 1989.4 2154.0 2277.4 2378.0 2406.9 2213.9 1678.9 1017.3
29939    0.3    0.3    4.7   17.5   60.6  137.2  233.5  353.3  509.8  673.7  847.5 1034.9 1229.3 1428.6 1642.7 1829.9 2001.9 2167.5 2297.9 2407.8 2396.8 2130.9 1725.7 1279.3
30054     .      .     0.2    2.1    6.8   22.5   57.9  121.9  223.6  348.3  499.8  663.9  841.8 1026.0 1224.3 1391.2 1540.2 1675.7 1767.5 1791.1 1522.2  686.4  382.6  112.6
30089     .      .     0.1    0.9    5.6   21.2   60.8  125.2  231.8  355.7  505.8  667.4  845.4 1027.0 1217.2 1378.8 1518.8 1650.2 1693.7 1677.1 1062.8  361.3  171.8   27.6
30230    0.0    0.0    0.6    3.0   10.9   31.3   81.2  154.1  266.9  398.3  554.4  726.5  907.5 1096.7 1299.6 1474.7 1628.0 1766.4 1862.6 1917.3 1587.4 1133.3  457.1  200.6
30252     .      .     0.1    3.3   12.0   34.3   79.8  148.1  252.1  373.7  525.9  689.4  865.2 1051.8 1250.6 1417.6 1567.9 1711.5 1805.6 1874.0 1772.3 1006.8  288.0   77.3
30309    0.1    0.0    0.8    5.1   17.3   45.7  102.3  172.7  288.3  417.4  567.3  735.6  913.0 1099.0 1302.2 1475.6 1630.5 1773.6 1877.6 1939.0 1836.9 1469.6  866.2  500.0
30372     .      .      .     0.3    3.6   13.0   35.4   88.6  180.5  289.9  428.3  578.6  741.9  909.9 1088.8 1240.5 1374.0 1498.2 1578.2 1429.7 1027.9  280.1   64.8     . 
30385     .      .     0.0    0.6    6.4   25.6   66.0  135.9  246.2  372.7  524.8  688.4  865.9 1047.1 1240.4 1405.5 1551.9 1691.2 1786.9 1756.0 1503.0  699.0   80.6     . 
30393     .      .      .     0.1    1.8    7.4   26.9   70.6  156.4  263.2  397.4  543.7  705.5  870.7 1044.0 1191.9 1320.4 1421.8 1442.3 1251.9  688.5  212.9   20.1     . 
30433     .      .     0.2    0.8    5.4   17.1   46.3   97.6  176.7  271.9  391.9  528.1  675.8  839.7 1024.7 1188.2 1339.9 1488.8 1597.5 1662.7 1636.5 1255.0  704.3  163.2
30521     .      .     0.2    3.3   15.2   46.1   99.0  177.8  293.4  421.9  574.0  737.1  908.5 1088.6 1284.1 1449.1 1595.0 1731.5 1824.5 1865.6 1707.7 1094.4  461.2  204.2
30554     .      .     0.0    1.0    5.2   17.7   50.3  110.3  208.7  318.5  452.9  597.8  751.3  911.5 1082.7 1228.3 1356.7 1474.5 1552.4 1376.2 1006.9  497.5   86.2     . 
30612     .      .     0.2    4.5   20.2   56.9  117.9  200.9  325.4  464.0  623.7  797.2  977.7 1165.6 1370.8 1546.5 1704.3 1855.2 1964.7 2022.5 2052.3 1533.8  981.8  471.2
30636    0.0    0.0    0.9    5.7   21.3   54.0  113.2  193.5  315.6  452.2  608.9  781.4  961.2 1152.1 1359.7 1538.6 1702.2 1857.2 1969.8 2056.4 1990.2 1573.6  715.0  284.8
30650     .      .     0.1    2.7    8.9   26.3   71.9  140.6  245.8  363.6  505.9  658.2  817.1  983.9 1162.9 1316.0 1451.6 1577.9 1662.5 1679.6 1310.9  633.1  259.7   22.7
30673     .      .     0.1    1.5    7.5   29.0   73.4  149.6  260.5  384.5  530.8  688.9  860.1 1033.6 1220.9 1380.1 1523.3 1656.5 1734.5 1708.9 1431.4  770.0  201.4     . 
30710    0.0    0.0    2.0   10.9   36.1   81.1  151.9  239.8  368.4  506.4  660.7  829.0 1004.1 1186.8 1387.1 1560.6 1717.0 1863.3 1971.2 2024.3 2020.1 1750.3 1189.3  693.1
30758     .      .     1.3    7.8   26.9   64.5  130.0  218.0  348.4  490.3  654.5  832.9 1018.6 1208.7 1414.5 1591.3 1750.5 1901.2 2010.6 2093.4 1991.4 1447.6  654.4  203.1
30777     .     0.0    1.4    9.3   30.6   75.1  147.7  249.5  386.5  530.3  699.7  882.1 1071.4 1266.0 1474.5 1655.4 1819.4 1977.7 2091.7 2179.7 2101.5 1426.5  778.7  206.2
30844     .     0.0    0.8    5.9   19.2   47.5  104.6  180.6  296.3  420.7  567.8  727.3  892.3 1066.8 1255.5 1417.3 1560.4 1695.9 1788.7 1809.8 1707.1 1089.7  488.0  152.1
30879     .      .     0.7    5.7   24.0   60.9  130.9  227.5  360.6  501.3  664.7  842.1 1030.8 1221.9 1426.8 1604.8 1767.1 1921.2 2034.3 2090.0 2051.0 1512.3  648.0   99.8
30925    0.1    0.3    3.0   16.3   48.4  103.5  181.1  282.7  420.3  571.2  740.5  921.9 1107.9 1302.3 1515.7 1701.0 1869.6 2030.8 2149.5 2243.1 2211.5 2058.9 1352.4  483.0
30935     .     0.0    1.1    6.8   27.1   64.6  132.7  219.6  343.9  477.8  630.8  795.5  965.3 1142.1 1336.6 1503.0 1652.2 1794.0 1894.2 1969.4 1924.9 1484.1  670.6  124.0
30949     .     0.0    1.2    8.2   29.5   71.6  140.3  231.4  362.0  499.2  654.7  822.9  996.4 1175.2 1370.7 1541.7 1695.5 1844.8 1951.9 2035.8 2070.8 1540.5  678.9  175.4
30965     .      .     1.0    7.1   28.3   70.3  141.2  238.3  375.9  524.2  697.0  884.0 1078.4 1277.1 1492.9 1681.7 1852.0 2017.6 2138.8 2230.7 2196.7 1653.6  748.1  126.2
31004     .      .     0.0    0.2    2.7    9.2   29.6   75.3  164.9  280.1  420.1  570.6  739.4  908.9 1089.7 1244.3 1378.4 1505.2 1467.5 1230.6  768.6  228.3   64.4   21.4
31088     .      .      .     0.0    0.1    1.3    6.7   24.6   61.3  111.1  180.9  271.1  381.2  504.9  649.3  784.9  918.2 1057.1 1164.4 1249.9 1277.0 1021.7  194.3   64.5
31137     .      .      .      .     0.7    3.9   20.5   65.2  145.8  245.4  371.1  505.3  654.5  805.5  963.4 1097.3 1211.3 1316.4 1358.2 1030.7  523.9   87.8   27.4     . 
31168     .      .     0.3    0.3    1.6    3.2   10.4   35.5   70.4  119.4  190.9  279.4  385.6  506.1  649.1  784.6  919.7 1065.8 1180.9 1276.4 1332.5 1145.3  585.1  116.2
31174     .      .     0.1    0.3    0.6    3.8   11.9   33.8   71.4  121.5  188.6  268.6  363.3  474.5  605.4  730.6  855.3  987.8 1094.2 1181.1 1184.4 1043.6  589.9  285.2
31253     .      .     0.2    0.9   10.1   36.4   92.9  176.2  296.3  428.8  585.0  750.6  930.9 1114.8 1311.5 1483.9 1641.2 1793.7 1904.6 1988.3 1908.7 1385.2  367.9   19.4
31329     .      .     0.2    0.5    7.4   25.2   70.0  140.3  244.4  366.9  509.4  663.4  833.8 1008.7 1195.4 1358.0 1508.0 1652.7 1757.8 1818.5 1598.8 1049.3  349.3   52.8
31369     .     0.0    0.0    0.3    1.9   10.2   31.3   70.5  149.5  252.2  376.4  518.7  677.7  848.4 1037.2 1208.3 1371.6 1541.9 1675.8 1785.7 1867.9 1821.0 1259.1  405.5
31416     .     0.0    0.7    1.9   15.3   51.4  104.0  185.0  298.5  425.7  577.5  738.7  914.1 1099.3 1300.3 1480.1 1651.2 1823.3 1956.3 2062.9 2139.6 1905.9  864.7  285.1
31439     .     0.0    0.3    1.2    9.0   36.8   82.4  151.6  256.8  380.4  523.9  681.0  850.9 1032.8 1232.0 1410.3 1581.9 1757.6 1894.9 2008.9 2093.5 2044.3 1353.6  451.6
31478     .      .      .      .     3.8   14.2   45.2  106.3  193.9  299.7  426.6  564.5  717.8  873.3 1045.9 1192.0 1322.8 1446.5 1502.6 1458.3 1148.8  647.7  135.3   65.7
31707    0.4    0.4    5.6   25.5   73.5  146.6  242.6  365.4  526.3  689.8  870.8 1068.0 1276.6 1493.2 1728.1 1941.4 2141.0 2341.4 2498.8 2630.1 2736.1 2740.7 2378.4 1321.8
31770     .     0.0    0.7    3.3   14.5   43.3   83.1  139.2  219.5  310.2  417.1  537.8  671.5  820.4  994.5 1162.9 1332.5 1512.8 1660.1 1788.9 1894.5 1955.3 1909.0 1543.3
31829    0.1    0.2    0.8    7.6   21.6   50.0   90.2  142.8  212.9  289.5  382.6  490.2  613.4  754.2  921.1 1085.9 1254.1 1436.4 1591.1 1731.9 1852.1 1946.5 1964.8 1878.4
31960    0.6    3.1   13.1   42.3   87.3  152.2  232.7  327.3  445.9  564.5  696.7  844.2 1004.9 1181.9 1394.2 1597.3 1800.6 2014.5 2193.7 2353.3 2493.0 2611.0 2673.8 2522.5
31961    1.0    3.5   15.1   50.7  104.5  184.0  282.4  398.4  543.0  688.2  848.0 1023.6 1210.8 1412.4 1647.6 1867.3 2081.3 2299.1 2475.6 2626.0 2753.2 2854.9 2668.9 2113.1
31989    1.8    8.2   22.8   57.5  102.4  162.2  235.2  322.0  429.5  539.6  663.0  799.9  954.1 1122.3 1324.9 1521.4 1719.4 1928.7 2104.9 2265.0 2403.1 2519.9 2615.2 2597.0
32027     .     0.0    0.0    0.1    0.4    3.0   12.4   34.3   78.1  151.6  248.7  362.8  491.6  633.9  799.8  956.9 1114.7 1283.9 1422.3 1543.2 1639.0 1708.5 1523.7  642.8
32061     .     0.1    0.6    3.3   11.1   36.8   79.4  136.5  219.4  315.5  427.4  555.7  698.4  855.3 1037.2 1208.7 1375.5 1551.7 1694.5 1817.4 1917.4 1992.4 1891.9 1349.0
32076     .     0.0    0.2    0.9    2.3   11.3   26.0   53.7   93.2  148.4  214.4  292.3  383.1  488.2  612.3  733.9  860.0 1001.1 1116.7 1218.2 1301.6 1344.6 1219.3  690.0
32098    0.0    0.0    0.2    2.0    7.3   26.7   57.1  103.0  167.7  243.0  335.2  442.6  563.9  701.4  865.8 1025.0 1184.9 1353.9 1495.0 1617.7 1718.7 1796.0 1760.3 1240.8
32099     .      .     0.0    0.2    1.1    4.5   13.8   29.8   55.6   92.4  143.1  206.9  285.3  376.9  493.7  608.7  728.9  863.4  965.5 1075.9 1174.1 1253.8 1294.3 1175.9
32150    0.0    0.1    0.9    8.4   27.4   63.2  115.9  188.0  279.7  379.3  494.9  623.0  763.8  919.9 1104.2 1278.7 1452.3 1632.8 1783.1 1915.5 2025.3 2110.2 2107.5 1825.1
32165    0.3    1.6    3.6   14.1   32.3   61.7  106.5  160.8  228.7  300.1  385.6  483.5  591.6  714.4  871.4 1025.3 1185.8 1362.0 1520.2 1673.1 1811.1 1934.3 2042.0 2139.3
32213     .      .     0.1    0.4    0.6    3.1    8.1   21.9   46.2   79.8  124.5  182.2  251.1  328.2  424.1  514.2  610.3  718.0  813.0  901.3  981.0 1050.1 1105.8 1149.6
32252     .      .     0.1    0.5    0.2    2.3   10.0   28.6   63.7  115.5  181.8  265.1  360.4  463.0  574.4  685.0  793.6  904.5  993.0 1065.0 1107.5  997.6  788.3  269.1
32287    0.5    0.5    0.6    1.6    3.0   10.1   26.5   55.4  103.0  163.4  239.6  334.2  441.6  557.6  691.2  816.4  938.2 1061.8 1161.9 1243.5 1307.4 1288.4 1120.7  541.0
32389    0.2    0.1    0.1    0.9    2.2   13.3   38.2   82.4  159.0  253.2  368.4  499.1  640.8  794.9  965.3 1115.9 1256.9 1397.0 1505.2 1593.2 1661.6 1562.8 1475.1  537.4
32477    0.4    0.3    0.7    1.6    3.5    9.3   29.2   60.4  110.4  173.7  251.4  345.7  454.1  571.4  706.3  832.6  955.7 1082.4 1185.5 1271.7 1341.2 1362.0 1295.7  643.0
32509    0.0    0.3    0.4    0.3    2.1   12.0   31.8   66.7  117.6  180.8  258.2  349.2  451.1  568.1  708.9  839.6  970.7 1110.3 1223.6 1324.5 1411.8 1483.8 1535.6 1270.4
32562    0.3    0.2    0.5    2.6    2.8   12.1   32.0   61.5  108.2  167.9  241.9  331.3  435.4  547.2  677.3  798.8  919.1 1046.8 1152.3 1243.0 1317.8 1379.2 1392.5 1067.3
32618    1.4    2.8    3.0    3.7    7.2   18.6   34.6   56.9   92.4  135.6  189.7  255.0  331.4  419.4  528.0  633.4  742.0  860.4  961.8 1053.5 1134.3 1200.1 1250.4 1186.6
34110    4.6    8.9   25.0   67.2  137.6  234.0  358.9  503.4  675.9  845.0 1024.9 1214.0 1407.4 1608.0 1827.0 2023.6 2210.6 2401.3 2549.3 2675.2 2781.3 2749.5 2609.4 2259.4
34123    6.4   10.4   30.9   76.6  154.4  258.1  389.4  541.4  720.5  893.5 1080.3 1274.1 1471.5 1678.6 1903.6 2104.4 2297.0 2492.0 2645.5 2774.2 2884.6 2842.5 2730.3 2207.3
34152    2.8    7.9   24.3   70.2  152.3  258.3  394.8  546.7  728.6  907.5 1100.0 1297.3 1499.5 1711.8 1944.1 2151.1 2347.7 2545.0 2704.1 2834.6 2943.5 2973.0 2832.5 2222.5
34163    0.7    2.6    9.8   37.6   99.9  195.5  318.6  465.1  640.9  814.1 1006.3 1205.3 1409.9 1622.6 1856.9 2062.7 2255.2 2451.3 2602.6 2728.4 2831.1 2655.1 2574.4 1915.3
34186    0.6    3.4   13.1   48.5  126.8  238.2  376.4  533.4  722.9  909.9 1117.3 1328.5 1544.9 1771.3 2020.7 2240.7 2449.7 2661.4 2830.1 2969.2 3078.8 3075.1 2977.7 2257.0
34579   11.8   24.7   63.3  141.2  244.4  374.4  528.4  708.2  923.7 1135.3 1368.6 1607.1 1853.0 2108.9 2389.6 2639.0 2879.3 3122.7 3317.0 3482.7 3623.6 3679.2 3771.4 3189.7
34720   29.7   45.2   96.6  173.0  273.4  399.3  550.5  724.0  928.9 1128.7 1342.5 1567.7 1799.7 2040.4 2305.7 2543.9 2774.1 3011.8 3204.4 3375.3 3526.6 3649.4 3718.5 3558.8
34740   45.9   66.8  133.0  228.0  334.4  459.6  609.4  779.1  979.6 1177.5 1391.1 1613.6 1844.0 2086.0 2355.7 2594.9 2829.2 3069.3 3262.6 3433.0 3582.5 3703.7 3758.9 3531.2
34866   32.8   62.0  118.4  201.7  312.5  441.9  598.9  780.5  999.8 1216.5 1452.1 1695.5 1946.9 2208.0 2496.9 2751.7 2999.3 3251.7 3454.4 3629.3 3784.2 3907.6 3958.8 3882.4
34880   19.6   40.9   89.8  167.4  271.3  401.9  560.9  745.6  966.1 1182.3 1418.3 1661.7 1912.9 2170.5 2453.3 2704.6 2944.0 3190.1 3387.9 3560.1 3711.1 3834.0 3849.7 3655.4
34927  133.7  188.7  293.3  398.2  516.3  649.8  804.5  978.9 1185.3 1385.6 1599.9 1821.5 2051.8 2291.4 2558.8 2798.6 3033.7 3277.9 3476.3 3655.2 3815.8 3952.3 4019.2 4066.0
34949   49.9   89.7  145.5  234.3  339.0  450.3  584.1  738.6  921.9 1102.0 1298.7 1500.3 1715.1 1938.1 2188.7 2412.7 2629.9 2857.1 3037.2 3201.4 3347.8 3466.5 3573.9 3365.7
35011    0.2    2.0    8.4   41.1  113.2  219.8  351.8  502.8  685.6  864.3 1064.6 1271.7 1484.3 1700.2 1938.5 2145.6 2343.9 2543.5 2706.6 2837.9 2942.7 2847.3 2787.8 1946.5
36038    0.4    0.9    7.2   19.0   61.1  139.3  237.4  363.7  518.8  683.6  857.8 1046.3 1239.6 1435.1 1647.5 1835.0 2006.1 2173.5 2307.2 2423.0 2442.5 2285.8 1945.1 1793.1
36064    2.1    5.2   22.6   42.2   87.1  154.9  233.6  328.8  451.7  584.0  726.7  881.3 1044.3 1214.4 1404.4 1572.6 1729.3 1881.2 2000.4 2103.4 2135.0 1979.9 1772.5 1786.2
36096     .     0.0    3.0   18.1   61.0  137.1  232.4  353.0  511.6  679.9  861.7 1056.0 1255.5 1460.9 1680.4 1870.4 2045.4 2215.7 2341.5 2444.5 2412.3 2137.6 1234.4  229.1
36229    0.0    0.1    4.8   16.3   52.8  117.5  196.2  294.5  424.5  559.7  706.6  862.6 1023.4 1186.8 1363.4 1518.0 1662.7 1798.5 1903.2 1990.8 1891.7 1553.4 1010.4  492.2
36259     .      .     0.7    2.8   16.0   42.7   90.7  160.2  263.5  380.4  507.4  645.3  786.9  933.9 1093.9 1233.9 1360.8 1476.8 1539.3 1587.3 1291.8  753.4  216.4   44.3
36307     .      .     0.0    3.8   25.0   79.9  163.0  270.5  414.0  569.0  738.1  916.8 1099.3 1287.1 1489.9 1667.1 1832.4 1993.3 2113.1 2212.7 2108.2 1647.1 1190.3  289.4
37001  210.4  303.7  397.7  493.7  602.3  722.8  859.4 1017.0 1210.2 1402.1 1609.3 1825.0 2051.4 2287.5 2553.0 2793.5 3028.0 3273.1 3474.8 3660.9 3831.7 3983.2 4117.6 4239.7
37061   40.2   66.5  125.3  212.3  314.0  441.3  591.0  763.4  971.7 1174.0 1394.7 1625.6 1865.8 2117.2 2395.1 2642.9 2883.7 3133.0 3333.4 3510.7 3669.0 3798.3 3906.8 3826.3
37107  130.4  168.6  247.6  337.1  429.9  544.3  670.4  813.1  983.2 1146.2 1321.9 1503.8 1693.5 1894.9 2121.9 2323.8 2524.3 2733.3 2906.8 3063.4 3207.4 3331.7 3443.1 3547.1
37126    3.0   11.0   16.7   43.2   54.1  102.1  147.6  209.2  297.7  378.3  468.7  564.3  669.6  784.3  917.5 1034.2 1150.5 1268.6 1359.3 1409.0 1426.0 1447.3 1321.8 1149.6
37228   29.7   55.3  109.5  188.1  285.4  390.0  515.2  664.2  839.2 1010.0 1190.4 1381.0 1579.5 1786.8 2017.3 2227.4 2426.5 2637.8 2809.1 2958.3 3097.4 3213.0 3290.6 3332.6
37470  188.5  232.0  302.5  383.7  484.7  604.6  745.3  908.8 1109.7 1310.6 1531.8 1762.5 2004.2 2256.0 2536.1 2789.4 3038.1 3299.6 3520.3 3722.5 3906.2 4069.1 4213.4 4350.5
37472  122.0  160.0  231.6  308.9  406.5  525.1  667.4  833.3 1035.9 1238.1 1458.7 1690.2 1930.6 2180.5 2458.9 2710.0 2954.4 3211.9 3428.0 3623.5 3801.6 3958.6 4096.5 4191.8
37663   74.8  113.6  185.2  273.0  369.9  479.2  600.9  742.6  911.3 1073.6 1250.5 1433.7 1626.6 1829.2 2055.5 2258.6 2457.3 2663.7 2834.5 2983.7 3120.4 3234.0 3335.1 3232.3
31152     .      .      .     0.0    4.0   18.7   52.7  118.7  223.7  348.3  497.0  653.8  827.2 1004.1 1190.1 1350.1 1491.4 1626.1 1719.1 1729.3 1044.5  549.6   50.7   29.3
