20069  1 26   XI 16    X 16    X  8   IV 14    I  1    V   134     59    187   80
20069  2          (1993)  (1957)          (1972)  (1979)       (1972) (1969)
20087  1 19   XI 16    X 28  XII 15   IV  1   II 10    V   148     89    192   71
20087  2          (1993)  (1943)          (1956)  (1964)       (1956) (1964)
20292  1 21   XI 22    X 28  XII 17   IV 11  III  9    V   148     94    199   71
20292  2          (1989)  (1957)          (2011)  (1964)       (1943) (1964)
20476  1 16   XI 25    X 16  XII  5   IV 12    I 27   IV   141     26    178   83
20476  2          (1989)  (2012)          (2012)  (1988)       (2012) (1989)
20667  1  9  XII 10   XI 30  XII 26  III 11    I 27   IV   108     22    164   53
20667  2          (1958)  (1954)          (1984)  (1941)       (1984) (1958)
20674  1  2  XII 26    X 30  XII 29  III 29    I  2    V   118     54    177   81
20674  2          (1969)  (1952)          (1956)  (1966)       (2002) (1969)
20891  1  5   XI 11    X 13  XII  6   IV  1  III 26   IV   153     91    189   90
20891  2          (1983)  (1968)          (1990)  (1988)       (1968) (1983)
20982  1 12   XI 22    X 30  XII 29  III 17   II 22   IV   138     68    181   89
20982  2          (1958)  (1945)          (1993)  (1941)       (1968) (1941)
21432  1 11   XI 16    X 12  XII 17   IV 20  III  1    V   158    114    193   95
21432  2          (1980)  (1938)          (1949)  (1948)       (1938) (1979)
21802  1  1   XI 16    X 20   XI 10   IV  3  III  7    V   161    120    199   81
21802  2          (2007)  (1954)          (1990)  (1978)       (1944) (1978)
21908  1 29    X 16    X 17   XI  1   IV  3  III 19   IV   155    120    178   77
21908  2          (1990)  (2002)          (1990)  (2001)       (2011) (1983)
21921  1 31    X 16    X 18   XI  3   IV  5  III 26   IV   155    121    182   77
21921  2          (1970)  (1960)          (1990)  (1994)       (2011) (1965)
21931  1 31    X 16    X 27   XI  8   IV  5  III  1    V   160    120    188   84
21931  2          (1990)  (1939)          (1990)  (2006)       (2011) (1958)
21946  1  3   XI 19    X  7  XII 13   IV 13  III  9    V   162    125    188   92
21946  2          (1970)  (2008)          (1990)  (1982)       (1990) (1979)
21982  1  8  XII 13   XI 30  XII 27  III  7    I 28   IV   110     13    151   76
21982  2          (1995)  (2001)          (2011)  (1948)       (2011) (1948)
22550  1 24  XII 10  XII 31  XII 19    I  3    I 22   II    27     12     58    8
22550  2          (1908)  (1907)          (1951)  (1893)       (1914) (1893)
23022  1 20  XII 11   XI 31  XII 14   II  4    I 27  III    57      9    129   47
23022  2          (1958)  (1978)          (1996)  (1979)       (1974) (1958)
23032  1 14  XII  7   XI 31  XII  1  III  5    I 14   IV    78     16    137   54
23032  2          (1958)  (1947)          (1934)  (1963)       (1954) (1958)
23058  1 29   XI 25    X 29  XII 26  III 17   II 27   IV   118     51    170   57
23058  2          (1969)  (1989)          (1989)  (1979)       (1989) (1969)
23074  1 21   XI 22    X 30  XII 21  III 15    I 28   IV   121     41    179   82
23074  2          (1967)  (1989)          (1934)  (1941)       (1943) (2001)
23205  1 20  XII 28   XI 28   XI  2   II  6    I 27  III    45      6     91   29
23205  2          (1969)  (1985)          (1983)  (1941)       (1983) (1941)
23242  1  6  XII 27    X 27    X 14  III 27    I 22   IV    99     35    160   78
23242  2          (1999)  (1945)          (2000)  (1964)       (2000) (1999)
23256  1 29   XI 29    X 29    X 16  III  6    I 22   IV   108     24    155   81
23256  2          (1969)  (1945)          (2008)  (1964)       (2008) (1958)
23274  1 21   XI 22    X 31  XII  7  III  9    I  8   IV   107     33    154   86
23274  2          (1967)  (1989)          (1949)  (1952)       (1949) (1980)
23324  1 15  XII 16   XI 31  XII  7   II  4    I 26  III    55      8    124   36
23324  2          (1969)  (1982)          (1916)  (1942)       (1983) (1958)
23330  1  7  XII  3   XI 30  XII 27   II  4    I 10   IV    83     12    131   72
23330  2          (1903)  (1884)          (1984)  (1952)       (1935) (1902)
23383  1 12   XI 26    X 31  XII 21  III 20   II 25   IV   130     54    160   87
23383  2          (1954)  (1989)          (1983)  (1984)       (1989) (1988)
23405  1 20  XII 29   XI 29   XI 24    I  2    I 28   II    36      7     79   27
23405  2          (1969)  (1913)          (1932)  (2001)       (1951) (1969)
23445  1  7  XII  4   XI 31  XII 24   II  4    I  1   IV    80      6    135   77
23445  2          (1969)  (1983)          (2004)  (1963)       (2004) (1999)
23463  1 23   XI 28    X 31  XII  4  III 13    I  6   IV   102     30    157   75
23463  2          (1999)  (1989)          (1993)  (1979)       (1989) (1999)
23472  1 25   XI 30    X 31  XII  1  III 12    I  4   IV    97     30    137   87
23472  2          (1969)  (1989)          (1993)  (1964)       (1989) (1966)
23552  1 30   XI 29    X 31  XII 27   II  3    I 10   IV    90      7    142   80
23552  2          (1969)  (1945)          (1949)  (1952)       (1983) (1969)
23631  1 11  XII 11   XI 31  XII 13   II  3    I  1   IV    65      7    116   59
23631  2          (1958)  (1963)          (1978)  (1963)       (1983) (1941)
23662  1 28   XI  3   XI 31  XII 23   II 13    I  3   IV    88     30    137   78
23662  2          (1985)  (1974)          (1993)  (1964)       (1989) (1958)
23678  1  1  XII  2   XI 31  XII 17   II  5    I 18  III    79     11    133   84
23678  2          (1953)  (1914)          (1992)  (1941)       (2004) (1966)
23711  1 18  XII 29   XI 31  XII 27    I  3    I 25   II    41      6     80   28
23711  2          (1969)  (1954)          (1932)  (2010)       (1932) (1969)
23724  1 16  XII 23   XI 30  XII  5   II  4    I  5  III    52     13     90   49
23724  2          (1986)  (1984)          (1984)  (2006)       (1988) (1986)
23734  1 13  XII 14   XI 31  XII  9   II  3    I  7  III    59     19     96   54
23734  2          (1958)  (1963)          (1993)  (1960)       (1965) (1960)
23867  1  9  XII  5   XI 31  XII 10   II  4    I 13  III    64     14    112   61
23867  2          (1985)  (1993)          (1992)  (1966)       (1993) (1969)
23884  1  3  XII  2   XI  2   XI 14   II  5    I 17  III    74      9    132   82
23884  2          (1966)  (1989)          (1992)  (1970)       (1937) (1966)
23891  1 20   XI 27    X 29  XII  1  III  1   II 24  III   102     55    144   95
23891  2          (1977)  (2014)          (1992)  (1955)       (1943) (1977)
23914  1 23  XII 10  XII 31  XII 17    I  3    I  8   II    26      8     53   16
23914  2          (1939)  (1906)          (1988)  (1893)       (1915) (1893)
23921  1 19  XII 29   XI 31  XII  2   II  4    I  3  III    46      8     86   33
23921  2          (1969)  (1953)          (1988)  (1966)       (1953) (1969)
23933  1 17  XII 16   XI 16   XI  5   II  6    I  6  III    51      8    104   37
23933  2          (1969)  (1989)          (1993)  (1964)       (1993) (1969)
23955  1 12  XII 12   XI 12   XI 11   II  5    I 23  III    62     14    124   63
23955  2          (1969)  (1965)          (1992)  (1958)       (1993) (1958)
23966  1  7  XII  6   XI  6   XI 10   II  2    I 19  III    66     23    128   70
23966  2          (1985)  (1989)          (1962)  (1969)       (1959) (1969)
23986  1  3  XII  3   XI 28  XII 11   II  9    I 15  III    71     19    122   58
23986  2          (1966)  (1990)          (1952)  (1977)       (1958) (1969)
24125  1  1   XI 19    X 30   XI 27  III 22   II 16   IV   147     83    172   85
24125  2          (1983)  (1968)          (1968)  (1964)       (1968) (1966)
24136  1 30    X 14    X 17   XI 29  III  3  III 15   IV   151    122    169   88
24136  2          (2000)  (2011)          (1990)  (2006)       (2011) (1941)
24143  1 31    X 16    X 18   XI 27  III  5  III 13   IV   148    114    175   86
24143  2          (2001)  (2011)          (1990)  (1951)       (2002) (1951)
24266  1 24    X 11    X 13   XI  4   IV 11  III 25   IV   163    134    184   78
24266  2          (1957)  (1928)          (1990)  (1896)       (1928) (1956)
24329  1 31    X 19    X 17   XI 29  III  2  III 16   IV   150    122    167   77
24329  2          (1977)  (2011)          (1990)  (1964)       (2011) (1956)
24343  1 31    X 20    X 18   XI 26  III  6  III 13   IV   147    116    168   86
24343  2          (1983)  (2011)          (1948)  (1951)       (2011) (1980)
24382  1 25    X 13    X 11   XI  3   IV 16  III 23   IV   161    137    178   83
24382  2          (1988)  (2004)          (1990)  (1956)       (1954) (1956)
24507  1 10   XI 26    X  6  XII 14  III  9   II  8   IV   125     83    151   93
24507  2          (1938)  (1989)          (1934)  (1952)       (1934) (1960)
24606  1  8   XI 27    X  4  XII 16  III 20   II  7   IV   129     96    152   91
24606  2          (1954)  (2014)          (1963)  (1964)       (2005) (2013)
24641  1  6   XI 21    X 30   XI 18  III 20   II 12   IV   133     91    164   88
24641  2          (1980)  (1979)          (1998)  (1922)       (1939) (1941)
24661  1 31    X 16    X 25   XI 21  III  5  III  6   IV   142    113    168   81
24661  2          (1957)  (2006)          (1939)  (1963)       (2006) (1975)
24671  1 27    X 14    X 14   XI 31  III 18  III 20   IV   156    126    174   84
24671  2          (1988)  (2009)          (1989)  (1977)       (2009) (1971)
24688  1 24    X 12    X 18   XI  8   IV 23  III 24   IV   167    134    184   89
24688  2          (1978)  (1996)          (1952)  (1956)       (1996) (1956)
24713  1 12   XI 27    X 10  XII 12  III 14   II  1   IV   121     84    148   68
24713  2          (1973)  (1987)          (1963)  (2001)       (1989) (2001)
24738  1 11   XI 27    X  6  XII 11  III 14   II  9   IV   121     76    163   97
24738  2          (1973)  (1952)          (1963)  (1941)       (1989) (1941)
24790  1 28    X 13    X 21   XI 30  III  4  III 13   IV   154    109    177   95
24790  2          (1988)  (2007)          (2011)  (1963)       (2007) (1963)
24817  1 16   XI 27    X 17  XII  6  III 21    I  1   IV   111     55    152   92
24817  2          (1973)  (1952)          (1993)  (1955)       (1989) (1999)
24908  1 21   XI 27    X 29  XII 28   II 13    I 26  III   100     35    141   90
24908  2          (1936)  (1996)          (1949)  (1958)       (1949) (1936)
24959  1  5   XI 21    X 25   XI 22  III  8  III  7   IV   138    110    163   88
24959  2          (1980)  (1939)          (1983)  (1895)       (2011) (1980)
24966  1  8   XI 24    X 30   XI 19  III  2  III  3   IV   132    109    161   81
24966  2          (1980)  (1908)          (1990)  (1980)       (1928) (1980)
24967  1  7   XI 26    X 28   XI 22  III  6  III 10   IV   136    113    155   82
24967  2          (1985)  (2005)          (1990)  (1960)       (2011) (1997)
25062  1 25   XI 27    X 27  XII  9   IV  5  III  4    V   136     87    164   70
25062  2          (1993)  (2010)          (1960)  (1964)       (2011) (1984)
25138  1  7   XI 20    X  7  XII 31  III 27   II 19   IV   145    105    174   86
25138  2          (1948)  (2013)          (1962)  (2002)       (2011) (1969)
25173  1  1  XII  2   XI 29  XII  3   IV 12   II 26   IV   124     63    174   83
25173  2          (1970)  (1984)          (1989)  (1966)       (2011) (1970)
25206  1  2   XI 21    X 22   XI  4   IV 17  III 24   IV   154    118    180   81
25206  2          (1993)  (1985)          (1959)  (2006)       (2007) (1979)
25248  1  5   XI 18    X  7  XII  6   IV 24   II 30   IV   153     86    187   82
25248  2          (1969)  (2013)          (2007)  (1968)       (2007) (1968)
25282  1  6  XII  7   XI 30  XII 27  III 30    I 24   IV   112     59    168   75
25282  2          (1970)  (1984)          (1982)  (1970)       (2011) (1970)
25325  1  6   XI 17    X  2  XII 31  III  4  III 25   IV   146    102    172   77
25325  2          (1981)  (2007)          (1997)  (2006)       (2011) (1979)
25356  1 25   XI 25    X 29  XII 20  III  6    I 15   IV   116     40    160   88
25356  2          (1970)  (1984)          (1950)  (1949)       (1950) (1976)
25378  1 21  XII  4  XII 30  XII  3   II  5    I 17  III    45     12     83   28
25378  2          (1995)  (1984)          (1992)  (1971)       (2011) (1971)
25399  1 20  XII  5  XII 31  XII 26   II  6    I  6   IV    69     15    116   29
25399  2          (1981)  (1983)          (2000)  (2012)       (2003) (1981)
25400  1  2   XI 20    X 22   XI 30  III 18  III 15   IV   149    125    166   81
25400  2          (1988)  (1985)          (1965)  (1987)       (2008) (1987)
25428  1  5   XI 21    X  6  XII 31  III  4  III 25   IV   147    103    175   80
25428  2          (1959)  (2013)          (1997)  (2006)       (2013) (1950)
25503  1  1   XI 20    X 21   XI 30  III  9  III 15   IV   150    125    167   78
25503  2          (1981)  (1985)          (1960)  (1955)       (2008) (1953)
25538  1 13   XI 17    X 10  XII 19  III  9   II 18   IV   127     65    165   62
25538  2          (1981)  (1967)          (1986)  (1992)       (1986) (1984)
25551  1 26   XI 30    X 30  XII 15  III  5    I 21   IV   110     31    166   66
25551  2          (1917)  (1984)          (1950)  (1916)       (1957) (1949)
25563  1  7  XII  6   XI  6   XI  7  III 10    I 13   IV    91     30    137   54
25563  2          (1970)  (1965)          (1949)  (1944)       (1951) (1929)
25594  1 22  XII  4  XII 30  XII 14    I  3    I 24   II    24     12     58   13
25594  2          (2000)  (1971)          (1971)  (1990)       (1957) (1990)
25705  1  2   XI 21    X 21   XI 29  III  5  III 11   IV   148    123    167   87
25705  2          (1959)  (1985)          (1997)  (1956)       (1985) (1958)
25745  1 30   XI  7   XI 30  XII 28   II  4    I 11   IV    91      8    137   71
25745  2          (1970)  (1984)          (1956)  (1976)       (1956) (1998)
25927  1 21  XII  1  XII 31  XII 13   II  6    I 27  III    55     11    116   43
25927  2          (1942)  (1961)          (1974)  (1942)       (1974) (1942)
28064  1 21  XII 29   XI 31  XII 29    I  4    I 21   II    40      9     81   32
28064  2          (1969)  (1942)          (1959)  (1985)       (1953) (1969)
28138  1 21  XII 30   XI 30   XI 21    I  2    I 18   II    32      7     76   17
28138  2          (1969)  (1953)          (2003)  (1896)       (1953) (1969)
28224  1 23  XII 13  XII 13  XII 14    I  4    I 30    I    23      7     34   15
28224  2          (1939)  (1953)          (1902)  (1972)       (1953) (1891)
28255  1 20  XII 30   XI 30   XI 21    I  4    I 16   II    33      9     79   20
28255  2          (1969)  (1953)          (1985)  (1969)       (1989) (1969)
28275  1 20  XII 26   XI 26   XI 24    I  4    I  3  III    36      6     90   34
28275  2          (1921)  (1913)          (1946)  (1966)       (1999) (1969)
28434  1 20  XII 27   XI 27   XI 20    I  3    I 17   II    32      7     79   16
28434  2          (2002)  (1953)          (2000)  (1969)       (2000) (1969)
28493  1 17  XII 24   XI 24   XI  1   II  4    I  5  III    47      6     94   43
28493  2          (1953)  (1993)          (1946)  (1994)       (1993) (1969)
28552  1 21  XII  1  XII  1  XII 19    I  7    I 22   II    30      8     84   16
28552  2          (1969)  (1953)          (1979)  (1969)       (1989) (1969)
28573  1 18  XII 24   XI 30  XII 28    I  5    I  4  III    42      7     94   35
28573  2          (1953)  (1940)          (1985)  (1969)       (1993) (1969)
28666  1 22  XII  8  XII  8  XII 26    I  5    I  3  III    36      8     70   24
28666  2          (1985)  (1973)          (1941)  (1954)       (1941) (1947)
28698  1 18  XII 24   XI 24   XI 30    I  4    I  8  III    44      6     93   31
28698  2          (1953)  (1973)          (1992)  (1933)       (1993) (1969)
28748  1 26  XII 18  XII 18  XII 23    I  4    I  3  III    29      8     68   16
28748  2          (2013)  (1973)          (2013)  (1954)       (1989) (1954)
29111  1 13  XII 21   XI 21   XI  3   II  4    I 13  III    53      8     99   47
29111  2          (1969)  (1965)          (1949)  (1933)       (1993) (1969)
29231  1 13  XII 18   XI 18   XI  2   II  4    I  9  III    52      7    105   53
29231  2          (1969)  (1965)          (1942)  (1951)       (1993) (1969)
29263  1 11  XII 14   XI 14   XI  7   II  2    I 11  III    59     14    103   67
29263  2          (2001)  (1981)          (1944)  (1892)       (1944) (1924)
29282  1  9  XII  8   XI 31  XII 14   II  3    I 15  III    68     23    107   76
29282  2          (1948)  (1937)          (1962)  (1970)       (1991) (1971)
29313  1 12  XII 18   XI 18   XI  2   II  5    I 18  III    53      7    103   45
29313  2          (1969)  (1993)          (1955)  (1933)       (1993) (1969)
29328  1 14  XII 24   XI 24   XI  1   II  2    I  9  III    50      7     99   42
29328  2          (1953)  (1993)          (2005)  (1951)       (1993) (1969)
29379  1  9  XII 14   XI 31  XII  6   II 19    I  7  III    60     25     92   48
29379  2          (2001)  (1994)          (1991)  (2010)       (1994) (2001)
29570  1 17  XII 28   XI 28   XI 25    I  3    I 28   II    40     11     90   25
29570  2          (1938)  (1929)          (1942)  (2010)       (1991) (1969)
29594  1 15  XII 23   XI 23   XI 27    I  3    I  9  III    44     12     96   51
29594  2          (1945)  (1929)          (2003)  (1951)       (2003) (1945)
29612  1 16  XII 22   XI 22   XI 29    I  4    I 11  III    45      7    103   37
29612  2          (1945)  (1993)          (1992)  (1933)       (1993) (1945)
29645  1 18  XII 27   XI 27   XI 27    I  3    I 10  III    41      7     85   30
29645  2          (1967)  (2001)          (1997)  (1971)       (1997) (1969)
29789  1 18  XII 21   XI 31  XII 27    I  3    I  2  III    41      6     96   47
29789  2          (1955)  (1990)          (1997)  (1969)       (1997) (1945)
29866  1 17  XII 23   XI 30  XII  2   II  4    I 17  III    48      7    101   45
29866  2          (1945)  (1916)          (1997)  (1916)       (1997) (1929)
29939  1 21  XII 25   XI 25   XI  3   II  8    I 11  III    45      9    101   25
29939  2          (1945)  (1957)          (1955)  (1971)       (2000) (1945)
30054  1 24   XI  4   XI 19  XII 27   II  7    I 27  III    96     38    135   95
30054  2          (1966)  (1952)          (1992)  (1941)       (1992) (1937)
30089  1 14   XI 31    X 13  XII 10  III 31    I  2   IV   117     70    144   84
30089  2          (1975)  (2008)          (1989)  (1955)       (1989) (1955)
30230  1 29   XI  4   XI  4   XI 20   II  2    I 29  III    84     20    125   81
30230  2          (1966)  (1937)          (1905)  (1971)       (2007) (2010)
30252  1 24   XI 30    X 20  XII 26   II 12    I 20  III    95     42    123   98
30252  2          (1975)  (1991)          (1992)  (1977)       (1992) (2010)
30309  1 12  XII 11   XI 11   XI  7   II  2    I 13  III    58     13    101   66
30309  2          (1948)  (1937)          (1989)  (1909)       (1989) (1957)
30372  1 14   XI 30    X  8  XII 12  III 18   II  6   IV   119     79    152   94
30372  2          (1953)  (1959)          (2002)  (1966)       (2002) (1966)
30385  1 15   XI  1   XI  7  XII  4  III 18   II 21  III   110     79    130   94
30385  2          (1997)  (2008)          (2002)  (1941)       (2008) (1997)
30393  1 12   XI 28    X  5  XII 10  III  1   II  3   IV   119     59    150   92
30393  2          (1973)  (1989)          (1989)  (1955)       (1989) (1955)
30433  1 19  XII 28   XI 30  XII 19   II  8    I 17  III    63     10    103   57
30433  2          (1967)  (1940)          (1935)  (1936)       (1935) (1936)
30521  1 30   XI  5   XI 29  XII 24   II 26    I 16  III    87     44    128   90
30521  2          (1953)  (1954)          (1993)  (1945)       (2008) (1953)
30554  1 20   XI 31    X 21  XII  1  III 25    I 23  III   102     51    131   87
30554  2          (1982)  (1991)          (1989)  (1937)       (1989) (1937)
30612  1 12  XII 11   XI 31  XII 21   II 13    I 19  III    72     23    114   78
30612  2          (1948)  (1994)          (1989)  (1947)       (1994) (1945)
30636  1  7  XII  8   XI  8   XI 22   II 28    I 20  III    78     35    112   79
30636  2          (1975)  (1909)          (1918)  (1936)       (1960) (1975)
30650  1 29   XI  7   XI 30  XII 25   II 30    I 25  III    89     53    131   84
30650  2          (1953)  (1940)          (1998)  (1956)       (1983) (1937)
30673  1 19   XI 30    X  9  XII  1  III 23    I 25  III   103     64    137   81
30673  2          (1973)  (1935)          (1963)  (1955)       (1935) (1955)
30710  1 17  XII 23   XI 30  XII 31    I  3    I  6  III    46     11     96   54
30710  2          (1945)  (1892)          (2003)  (1971)       (2003) (1945)
30758  1  6  XII  8   XI 31  XII 18   II 16    I 18  III    75     25    125   86
30758  2          (1975)  (1983)          (1987)  (1937)       (1994) (1937)
30777  1 24   XI  7   XI 21  XII 26   II 28    I 20  III    95     54    127   96
30777  2          (1953)  (1952)          (1958)  (1937)       (1959) (1937)
30844  1  9  XII 12   XI 30  XII 17   II 15    I 13  III    71     19    117   84
30844  2          (1985)  (1954)          (1961)  (1970)       (1994) (1985)
30879  1 28   XI 10   XI 21  XII 26   II  1   II 24  III    91     50    131   93
30879  2          (1980)  (1952)          (1993)  (1892)       (1935) (1892)
30925  1 18  XII 26   XI 26   XI  2   II  3    I 28   II    47     11     82   48
30925  2          (1911)  (1973)          (1971)  (1957)       (1975) (1957)
30935  1 11  XII 12   XI 30  XII 17   II 23    I 15  III    69     24    102   71
30935  2          (1948)  (1994)          (1994)  (1947)       (1994) (1948)
30949  1 15  XII 12   XI 12   XI  3   II  5    I 12  III    51      9     98   63
30949  2          (1953)  (2009)          (1975)  (1957)       (2009) (1957)
30965  1  1  XII 10   XI 23  XII 26   II  3    I 24  III    88     24    124   83
30965  2          (1980)  (1963)          (1905)  (1937)       (1905) (1936)
31004  1 23   XI  4   XI 26  XII  2  III 21    I  2   IV   100     37    144   97
31004  2          (1966)  (1996)          (2008)  (1955)       (2008) (1955)
31088  1 12  XII 15   XI 30  XII  8   II  7    I 19  III    59     13    110   54
31088  2          (1953)  (1928)          (1956)  (1942)       (1956) (1942)
31137  1  6   XI 27    X 18   XI 21  III  4  III  4   IV   136    112    156   89
31137  2          (1976)  (2013)          (1998)  (1999)       (1998) (1976)
31168  1 20  XII 29   XI 30  XII 24    I  2    I  7  III    36     14     93   37
31168  2          (1966)  (1944)          (1974)  (1946)       (1945) (1946)
31174  1 20  XII 29   XI 29   XI  4   II  3    I  7  III    47      6     98   51
31174  2          (1966)  (1929)          (1949)  (1942)       (1973) (1966)
31253  1 18   XI  3   XI  6  XII 27   II 31    I 19  III   102     64    127   78
31253  2          (1997)  (1956)          (2000)  (1952)       (1989) (1997)
31329  1 20   XI  5   XI 12  XII  3  III 12   II 20  III   104     73    127   90
31329  2          (1977)  (1926)          (1968)  (1952)       (1990) (1977)
31369  1 16  XII 24   XI 31  XII 10   II  4    I  7  III    57     20     98   71
31369  2          (1999)  (1902)          (1918)  (1897)       (1962) (1942)
31416  1  3  XII 13   XI 30  XII 20   II 20    I 16  III    80     39    114   92
31416  2          (1945)  (1962)          (1997)  (1946)       (1962) (1970)
31439  1 10  XII 24   XI 31  XII 12   II  9    I 14  III    65     20    105   72
31439  2          (1999)  (1962)          (1974)  (1970)       (1962) (1970)
31478  1 18   XI  5   XI 10  XII  6  III 14   II 23  III   109     77    136   94
31478  2          (1977)  (1991)          (1982)  (1981)       (1995) (1981)
31707  1 18  XII 30   XI 31  XII 26    I  3    I 22   II    40     11     81   53
31707  2          (1966)  (1998)          (1975)  (1953)       (1954) (1966)
31770  1 25  XII 14  XII 30  XII 20    I  3    I 26   II    27     10     61   12
31770  2          (1929)  (1916)          (1988)  (1931)       (1947) (1931)
31961  1 22  XII 27   XI 27   XI 25    I  4    I 26   II    35     10     65   31
31961  2          (1948)  (1965)          (1999)  (1924)       (1964) (1948)
32027  1 22  XII  1  XII  1  XII  5   II  4    I  7  III    46      7     91   49
32027  2          (1966)  (2005)          (1984)  (1942)       (1973) (1942)
32061  1 26  XII 20  XII 31  XII 22    I  3    I 26   II    28     12     62   14
32061  2          (1950)  (1885)          (1884)  (1931)       (1916) (1931)
32076  1 26  XII 17  XII 31  XII 19    I  8    I  5   II    25     10     40   16
32076  2          (1939)  (1946)          (1971)  (1972)       (1946) (1972)
32098  1 25  XII 15  XII 30  XII 20    I  2    I 23   II    27     10     64   12
32098  2          (1960)  (1916)          (2006)  (1931)       (1968) (1931)
32252  1 26  XII 17  XII 31  XII 30    I  4    I 12  III    36     12     83   20
32252  2          (1942)  (1955)          (1942)  (1988)       (1966) (1988)
32389  1 22  XII  8  XII 31  XII 19    I  3    I  9   II    29      6     51   20
32389  2          (1966)  (1985)          (1945)  (1995)       (1974) (1982)
36038  1 23  XII  9  XII 31  XII 25    I  4    I  2  III    34     12     71   10
36038  2          (1947)  (1957)          (1947)  (1969)       (1957) (1931)
36096  1 29   XI  5   XI 20  XII  3  III 31    I 25  III    95     53    123   93
36096  2          (1960)  (1952)          (1993)  (1945)       (1993) (1962)
36229  1 14  XII 13   XI 31  XII  1   II  5    I 12  III    50     14    102   57
36229  2          (1994)  (1978)          (1992)  (1954)       (1992) (1951)
36259  1 27   XI  4   XI 21  XII  1  III 29    I 24  III    95     50    134   88
36259  2          (2004)  (1941)          (1987)  (1936)       (1979) (1936)
36307  1 29   XI  5   XI 17  XII 12  III 15   II 31  III   104     68    137   76
36307  2          (1960)  (1989)          (1998)  (1956)       (2007) (1960)
31152  1 11   XI 23    X  1  XII 13  III 23   II 27  III   123    100    146   80
31152  2          (1980)  (1979)          (1968)  (1955)       (1972) (1980)
