20069  1  2    X  4   IX  1   XI  1   VI 15    V 17   VI   243    196    274   80
20069  2          (1958)  (2012)          (1947)  (1992)       (2010) (1964)
20087  1 30   IX  3   IX 25    X  1   VI 17    V 17   VI   245    213    273   64
20087  2          (1958)  (1986)          (1954)  (1992)       (2010) (1958)
20292  1  1    X  5   IX 23    X 31    V 11    V 16   VI   243    208    275   61
20292  2          (1958)  (1948)          (2010)  (1962)       (2010) (1958)
20476  1  7    X 22   IX 23    X 30    V 17    V  7   VI   236    212    257   72
20476  2          (1982)  (1986)          (2010)  (1984)       (2010) (1982)
20667  1 21    X  3    X 13   XI 24    V  8    V  5   VI   216    183    237   62
20667  2          (1993)  (1945)          (1989)  (1964)       (1945) (1999)
20674  1 13    X 24   IX 13   XI 25    V 12    V  9   VI   225    196    255   90
20674  2          (1982)  (1949)          (1989)  (1968)       (1949) (1982)
20744  1 15   XI 10    X 29  XII  6    V 20  III 27    V   173    102    220   71
20744  2          (1978)  (1954)          (1995)  (1965)       (1937) (1978)
20891  1  5    X 23   IX 23    X 20    V 17   IV 14   VI   228    201    259   85
20891  2          (1993)  (1968)          (1997)  (1962)       (1947) (1962)
20982  1  8    X 23   IX 29    X 19    V 12   IV  4   VI   224    174    250   82
20982  2          (1993)  (1952)          (1997)  (1961)       (1997) (1961)
21432  1  4    X 15   IX 19    X 28    V 10    V 14   VI   237    213    267   81
21432  2          (1949)  (1948)          (1990)  (1962)       (1953) (1949)
21802  1  3    X 22   IX 24    X 22    V  8    V  6   VI   232    205    252   77
21802  2          (1975)  (1948)          (2010)  (1979)       (2010) (1961)
21908  1  5    X 22   IX 24    X 11    V 15   IV 31    V   219    188    249   75
21908  2          (2003)  (1948)          (2014)  (1999)       (1943) (1999)
21921  1  6    X 22   IX 23    X 13    V 21   IV  6   VI   220    197    253   76
21921  2          (1913)  (1948)          (2013)  (1979)       (1972) (1913)
21931  1  6    X 25   IX 24    X 16    V 30   IV  7   VI   223    202    242   80
21931  2          (1947)  (1948)          (1990)  (1979)       (1948) (1985)
21946  1  4    X 14   IX 13    X 19    V  6    V  1   VI   228    208    253   85
21946  2          (1963)  (1982)          (1949)  (1996)       (2001) (1963)
21982  1 13    X 15   IX  8  XII 21    V 28   IV  7   VI   221    178    257   88
21982  2          (1976)  (2008)          (1954)  (1962)       (2008) (1976)
22113  1 26   XI 14    X 30  XII 18  III 20    I  5    V   113     60    176   90
22113  2          (1993)  (1944)          (1992)  (1966)       (1938) (1966)
22165  1 10  XII 15   XI 30  XII  9   IV  8    I 13    V   121     21    174   72
22165  2          (1969)  (1952)          (1996)  (1923)       (1996) (1966)
22217  1 25   XI 13    X 30  XII 23  III 28    I 25   IV   119     60    168   90
22217  2          (1993)  (2008)          (1938)  (1966)       (1938) (1969)
22235  1 18   XI 13    X 30  XII  5   IV  9   II 11    V   139     72    189   89
22235  2          (1946)  (2008)          (2014)  (1958)       (2014) (1981)
22471  1 16   XI 24    X 18  XII 27  III 25    I  9    V   132     65    177   88
22471  2          (1969)  (1978)          (1990)  (1978)       (1990) (1998)
22520  1  3  XII  4   XI  4   XI 17  III 20    I 24   IV   105     26    152   83
22520  2          (1922)  (1945)          (1992)  (1929)       (1992) (1966)
22550  1 22   XI 17    X 30  XII 23  III 25    I 25   IV   122     63    179   92
22550  2          (1903)  (1954)          (1990)  (1899)       (1954) (1892)
22619  1  2  XII  8   XI 31  XII 14  III  9    I 18   IV   103     52    142   86
22619  2          (1994)  (1983)          (1989)  (1998)       (1989) (1998)
22641  1 27   XI 24    X 31  XII 17  III 22    I 18   IV   111     62    162   87
22641  2          (1969)  (1983)          (1989)  (1966)       (2007) (1969)
22676  1 20   XI 25    X 31  XII 20  III 26    I 19   IV   121     66    166   95
22676  2          (1969)  (1983)          (1990)  (1998)       (1990) (1969)
22768  1 21   XI 17    X 31  XII 17  III 22    I 20   IV   117     63    161   80
22768  2          (1892)  (1975)          (1989)  (1929)       (1975) (1928)
22802  1  8  XII  9   XI 31  XII 10  III 24    I  9   IV    93     32    135   76
22802  2          (1999)  (1983)          (1990)  (1955)       (2000) (1956)
22820  1  4  XII  9   XI 31  XII 11  III  8    I 10   IV    98     41    137   77
22820  2          (1994)  (1983)          (1989)  (1957)       (1993) (1966)
22837  1 30   XI  3   XI 31  XII 13  III 12    I 17   IV   104     44    154   78
22837  2          (1883)  (1983)          (1989)  (1980)       (1995) (1957)
23022  1 30    X  6    X 24  XII  8    V 24  III  1   VI   191    133    232   95
23022  2          (1993)  (1937)          (1995)  (1986)       (1997) (1985)
23032  1 25    X  6    X  8  XII 16    V  2   IV  5   VI   204    138    239   78
23032  2          (1993)  (1997)          (1995)  (1983)       (1997) (1967)
23058  1 16    X 28   IX  8   XI 20    V 13   IV  1   VI   217    156    240   55
23058  2          (1999)  (2011)          (2011)  (1962)       (2011) (1962)
23074  1 13    X 27   IX  2   XI 17    V 11   IV  3   VI   217    173    250   78
23074  2          (1913)  (1979)          (1997)  (1913)       (1997) (1913)
23205  1  7   XI  9    X 24  XII 20   IV 11  III 23    V   165     90    216   90
23205  2          (1993)  (1937)          (2007)  (1969)       (1937) (1999)
23242  1 21    X  4    X  8   XI 12    V  6   IV  2   VI   204    156    238   85
23242  2          (1983)  (2006)          (1943)  (1968)       (2011) (1983)
23256  1 19    X  3    X  9   XI 11    V 24  III 29    V   205    149    237   84
23256  2          (1983)  (2011)          (1995)  (1974)       (1995) (1983)
23274  1 16    X 27   IX 10   XI 30   IV 25  III 23    V   197    150    231   90
23274  2          (1982)  (2011)          (1995)  (1992)       (1995) (1963)
23324  1 31    X  7    X  9  XII 21   IV 15  III 22    V   173    124    220   71
23324  2          (1993)  (1997)          (1967)  (1978)       (1997) (1978)
23330  1 23    X  1    X 21   XI 29   IV 23  III 29    V   189    148    232   83
23330  2          (1903)  (2006)          (1995)  (1890)       (1995) (1890)
23383  1 13    X 22   IX  2   XI  2    V  6   IV 19    V   202    182    223   80
23383  2          (1999)  (1979)          (2007)  (2002)       (1948) (1980)
23405  1  7   XI 10    X 25  XII  5   IV 24   II 11    V   150    102    195   91
23405  2          (1993)  (1937)          (1974)  (1923)       (1937) (1923)
23445  1 21    X  4    X  9   XI 26   IV 21  III 25    V   188    146    223   91
23445  2          (1983)  (2011)          (1995)  (1989)       (1995) (1983)
23463  1 16    X 23   IX  9   XI 27   IV 20  III 21    V   194    153    228   84
23463  2          (1999)  (2011)          (1961)  (1969)       (2011) (1983)
23472  1 18    X 28   IX 10   XI 23   IV 24  III 16    V   188    150    213   98
23472  2          (1982)  (2011)          (1961)  (1984)       (1995) (1975)
23552  1 21    X  4    X  7   XI 25   IV 21  III 22    V   187    153    227   87
23552  2          (1983)  (2003)          (1961)  (1972)       (1951) (1983)
23631  1 28    X  8    X 23   XI 12   IV 10  III 19    V   167    121    212   96
23631  2          (1977)  (1968)          (1967)  (1969)       (2011) (1969)
23662  1 22    X  5    X  9   XI 20   IV 20  III 13    V   181    145    210   88
23662  2          (1962)  (2011)          (1995)  (1970)       (1995) (1958)
23678  1 23    X 28   IX 11   XI 14   IV 14  III 10    V   174    131    210   92
23678  2          (1982)  (1979)          (1961)  (1969)       (2011) (1983)
23711  1  7   XI 10    X 15  XII 30  III  3  III  2    V   144     87    181   88
23711  2          (1903)  (2009)          (2014)  (1952)       (1997) (1895)
23724  1  3   XI 10    X 10  XII 29  III  4  III 23   IV   147     94    175   89
23724  2          (1977)  (1997)          (2014)  (1984)       (2014) (1969)
23734  1  1   XI 12    X  2  XII  4   IV  7  III  2    V   155    105    195   90
23734  2          (1967)  (2006)          (1988)  (1952)       (2014) (1943)
23867  1 28    X  6    X 17   XI  7   IV 13  III  3    V   162    121    193   85
23867  2          (1983)  (2011)          (1968)  (1952)       (2011) (1965)
23884  1 26    X  8    X 15   XI  5   IV  8  III  2    V   162    131    200   92
23884  2          (1983)  (1979)          (1990)  (1969)       (2011) (1983)
23891  1 20    X 29   IX 10   XI 11   IV  2  III  4    V   174    129    208   91
23891  2          (1982)  (2011)          (1990)  (1964)       (1990) (1999)
23914  1  9   XI 14    X 15  XII 24  III 19   II 17   IV   136     80    183   85
23914  2          (1892)  (2009)          (1995)  (1993)       (1997) (1892)
23921  1  6   XI 20    X 12  XII 24  III 24   II  1    V   139     80    177   94
23921  2          (1966)  (1997)          (1990)  (1952)       (1997) (1952)
23933  1  2   XI  9    X  2  XII 31  III  3  III  1    V   150     97    177   72
23933  2          (1977)  (2006)          (1988)  (1992)       (2014) (1913)
23955  1 31    X 11    X  2  XII  4   IV  6  III  3    V   156     98    189   97
23955  2          (1962)  (2014)          (1989)  (1952)       (2014) (1965)
23966  1 28    X 11    X 17   XI  6   IV 11  III  3    V   161    123    190   88
23966  2          (1962)  (2011)          (1968)  (1998)       (2007) (1965)
23986  1 23    X 29   IX 10   XI 11   IV  2  III  4    V   171    130    193   91
23986  2          (1982)  (2011)          (1990)  (1969)       (1990) (1983)
24125  1  6    X 21   IX 26    X  5    V  4   IV 27    V   212    178    238   89
24125  2          (1999)  (1968)          (2014)  (1979)       (2014) (1979)
24136  1  7    X 23   IX 24    X  4    V  8   IV 23    V   210    180    236   90
24136  2          (1999)  (1948)          (2014)  (1963)       (1943) (1956)
24143  1  7    X 23   IX 23    X  3    V  8   IV 24    V   209    177    239   78
24143  2          (2003)  (1948)          (2014)  (1963)       (2014) (1963)
24266  1  5    X 22   IX 16    X  1    V  9   IV 24    V   209    190    237   75
24266  2          (1947)  (1911)          (2014)  (1916)       (1929) (1956)
24329  1  7    X 22   IX 24    X  1    V 10   IV 20    V   207    180    239   80
24329  2          (1999)  (1995)          (1943)  (1956)       (1943) (1956)
24343  1  9    X 28   IX 23    X 29   IV  7   IV 16    V   203    183    228   89
24343  2          (1956)  (1948)          (2007)  (1955)       (2007) (1955)
24382  1  5    X 20   IX 18    X 30   IV 15   IV 15    V   208    188    227   77
24382  2          (1963)  (1938)          (2011)  (1950)       (2011) (1985)
24507  1 16    X 29   IX  8   XI 20   IV 23  III 12    V   187    152    218   92
24507  2          (1982)  (2008)          (1961)  (1970)       (1968) (1970)
24606  1 14    X 28   IX 29    X 22   IV 24  III 10    V   191    149    214   91
24606  2          (1955)  (1993)          (1968)  (1959)       (1968) (1983)
24641  1 13    X 30   IX 29    X 21   IV  1   IV  8    V   191    156    216   89
24641  2          (1955)  (1993)          (2011)  (1910)       (1968) (1916)
24661  1  8    X 27   IX 18    X 22   IV  6   IV 13    V   197    174    222   74
24661  2          (1963)  (1948)          (2007)  (1958)       (2002) (1958)
24671  1  6    X 25   IX 19    X 26   IV 14   IV  8    V   203    187    219   80
24671  2          (1985)  (1991)          (2000)  (1981)       (1972) (1978)
24688  1  2    X 14   IX 11    X  2    V 14   IV 18    V   213    196    232   81
24688  2          (2002)  (1944)          (2000)  (1947)       (1986) (1985)
24713  1 16    X  1    X  3   XI 17   IV 13  III  5    V   184    149    213   63
24713  2          (1982)  (1964)          (1990)  (1963)       (1968) (1963)
24738  1 17    X 30   IX  3   XI 15   IV 13  III  2    V   181    149    207   97
24738  2          (1941)  (1964)          (1990)  (1977)       (1968) (1983)
24790  1  4    X 20   IX 16    X  2    V 17   IV 18    V   211    193    239   73
24790  2          (1963)  (1975)          (1962)  (1964)       (1981) (1963)
24817  1 18    X  1    X  9   XI 14   IV  9  III  3    V   179    136    210   94
24817  2          (1983)  (2008)          (1990)  (1956)       (1990) (1983)
24908  1 22    X  3    X 11   XI 11   IV  9  III 30   IV   172    130    196   93
24908  2          (1971)  (2011)          (1990)  (1955)       (2014) (1984)
24959  1 13    X  1    X 25    X 19   IV 31  III  9    V   189    163    213   77
24959  2          (1906)  (1948)          (1945)  (1896)       (1945) (1896)
24966  1 15    X 30   IX 30    X 17   IV 29  III  1    V   185    160    204   74
24966  2          (1985)  (1898)          (1945)  (1932)       (1945) (1958)
24967  1 13    X 29   IX 26    X 18   IV  6   IV  1    V   188    164    210   77
24967  2          (1956)  (1996)          (1945)  (1959)       (1968) (1961)
25062  1 11    X 20   IX  4   XI 20    V  5    V  4   VI   222    197    257   55
25062  2          (1963)  (1975)          (1961)  (1963)       (2011) (1963)
25138  1  7    X 20   IX 22    X  4    V  8   IV 22    V   210    175    242   84
25138  2          (1963)  (1975)          (1940)  (1938)       (1940) (1963)
25173  1 12    X 23   IX  5   XI 20    V 25   IV  1   VI   221    192    250   82
25173  2          (1964)  (1975)          (1967)  (1988)       (1954) (1988)
25206  1  8    X 28   IX 19    X  6    V 15   IV 21    V   211    191    228   80
25206  2          (1956)  (1948)          (1962)  (1947)       (1948) (1952)
25248  1  2    X 13   IX 12    X 12    V 29   IV 25    V   223    205    251   70
25248  2          (1963)  (1960)          (2003)  (1960)       (2003) (1963)
25282  1 24    X  5    X  9   XI 17    V  1    V 30    V   206    173    231   77
25282  2          (1995)  (2004)          (2009)  (1984)       (2004) (1983)
25325  1  7    X 25   IX 18    X  4    V 18   IV 18    V   210    191    228   73
25325  2          (1994)  (1948)          (1945)  (1950)       (1945) (1963)
25356  1  9    X 26   IX  7   XI  8    V 24   IV 25    V   212    190    238   88
25356  2          (1966)  (1985)          (2003)  (1955)       (2003) (1966)
25378  1 25    X  5    X 25   XI  4    V 17   IV 17    V   192    152    219   70
25378  2          (1995)  (1997)          (1988)  (1958)       (1997) (1956)
25399  1  9   XI 18    X 12  XII  8    V 17   IV 27    V   181    144    207   63
25399  2          (1984)  (2008)          (1988)  (2001)       (2008) (1982)
25400  1  8    X 23   IX 18    X  2    V 14   IV 17    V   207    179    228   71
25400  2          (1963)  (1948)          (1962)  (1998)       (2013) (1985)
25428  1  7    X 25   IX  2   XI  3    V 15   IV 21    V   209    186    230   72
25428  2          (1959)  (2004)          (2012)  (1958)       (2004) (1963)
25503  1  9    X 29   IX 20    X 30   IV 15   IV 13    V   204    185    221   66
25503  2          (1963)  (2004)          (1962)  (1952)       (1962) (1952)
25538  1  8    X 30   IX 22    X  5    V 21   IV 17    V   210    194    221   60
25538  2          (2000)  (1975)          (1986)  (1982)       (1986) (1998)
25551  1 13    X 26   IX  7   XI  6    V 18   IV 23    V   206    175    231   68
25551  2          (1966)  (1985)          (1945)  (1916)       (2013) (1916)
25563  1 19    X  3    X  9   XI  7    V 11   IV 22    V   201    168    222   74
25563  2          (1956)  (2004)          (1940)  (1929)       (2004) (1973)
25594  1 13   XI 11    X 15  XII 27   IV 25  III 16    V   166    129    191   81
25594  2          (1956)  (1938)          (1954)  (1971)       (1967) (1964)
25677  1  1   XI 13    X  5  XII  3    V 19   IV 16    V   184    138    200   65
25677  2          (1967)  (1986)          (1962)  (1971)       (1986) (1965)
25705  1  9    X 21   IX 27    X 28   IV  9   IV 12    V   202    182    218   73
25705  2          (1963)  (2004)          (1990)  (1960)       (2013) (1963)
25745  1 17    X 29   IX 10   XI 30   IV 11   IV 14    V   196    162    214   86
25745  2          (1966)  (2013)          (1954)  (1958)       (2013) (1966)
25927  1  3   XI 19    X  9  XII 25   IV  9   IV  9    V   174    131    199   78
25927  2          (1951)  (1943)          (1990)  (1985)       (1943) (1950)
25932  1 11   XI 20    X 24  XII 18   IV 28   II  8    V   159     94    188   74
25932  2          (2005)  (2011)          (1997)  (1985)       (1997) (1968)
25954  1  6   XI 18    X 19  XII 18   IV  9  III  9    V   164    112    193   85
25954  2          (1939)  (2011)          (1997)  (1974)       (1997) (1980)
25956  1  7   XI 14    X 10  XII 18   IV  5  III  8    V   163    100    199   70
25956  2          (1956)  (1996)          (1997)  (1985)       (1997) (1955)
26063  1 11  XII  9   XI  9   XI 26   II  5    I  7   IV    78      9    133   68
26063  2          (1922)  (1969)          (1934)  (1919)       (1957) (1922)
26157  1  7  XII  9   XI 28  XII 24   II  8    I 24  III    80     39    116   33
26157  2          (1999)  (1986)          (2002)  (2013)       (2002) (1994)
26275  1 11  XII  9   XI  9   XI 27   II  6    I  6   IV    79      6    119   68
26275  2          (1994)  (1953)          (1993)  (1963)       (1993) (1956)
26359  1 10  XII 10   XI 10   XI 15   II  6    I 24  III    68      6    108   55
26359  2          (1994)  (1993)          (1993)  (1980)       (1993) (1979)
26781  1 10  XII  9   XI 31  XII 26   II  8    I  3   IV    79     15    124   73
26781  2          (1994)  (1990)          (2002)  (1963)       (1990) (1958)
26997  1 10  XII 10   XI 31  XII 22   II 13    I  1   IV    75     24    117   54
26997  2          (1994)  (1969)          (1997)  (1963)       (1997) (1986)
27037  1 26   XI 30    X 31  XII 14  III  5    I  8   IV   109     53    156   91
27037  2          (1957)  (1983)          (1989)  (1955)       (2009) (1957)
27051  1 23   XI 20    X 31  XII 16  III 20    I 17   IV   114     58    161   89
27051  2          (1913)  (1975)          (1989)  (1929)       (1975) (1913)
27333  1 30   XI  5   XI 31  XII  8  III  5    I  8   IV    99     41    147   90
27333  2          (1943)  (1983)          (1989)  (1955)       (2002) (1942)
27459  1 29   XI  1   XI 29  XII 10  III 13    I  3   IV   102     40    147   86
27459  2          (1909)  (1984)          (1989)  (1923)       (2008) (1908)
27595  1 24   XI 26    X 25  XII 17  III 17    I 10   IV   114     50    152   92
27595  2          (1921)  (2007)          (2002)  (1896)       (2002) (1952)
27612  1  6  XII  9   XI 29  XII 24   II  6    I  7   IV    81     15    129   75
27612  2          (1994)  (1950)          (1993)  (1963)       (1993) (1969)
27648  1  3  XII  1   XI 31  XII  9  III  6    I  8   IV    97     33    148   88
27648  2          (1908)  (1913)          (1989)  (1963)       (1944) (1908)
27675  1 28   XI 26    X 31  XII 14  III 22    I  5   IV   107     41    148   86
27675  2          (1921)  (1913)          (2002)  (1955)       (1914) (1908)
27707  1  4  XII  9   XI 28  XII 24   II 15    I 27  III    83     31    121   61
27707  2          (1994)  (1973)          (2009)  (1980)       (2009) (1985)
27823  1  4  XII  6   XI 29  XII  8  III  9    I 11   IV    95     40    139   89
27823  2          (1943)  (1950)          (1989)  (1941)       (1973) (1957)
27857  1  2  XII 27    X 31  XII 11  III  6    I 12   IV   100     33    151   88
27857  2          (1921)  (1913)          (1989)  (1928)       (1944) (1908)
27995  1 28   XI 27    X 26  XII 16  III 10    I 12   IV   109     43    158   94
27995  2          (1921)  (1982)          (2002)  (1928)       (2002) (1908)
28009  1 17   XI 22    X 20  XII 18  III 11   II 17   IV   122     71    167   89
28009  2          (1994)  (2007)          (2002)  (1993)       (2014) (1969)
28064  1  8   XI 10    X 12  XII 25  III 25   II 19   IV   138     83    167   97
28064  2          (1977)  (1997)          (2014)  (2006)       (1997) (1969)
28138  1  3   XI  9    X 14  XII 27  III  5  III 20   IV   145     96    184   84
28138  2          (1977)  (2009)          (1988)  (1979)       (2014) (1892)
28224  1 15   XI 14    X 22  XII 19  III  7   II 24   IV   125     73    165   92
28224  2          (1892)  (2006)          (1990)  (1888)       (1990) (1888)
28255  1 11   XI 22    X 15  XII 21  III  6   II 11   IV   131     81    165   91
28255  2          (1976)  (2009)          (2002)  (1959)       (1997) (1941)
28275  1  8   XI 10    X 15  XII 27  III 26   II 17   IV   140     88    174   89
28275  2          (1892)  (2009)          (2008)  (1984)       (2009) (1913)
28418  1 20   XI 29    X 22  XII 18  III 17    I  9   IV   119     50    153   96
28418  2          (1954)  (2006)          (2002)  (1969)       (2002) (1954)
28434  1 15   XI 14    X 19  XII 21  III  6   II 19   IV   127     79    153   95
28434  2          (1977)  (1982)          (2002)  (1979)       (2002) (1954)
28493  1  8   XI 17    X  6  XII 29  III  3  III 22   IV   142     93    179   92
28493  2          (1977)  (2014)          (1997)  (1970)       (2014) (1970)
28552  1 16   XI 28    X 15  XII 21  III  6   II 10   IV   126     81    157   91
28552  2          (1980)  (2009)          (2002)  (1979)       (2002) (1980)
28573  1 12   XI 25    X 15  XII 27  III  6   II 22   IV   136     78    179   95
28573  2          (1970)  (2009)          (2002)  (1970)       (2002) (1970)
28666  1 13   XI 26    X 15  XII 26  III  6   II 14   IV   134     79    163   91
28666  2          (1944)  (2009)          (2002)  (1964)       (2002) (1954)
28698  1 12   XI 15    X  8  XII 27  III  7   II 28   IV   136     76    166   95
28698  2          (1977)  (2014)          (2002)  (1996)       (2002) (1936)
28704  1 26   XI 31    X 31  XII 18  III 17    I  8   IV   113     51    152   91
28704  2          (1976)  (1974)          (2002)  (1952)       (2002) (1952)
28722  1 20   XI 14    X 25  XII 20  III  6   II 15   IV   121     70    151   91
28722  2          (1977)  (1983)          (2002)  (1923)       (2002) (1980)
28748  1 15   XI 26    X 15  XII 23  III  6   II 11   IV   129     79    161   92
28748  2          (1944)  (2009)          (2002)  (1979)       (2002) (1941)
29111  1  2   XI 13    X 10  XII 31  III  3  III 29   IV   150     90    172   85
29111  2          (1962)  (2014)          (1997)  (2006)       (2014) (1992)
29231  1  3   XI 13    X  9  XII 31  III  2  III 24   IV   149    117    180   94
29231  2          (1962)  (2014)          (1997)  (1984)       (2005) (1982)
29263  1  1   XI 13    X 24   XI  1   IV  4  III 25   IV   152    102    191   89
29263  2          (1916)  (1979)          (2002)  (1984)       (2002) (1916)
29282  1  2   XI 13    X 24   XI 31  III  5  III 25   IV   150    103    178   91
29282  2          (1962)  (1978)          (1990)  (1984)       (2002) (1941)
29313  1  6   XI 14    X  9  XII 29  III  1  III 26   IV   144     91    180   92
29313  2          (1962)  (2014)          (1997)  (1930)       (2014) (1970)
29328  1  6   XI 13    X  9  XII 28  III  4  III 18   IV   143     92    170   91
29328  2          (1962)  (2014)          (1997)  (1984)       (2014) (1963)
29379  1  6   XI 23    X  7  XII 26  III  5  III 18   IV   141     94    172   96
29379  2          (2001)  (2014)          (2002)  (1999)       (2014) (1999)
29570  1 10   XI 14    X 12  XII 21  III 13   II 16   IV   132     85    164   95
29570  2          (1916)  (1959)          (1990)  (1937)       (1983) (1937)
29594  1  5   XI 15    X  9  XII 26  III 16   II 22   IV   142     86    170   91
29594  2          (1962)  (2014)          (2002)  (1966)       (2002) (1966)
29612  1  8   XI 16    X  8  XII 31  III  1  III 22   IV   144     94    178   87
29612  2          (1977)  (2014)          (1990)  (1970)       (2014) (1913)
29645  1 10   XI 14    X  2  XII 26  III 24   II 23   IV   137    102    171   92
29645  2          (1962)  (2009)          (2008)  (1970)       (2002) (1977)
29752  1 28    X  4    X 23   XI  8   IV  5  III  4    V   163    118    198   94
29752  2          (1971)  (1972)          (1989)  (1958)       (1989) (1965)
29789  1 31    X 12    X 23   XI  1   IV  8  III 27   IV   153    106    179   94
29789  2          (1940)  (2014)          (2002)  (1983)       (2002) (1977)
29866  1 10   XI 18    X  8  XII 21  III 15   II 16   IV   132     84    170   87
29866  2          (1975)  (2014)          (2002)  (2003)       (2002) (2003)
29939  1 14   XI 25    X 18  XII 23  III 24   II 22   IV   130     83    168   94
29939  2          (1977)  (2014)          (1963)  (1954)       (2014) (1954)
30054  1 24    X  5    X  9   XI 11   IV  9  III 29   IV   170    130    198   95
30054  2          (1985)  (2008)          (1990)  (1984)       (2014) (1984)
30089  1 18    X 30   IX 10   XI 12   IV 23  III  1    V   177    140    199   83
30089  2          (1955)  (1998)          (1990)  (1942)       (2014) (1955)
30230  1 27    X  8    X 22   XI  6   IV 14  III 27   IV   162    129    192   86
30230  2          (1971)  (2002)          (1993)  (1984)       (2002) (1916)
30252  1 23    X  8    X  8   XI  6   IV 18  III 29   IV   166    137    184   96
30252  2          (2007)  (2008)          (1993)  (1966)       (2008) (1961)
30309  1  2   XI 14    X 24   XI  1   IV 12  III 22   IV   151    114    177   88
30309  2          (1916)  (1978)          (1968)  (1966)       (1989) (1977)
30372  1 16    X  1    X  1   XI 14   IV 26  III 28   IV   181    156    209   88
30372  2          (1955)  (1969)          (2003)  (1955)       (1948) (1955)
30385  1 18    X 29   IX  1   XI  9   IV 21  III 27   IV   174    150    203   88
30385  2          (1956)  (1969)          (1989)  (1955)       (1968) (1956)
30393  1 12    X 29   IX 28    X 18   IV 24  III  6    V   189    163    216   82
30393  2          (1955)  (1968)          (2014)  (1969)       (1991) (1969)
30433  1  1   XI 16    X 22   XI  8   IV 22  III 26   IV   159    129    180   93
30433  2          (1962)  (1972)          (1959)  (1937)       (2002) (1977)
30521  1 27    X  6    X 11   XI  5   IV 19  III 23   IV   161    132    181   88
30521  2          (1971)  (2011)          (2014)  (1966)       (2014) (1971)
30554  1 17    X  1    X  5   XI 11   IV 22  III 28   IV   177    147    209   89
30554  2          (1955)  (1989)          (1990)  (1955)       (1989) (1955)
30612  1  3   XI 16    X 24   XI  2   IV 14  III 22   IV   151    111    172   90
30612  2          (1962)  (2014)          (2002)  (1966)       (2002) (1977)
30636  1 31    X 16    X 23   XI  1   IV  7  III 27   IV   153    104    178   85
30636  2          (1965)  (2002)          (2002)  (1910)       (2002) (1910)
30650  1 22    X  6    X  6   XI  7   IV  9  III 25   IV   168    130    193   76
30650  2          (1952)  (1998)          (2002)  (1956)       (2002) (1952)
30673  1 21    X  8    X  7   XI  8   IV 20  III 24   IV   170    145    188   79
30673  2          (1951)  (1932)          (1938)  (1958)       (1938) (1941)
30710  1  4   XI 15    X 25   XI 28  III  4  III 14   IV   145    102    170   91
30710  2          (1916)  (1972)          (1990)  (1897)       (2002) (1904)
30758  1 29    X 11    X 11   XI 31  III  7  III 27   IV   154    125    186   84
30758  2          (1962)  (1900)          (2002)  (1910)       (2002) (1916)
30777  1 28    X 12    X  8   XI  2   IV 17  III 16   IV   157    136    179   90
30777  2          (1971)  (1955)          (1968)  (1937)       (1989) (1941)
30844  1 26    X 11    X  6   XI  2   IV 15  III 17   IV   159    130    181   92
30844  2          (1962)  (1989)          (1938)  (1988)       (1938) (1988)
30879  1 27    X 12    X  9   XI  4   IV 19  III 28   IV   160    136    186   84
30879  2          (1971)  (1889)          (2008)  (1910)       (1989) (1910)
30925  1  3   XI 15    X 25   XI 24  III  2  III 22   IV   142    102    177   73
30925  2          (1916)  (1972)          (2008)  (1903)       (2002) (2003)
30935  1 29    X 11    X  9   XI 29  III 13  III 15   IV   152    129    183   70
30935  2          (1962)  (1925)          (1929)  (2003)       (1967) (1962)
30949  1 31    X 17    X 12   XI 27  III  7  III 17   IV   148    126    168   80
30949  2          (1962)  (1996)          (2002)  (1937)       (1968) (1937)
30965  1 28    X 14    X  8   XI  2   IV  7  III 16   IV   157    130    182   78
30965  2          (1971)  (1932)          (2008)  (1916)       (2002) (1916)
31004  1 14    X 29   IX 28    X 16   IV 23  III  6    V   185    150    213   92
31004  2          (1955)  (1968)          (1990)  (1969)       (1968) (1955)
31088  1 25    X 11    X 18   XI 15   IV 18  III  2    V   173    135    203   72
31088  2          (1931)  (1996)          (2009)  (1931)       (2007) (1931)
31137  1  9    X 26   IX 25    X 21   IV  6   IV  6    V   195    180    215   72
31137  2          (1963)  (1991)          (1968)  (1969)       (1968) (1969)
31168  1  3   XI 16    X 23   XI  8   IV  9  III 28   IV   157    132    188   93
31168  2          (2001)  (2011)          (1990)  (1980)       (1990) (1980)
31174  1  7   XI 21    X 26   XI 12   IV 17  III 27   IV   157    131    187   80
31174  2          (1986)  (1928)          (1990)  (1980)       (2011) (1980)
31253  1 22    X  8    X  4   XI  7   IV 22  III 23   IV   168    143    196   77
31253  2          (1940)  (1932)          (1938)  (1969)       (1968) (1969)
31329  1 22    X 10    X  3   XI  9   IV 20  III  3    V   170    144    196   86
31329  2          (1927)  (1928)          (1930)  (1942)       (1930) (1969)
31369  1  7   XI 21    X 30   XI  8   IV 15  III 24   IV   153    121    181   81
31369  2          (1892)  (2011)          (2008)  (1915)       (2008) (1980)
31416  1  2   XI 18    X 20   XI  3   IV  7  III 22   IV   153    120    180   87
31416  2          (1975)  (2006)          (2008)  (1980)       (2008) (1980)
31439  1  7   XI 21    X 21   XI  3   IV  9  III 19   IV   148    115    173   86
31439  2          (1951)  (2006)          (2008)  (1940)       (2008) (1980)
31478  1 19    X  9    X  1   XI 13   IV 27  III  3    V   177    153    193   86
31478  2          (1971)  (1996)          (2008)  (1972)       (2008) (1971)
31707  1 10   XI 27    X 26   XI 20  III 24   II  3   IV   131     91    150   86
31707  2          (1980)  (2005)          (2002)  (1955)       (2002) (1973)
31770  1 16   XI  4   XI  8  XII 26  III  6  III  8   IV   131    104    151   77
31770  2          (1944)  (1991)          (2009)  (1956)       (1991) (1929)
31829  1 27   XI  8   XI 14  XII 12  III 14   II 31  III   106     66    131   88
31829  2          (1966)  (1962)          (1991)  (1941)       (1991) (1980)
31960  1 28   XI 12   XI 22  XII  7  III  4   II 25  III   100     68    127   94
31960  2          (1977)  (1952)          (2007)  (1937)       (2007) (1957)
31961  1 21   XI  4   XI 15  XII 12  III 22   II  5   IV   112     80    142   89
31961  2          (1922)  (1956)          (1998)  (1947)       (1912) (1929)
31989  1 11  XII 27   XI 30  XII 18   II 15    I 13  III    70     31     92   77
31989  2          (1961)  (1983)          (1989)  (1969)       (1989) (1961)
32027  1 12   XI 25    X 28   XI  9   IV 17  III 23   IV   149    115    180   92
32027  2          (1980)  (2014)          (1943)  (1980)       (2014) (1980)
32061  1 18   XI  1   XI 10  XII 30  III 10  III 18   IV   133    109    157   85
32061  2          (1913)  (1991)          (1959)  (1931)       (1930) (1931)
32076  1 16   XI 28    X  7  XII  3   IV  7  III 23   IV   139    113    177   86
32076  2          (1980)  (1996)          (2008)  (1980)       (2008) (1980)
32098  1 18   XI  1   XI 10  XII 27  III  1  III 14   IV   130    102    156   93
32098  2          (1913)  (1991)          (2008)  (1942)       (1996) (1913)
32099  1  7  XII 10   XI 24  XII 25  III  6  III 11   IV   109     78    138   76
32099  2          (1953)  (1959)          (2009)  (1980)       (1968) (2001)
32150  1 30   XI 10   XI 29  XII 20  III 20   II  6   IV   111     76    134   85
32150  2          (1953)  (1991)          (1994)  (1950)       (1989) (1950)
32165  1 26  XII 20  XII 30  XII 19   II 17    I  9  III    56     19     75   21
32165  2          (1953)  (1988)          (1979)  (1970)       (1979) (1970)
32213  1 24  XII 10  XII 10  XII 17   II  7    I 24  III    56      8     97   27
32213  2          (1979)  (1981)          (1998)  (1977)       (1998) (1979)
32252  1 12   XI 23    X 17  XII 16   IV  8  III  6    V   156    114    189   73
32252  2          (1950)  (1947)          (1997)  (1980)       (1947) (1950)
32287  1 20   XI  1   XI 29  XII  6   IV 19   II  2    V   138     74    170   87
32287  2          (1973)  (2011)          (1997)  (1950)       (2011) (1950)
32389  1 14   XI 25    X 13  XII  1   IV 27   II 22   IV   139     91    168   84
32389  2          (2005)  (1996)          (1997)  (1940)       (1996) (2010)
32477  1 20   XI 28    X 17  XII  2   IV 18   II 28   IV   134     91    166   86
32477  2          (1953)  (2014)          (1997)  (1980)       (1997) (1969)
32509  1 10  XII 15   XI 31  XII 27   II  6    I 12   IV    80     12    133   48
32509  2          (1944)  (1981)          (1974)  (1942)       (1974) (1942)
32562  1 27   XI  6   XI 29  XII 23  III 18   II 20   IV   117     68    148   84
32562  2          (1983)  (2011)          (1997)  (2010)       (2014) (1994)
32618  1 24  XII 13  XII 31  XII 24    I  8    I  6  III    32      9     74   12
32618  2          (1916)  (1967)          (1953)  (1975)       (2011) (1975)
34110  1  8  XII 27    X 30  XII  1  III 12    I 11   IV    84     23    145   67
34110  2          (1921)  (1950)          (1918)  (1928)       (2008) (1928)
34123  1 10  XII 10   XI 31  XII  1  III 18    I 11   IV    82     27    144   66
34123  2          (1994)  (2011)          (1944)  (1928)       (2008) (1928)
34152  1  4  XII  9   XI 30  XII  3  III 10    I  2   IV    90     51    129   67
34152  2          (1994)  (1984)          (1989)  (1963)       (1997) (1987)
34163  1 29   XI  1   XI 31  XII 17  III 21    I 11   IV   109     43    149   84
34163  2          (1909)  (1913)          (2002)  (1904)       (1914) (1892)
34186  1  2  XII  8   XI 26  XII 14  III 10    I  9   IV   103     42    144   65
34186  2          (1994)  (1982)          (2002)  (1952)       (2002) (1952)
34579  1 11  XII 10   XI 10   XI 26   II  5    I 29  III    78     28    130   67
34579  2          (1994)  (2005)          (1999)  (1956)       (1989) (1942)
34720  1 19  XII 25   XI 30  XII  7   II  2    I 14  III    51     18    101   27
34720  2          (1932)  (1916)          (2003)  (1985)       (2009) (1932)
34740  1 19  XII 24   XI 31  XII  6   II  2    I 17  III    50     22    113   36
34740  2          (1954)  (1950)          (2003)  (1954)       (1997) (1954)
34866  1 15  XII 10   XI 31  XII 12   II  3    I 13  III    60      6    106   28
34866  2          (1994)  (1950)          (1992)  (1972)       (1992) (1994)
34880  1 17  XII 20   XI 20   XI 17   II  6    I 20  III    63     15    103   43
34880  2          (1994)  (1885)          (1960)  (1956)       (1963) (1985)
35011  1 29   XI 14    X 25  XII 15  III  6   II  6   IV   107     70    147   91
35011  2          (1977)  (1982)          (2002)  (1999)       (2002) (1999)
36038  1 17   XI 25    X 18  XII 21  III 28    I 14   IV   125     67    160   71
36038  2          (1988)  (2014)          (2002)  (1954)       (2002) (1954)
36064  1  3  XII 28    X 28    X  4  III  4    I  9   IV    92     33    148   83
36064  2          (1936)  (1989)          (1992)  (1970)       (1949) (1969)
36096  1 30    X 16    X 11   XI 30  III 15  III 16   IV   152    129    174   60
36096  2          (1962)  (2009)          (2013)  (1950)       (2014) (1962)
36229  1  6   XI 16    X 30   XI 25  III  7  III 13   IV   140    105    160   82
36229  2          (1962)  (1995)          (1963)  (1979)       (2002) (1962)
36259  1 22    X 25   IX  8   XI  3   IV  6  III 27   IV   164    131    200   80
36259  2          (1969)  (1999)          (2013)  (1963)       (2013) (1969)
36307  1 29    X 14    X 13   XI 10   IV 24  III 29   IV   164    139    197   59
36307  2          (1958)  (1955)          (2013)  (1958)       (2007) (1958)
37061  1 18  XII 25   XI 31  XII  3   II  3    I 11  III    48     17    101   30
37061  2          (1960)  (1950)          (1992)  (1985)       (2009) (1985)
37126  1 18  XII 23   XI 31  XII 24   II  7    I 30  III    69     32    118   41
37126  2          (1987)  (1981)          (1987)  (2003)       (2013) (1985)
31152  1 16    X  6    X 29    X 14   IV 22  III 30   IV   181    159    198   71
31152  2          (1941)  (1968)          (1975)  (1942)       (1975) (1980)
