20069  1 10  XII 13   XI 13   XI  9  III  5    I 25   IV    90     14    152   54
20069  2          (1969)  (1961)          (1952)  (1979)       (1972) (1969)
20087  1  8  XII 25    X 25    X 19  III  6    I 19   IV   102     10    157   62
20087  2          (1990)  (1961)          (1937)  (1988)       (2005) (1993)
20292  1  7  XII 29    X 29    X 20  III  2    I 24   IV   104      7    160   61
20292  2          (1959)  (1989)          (2010)  (1979)       (2010) (1993)
20476  1  3  XII  9   XI 30  XII 22  III 15   II 19   IV   110     68    151   72
20476  2          (1991)  (1989)          (1996)  (1985)       (1983) (1993)
20667  1 20  XII 29   XI 31  XII 23   II 14    I 14   IV    66     20    131   31
20667  2          (1959)  (1985)          (1965)  (1963)       (1935) (1963)
20674  1 14  XII 12   XI 30  XII 28   II 18    I 13   IV    77     19    141   61
20674  2          (1969)  (1952)          (1953)  (1979)       (1952) (1969)
20891  1 25   XI 22    X 31  XII 20  III 18    I 20   IV   116     28    167   84
20891  2          (1958)  (1943)          (1934)  (1937)       (1943) (1958)
20982  1 29   XI 26    X 30  XII 10  III 18    I 12   IV   102     36    159   77
20982  2          (1977)  (1952)          (2008)  (1966)       (2008) (1977)
21432  1  1  XII 30    X 27  XII 28  III  9    I 26   IV   118     27    167   92
21432  2          (1993)  (1976)          (1940)  (1979)       (1940) (1970)
21802  1 15   XI 23    X 27  XII 25  III 19   II 21   IV   131     75    170   73
21802  2          (1958)  (1976)          (1993)  (2001)       (2002) (1958)
21908  1  8   XI 23    X 19  XII 19  III 18   II 12   IV   132     92    166   78
21908  2          (1978)  (1957)          (1943)  (1951)       (1957) (1951)
21921  1 10   XI 26    X 23  XII 20  III 26   II 13   IV   131     78    164   78
21921  2          (1959)  (2014)          (1948)  (1951)       (2014) (1951)
21931  1 13   XI 20    X 22  XII 25  III 24   II 22   IV   133     89    176   87
21931  2          (1965)  (2014)          (1990)  (1958)       (1952) (1958)
21946  1 16   XI 27    X  7  XII 29  III  3  III 20   IV   134     99    166   92
21946  2          (1978)  (2008)          (1990)  (1950)       (2008) (1970)
21982  1 25  XII 11  XII 11  XII 13   II  5    I 29  III    51      9     96   26
21982  2          (1954)  (1953)          (1962)  (1959)       (1962) (1959)
23022  1 26  XII 11  XII 11  XII 28    I  8    I 20  III    34      8     80   14
23022  2          (1979)  (1985)          (1985)  (1941)       (1985) (1941)
23032  1 21  XII 27   XI 31  XII  3   II  4    I 21  III    45     10    100   26
23032  2          (1969)  (1989)          (1937)  (2010)       (1937) (2010)
23058  1 13  XII  4   XI 31  XII 23   II 14    I  7   IV    73     22    126   45
23058  2          (1969)  (2006)          (2004)  (1960)       (2004) (1999)
23074  1  6  XII  7   XI  7   XI 22   II  3    I 11   IV    79      8    154   68
23074  2          (1958)  (1945)          (1949)  (1966)       (1993) (1966)
23205  1 23  XII  9  XII  9  XII 16    I  3    I 20   II    25      8     56   13
23205  2          (1979)  (1985)          (1972)  (1998)       (1972) (1998)
23242  1 17  XII  8   XI  8   XI 15   II  5    I 28  III    61     17    133   58
23242  2          (1958)  (1989)          (1942)  (1979)       (1942) (1958)
23256  1 14  XII  5   XI  5   XI 22   II 11    I  3   IV    71     14    137   59
23256  2          (1958)  (1961)          (1996)  (1952)       (2004) (1958)
23274  1  7  XII  4   XI 30  XII 19   II  4    I  3   IV    75     12    124   71
23274  2          (1969)  (1952)          (1949)  (1952)       (1993) (1969)
23324  1 22  XII 28   XI 28   XI 25    I  2    I 28   II    35      9     77   20
23324  2          (1969)  (1989)          (1951)  (2010)       (1991) (2010)
23330  1 17  XII 12   XI 12   XI  5   II  4    I 29  III    51      8    107   41
23330  2          (1958)  (1989)          (1988)  (1941)       (1915) (1888)
23383  1 23   XI 30    X 25  XII  4  III 11    I  1   IV   102     36    145   86
23383  2          (1999)  (2000)          (1993)  (1958)       (1949) (1958)
23445  1 17  XII 17   XI 17   XI  8   II  9    I  9  III    54     15     98   45
23445  2          (1969)  (1989)          (1996)  (1964)       (1982) (1969)
23463  1  7  XII  5   XI 31  XII 13   II  7    I 21  III    69     16    117   66
23463  2          (1969)  (1974)          (1963)  (1971)       (1963) (1969)
23472  1 13  XII  5   XI  5   XI  6   II 11    I 14  III    56     12    117   69
23472  2          (1969)  (1961)          (1993)  (1977)       (1993) (1969)
23552  1 16  XII 10   XI 10   XI 14   II 11    I 19  III    61     15    112   53
23552  2          (1969)  (1961)          (1953)  (1960)       (1982) (1969)
23631  1 22  XII 28   XI 28   XI 25    I  4    I  1  III    35     11     81   33
23631  2          (1969)  (1989)          (1963)  (2010)       (1951) (1969)
23662  1 13  XII 10   XI 10   XI  7   II  4    I 20  III    57      8    112   57
23662  2          (1969)  (1961)          (1949)  (1971)       (1993) (1969)
23678  1 14  XII  6   XI  6   XI 30    I  2    I 10  III    48     10    106   52
23678  2          (1985)  (1993)          (1962)  (1915)       (2004) (1985)
23711  1 23  XII  9  XII 31  XII 14    I  6    I 27    I    23      8     30    9
23711  2          (1979)  (1927)          (1896)  (1972)       (1953) (1972)
23724  1 21  XII 29   XI 31  XII 21    I  2    I 18   II    32      8     73   20
23724  2          (1969)  (1985)          (1996)  (1985)       (1951) (1969)
23734  1 25  XII 29   XI 31  XII 22    I  2    I 14   II    29     12     75   23
23734  2          (1969)  (1942)          (1963)  (1985)       (1951) (1969)
23867  1 15  XII 21   XI 31  XII  2   II  7    I  8  III    50     12     99   23
23867  2          (1953)  (1979)          (1959)  (1951)       (1982) (1969)
23884  1 11  XII 14   XI 30  XII  3   II  9    I  8  III    55     19    100   43
23884  2          (2001)  (1990)          (1939)  (1951)       (2000) (1969)
23891  1  3  XII  3   XI 31  XII 14   II  3    I 13  III    74     17    123   87
23891  2          (1966)  (1943)          (1962)  (1945)       (2004) (1985)
23921  1 22  XII 30   XI 30   XI 17    I  3    I 14   II    27      6     65   16
23921  2          (1969)  (1985)          (1956)  (1985)       (1979) (1969)
23933  1 24  XII 29   XI 29   XI 20    I  7    I 28   II    28      8     80   14
23933  2          (1969)  (1941)          (1935)  (1985)       (1953) (1969)
23955  1 19  XII 21   XI 21   XI 30    I  3    I  8  III    43      9     99   22
23955  2          (1969)  (1993)          (1993)  (1951)       (1994) (1969)
23966  1 16  XII 18   XI 18   XI 31    I  5    I  1  III    47      7    104   33
23966  2          (1969)  (1973)          (1985)  (1969)       (1993) (1969)
23986  1 11  XII 26   XI 30  XII 24    I  2    I 23   II    45     14     87   24
23986  2          (2011)  (1990)          (2003)  (1969)       (1959) (1969)
24125  1 11   XI 25    X 26  XII 13  III 14   II  8   IV   123     64    161   89
24125  2          (1975)  (2002)          (2008)  (1951)       (2002) (1951)
24136  1  6   XI 19    X  3  XII 19  III 22   II 10   IV   134     93    163   91
24136  2          (1983)  (2014)          (1948)  (1951)       (1968) (1951)
24143  1  9   XI 26    X 27   XI 15  III 17   II  5   IV   127     84    150   81
24143  2          (1997)  (1960)          (1939)  (1984)       (1939) (1955)
24266  1 30    X 16    X 18   XI 26  III  6  III 17   IV   148    117    167   80
24266  2          (1918)  (2006)          (1990)  (1896)       (2007) (1896)
24329  1  9   XI 26    X 20  XII 17  III 16   II  9   IV   129     87    160   81
24329  2          (1959)  (1957)          (1943)  (1951)       (1957) (1951)
24343  1  8   XI 26    X 29   XI 15  III 23   II  1   IV   128     93    146   89
24343  2          (1959)  (1979)          (2003)  (1982)       (1939) (1941)
24382  1  1   XI 17    X 20   XI 24  III  8  III  8   IV   144    114    172   86
24382  2          (1961)  (2007)          (1978)  (1942)       (1939) (1961)
24507  1 22   XI 29    X 28  XII  1  III 14    I 25  III   100     56    137   95
24507  2          (1953)  (1940)          (1962)  (1941)       (1940) (1958)
24606  1 20   XI 30    X 28  XII  2  III 30    I 25  III   103     55    141   91
24606  2          (1999)  (2014)          (1989)  (1958)       (1989) (1999)
24641  1 17   XI 30    X 15  XII  3  III 29    I 10   IV   107     62    139   90
24641  2          (1983)  (1915)          (1921)  (1922)       (1921) (1922)
24661  1  9   XI 28    X  2  XII 12  III 26   II 26  III   124    101    144   81
24661  2          (1983)  (1957)          (1939)  (1955)       (1939) (1941)
24671  1  2   XI 20    X 22   XI 22  III  6  III  9   IV   141    115    155   88
24671  2          (1971)  (2011)          (1990)  (1989)       (2011) (1971)
24688  1 29    X 14    X 18   XI 30  III 10  III 11   IV   153    112    176   90
24688  2          (1988)  (1996)          (2007)  (1973)       (2007) (1971)
24713  1 23   XI 29    X 22  XII 24   II 13    I 22  III    94     37    137   67
24713  2          (1975)  (1982)          (1962)  (2009)       (1962) (1999)
24738  1 25   XI 30    X 29  XII 25   II  8    I 25  III    93     36    133   94
24738  2          (1975)  (1940)          (1992)  (1941)       (1992) (1937)
24790  1  8   XI 15    X  9  XII 16  III 11   II  8   IV   129     85    157   96
24790  2          (1988)  (2013)          (1994)  (1946)       (2014) (1953)
24817  1 30   XI  4   XI 29  XII 20   II 14    I 19  III    83     28    127   86
24817  2          (1966)  (1996)          (1949)  (1960)       (1982) (1985)
24908  1  4  XII  3   XI 31  XII 12   II  3    I 13  III    71     22    123   76
24908  2          (1966)  (1937)          (1962)  (1965)       (2004) (1966)
24959  1 12   XI 25    X  8  XII 11  III 18   II 30  III   120     89    147   91
24959  2          (1980)  (1964)          (1903)  (1933)       (2002) (1941)
24966  1 13   XI 31    X 10  XII  9  III 31    I  8   IV   117     52    145   81
24966  2          (1941)  (1898)          (1898)  (1912)       (1898) (1912)
24967  1 15   XI 30    X  5  XII 10  III 18   II 29  III   116     88    149   86
24967  2          (1983)  (1949)          (2002)  (1969)       (2002) (1997)
25062  1 14  XII 17   XI 17   XI  3  III  5    I 13   IV    80     24    129   52
25062  2          (1994)  (1965)          (1962)  (1984)       (1962) (1998)
25138  1 19   XI 22    X 25  XII 15  III 23    I  7   IV   117     58    159   89
25138  2          (1993)  (1956)          (1997)  (1999)       (1997) (1993)
25173  1 17  XII 26   XI 26   XI 24   II  5    I 14   IV    70     10    139   45
25173  2          (1946)  (1989)          (1962)  (1946)       (2011) (1946)
25206  1 15   XI 27    X 12  XII 22  III 23   II 17   IV   128     95    157   87
25206  2          (1978)  (2008)          (1947)  (2002)       (2008) (2002)
25248  1 17   XI 24    X 25  XII 20  III  3   II 13   IV   124     63    172   77
25248  2          (1989)  (1956)          (1979)  (1949)       (2011) (1989)
25282  1 22  XII  6  XII 30  XII 23   II  5    I  2   IV    64      8     98   35
25282  2          (1995)  (1984)          (2011)  (1984)       (2011) (1971)
25325  1 16   XI 28    X 20  XII 20  III 11   II 18   IV   125     86    154   83
25325  2          (1959)  (2011)          (1995)  (2002)       (2011) (1965)
25356  1  9  XII 16   XI 30  XII 18   II  4    I  5   IV    72     13    120   64
25356  2          (1995)  (1984)          (1981)  (1971)       (1956) (1964)
25400  1 14   XI 26    X 12  XII 19  III 24   II  3   IV   126     92    146   87
25400  2          (1978)  (1938)          (1962)  (1961)       (1948) (1982)
25428  1 14   XI 29    X 20  XII 20  III 17   II 18   IV   127     81    155   83
25428  2          (2005)  (2011)          (1995)  (2002)       (2011) (1961)
25503  1 11   XI 30    X 12  XII 18  III 27   II  6   IV   128     91    147   82
25503  2          (2005)  (2008)          (1962)  (1950)       (2008) (1950)
25538  1 27   XI  2   XI 30  XII 23   II 18    I  3   IV    89     58    132   57
25538  2          (1981)  (1984)          (1985)  (1971)       (2007) (1977)
25551  1  8  XII  4   XI  4   XI 13   II  6    I 27  III    68     23    107   50
25551  2          (1917)  (1965)          (1982)  (1906)       (1983) (1906)
25563  1 19  XII  1  XII 31  XII 31    I  5    I  6  III    44     10     78   23
25563  2          (1917)  (1943)          (1983)  (1984)       (1943) (1990)
25705  1 13   XI 28    X 11  XII 15  III 11   II  3   IV   123     90    151   95
25705  2          (2005)  (1976)          (1994)  (1967)       (2014) (1973)
25745  1 16  XII 21   XI 31  XII  2   II  6    I 14  III    49      8    109   38
25745  2          (1989)  (1963)          (1961)  (1988)       (1963) (1988)
28064  1 21  XII 30   XI 30  XII 15    I  2    I 11   II    26      9     74   13
28064  2          (1969)  (1972)          (1956)  (1969)       (1979) (1969)
28275  1 24  XII  1  XII  1  XII 14    I  4    I 17   II    22      6     79   11
28275  2          (1969)  (1941)          (1902)  (1969)       (2011) (1969)
28493  1 21  XII  1  XII  1  XII 17    I  5    I 27   II    28      6     89   16
28493  2          (1969)  (1993)          (1956)  (1969)       (1993) (1969)
29111  1 17  XII 21   XI 21   XI 22    I  6    I  1  III    37      6     99   17
29111  2          (1969)  (1993)          (1993)  (1954)       (1993) (1969)
29231  1 13  XII 24   XI 31  XII 19    I  2    I 26   II    38     18     90   16
29231  2          (1953)  (1994)          (1994)  (1969)       (1956) (1969)
29263  1 17  XII 24   XI 31  XII 20    I  2    I 28   II    35      6     92   31
29263  2          (1911)  (1991)          (2003)  (1969)       (1986) (1969)
29282  1 16  XII 15   XI 15   XI 28    I  3    I  3  III    44     10     93   48
29282  2          (2001)  (1965)          (1946)  (1985)       (1986) (1969)
29313  1 19  XII 24   XI 31  XII 15    I  5    I 27   II    28      8     90   16
29313  2          (1953)  (1935)          (1956)  (1969)       (1951) (1969)
29328  1 18  XII 30   XI 30  XII 18    I  6    I 25   II    32     12     88   13
29328  2          (1969)  (2001)          (1956)  (1969)       (1953) (1969)
29594  1 22  XII  6  XII 30  XII 19    I  3    I 27   II    29      6     69   11
29594  2          (1947)  (1986)          (1986)  (1969)       (1997) (1977)
29612  1 23  XII  6  XII  6  XII 15    I  2    I 28   II    24      7     63   11
29612  2          (1947)  (2001)          (1934)  (1969)       (1951) (1969)
29866  1 22  XII  7  XII 30  XII 24    I  7    I 19   II    34      7     74   13
29866  2          (1947)  (1916)          (2000)  (1947)       (2000) (1947)
30054  1  8  XII 16   XI 30  XII 14   II  3    I 13  III    69     24    112   83
30054  2          (2001)  (1940)          (1962)  (1946)       (1935) (2010)
30089  1 24   XI  6   XI 20  XII 25   II 13    I 22  III    94     37    127   83
30089  2          (1953)  (1991)          (1993)  (1945)       (2008) (1945)
30230  1 12  XII  9   XI  9   XI  7   II  7    I 11  III    58     20    104   63
30230  2          (1948)  (2009)          (1939)  (1970)       (1899) (1957)
30252  1  6  XII 16   XI 25  XII 15   II  5    I 10  III    72     25    104   86
30252  2          (1999)  (1982)          (1962)  (1969)       (1962) (2010)
30309  1 18  XII 28   XI 31  XII 20    I  4    I  7  III    34     12     79   31
30309  2          (1938)  (1998)          (1913)  (1969)       (1921) (1929)
30372  1 26   XI  7   XI 30  XII 26   II 27    I 19  III    93     48    122   95
30372  2          (1953)  (1940)          (1993)  (1999)       (1940) (1999)
30385  1 28   XI 12   XI 23  XII 15   II 20    I  9  III    80     42    110   94
30385  2          (2000)  (1982)          (1963)  (1985)       (1963) (1966)
30393  1 24   XI  5   XI  5   XI 23   II 19    I 22  III    92     27    127   91
30393  2          (1966)  (1989)          (1982)  (1941)       (1982) (1966)
30433  1 25  XII 18  XII 30  XII 23    I  3    I  8  III    30     10     73   14
30433  2          (1953)  (1944)          (1944)  (1969)       (1955) (1969)
30521  1 11  XII 18   XI 31  XII  8   II  6    I 12  III    60     17    107   73
30521  2          (2001)  (1994)          (1992)  (1966)       (1994) (1957)
30554  1  6  XII  7   XI 30  XII 11   II  7    I 12  III    68     17    105   89
30554  2          (1953)  (1940)          (1963)  (1957)       (1963) (1953)
30612  1 19  XII  4  XII 30  XII 29    I  4    I  8  III    42      8     90   53
30612  2          (1986)  (1944)          (2003)  (1969)       (2003) (1957)
30636  1 19  XII  1  XII  1  XII  9   II  8    I  9  III    53     10     93   58
30636  2          (2013)  (1941)          (1935)  (1936)       (1935) (1936)
30650  1 14  XII 16   XI 30  XII  5   II  2    I 12  III    54      6    104   73
30650  2          (2001)  (1940)          (2007)  (1957)       (2007) (1957)
30673  1  5  XII 16   XI 30  XII  8   II  6    I 12  III    66     23    106   81
30673  2          (2001)  (1940)          (1999)  (1954)       (1982) (1966)
30710  1 25  XII  7  XII 31  XII 16    I  3    I 14   II    23      7     48   12
30710  2          (1947)  (1893)          (1970)  (1969)       (2011) (1947)
30758  1 19  XII 17   XI 17   XI 29    I  4    I 10  III    42     14    103   58
30758  2          (1892)  (1929)          (1941)  (1969)       (1963) (1892)
30777  1 10  XII 17   XI 30  XII  6   II  3    I 10  III    59     23     99   86
30777  2          (2001)  (1960)          (1995)  (1956)       (1983) (1955)
30844  1 22  XII  5  XII  5  XII 29    I  4    I 10  III    39      7     85   48
30844  2          (1968)  (1997)          (1946)  (1969)       (1946) (1971)
30879  1 14  XII 17   XI 17   XI  7   II  4    I  9  III    56     10    112   81
30879  2          (1892)  (1941)          (1989)  (1892)       (1989) (1892)
30925  1 22  XII 11  XII 11  XII 14    I  2    I  8   II    24      7     59    9
30925  2          (1930)  (1997)          (2013)  (1929)       (1997) (1929)
30935  1 21  XII  1  XII  1  XII 30    I  4    I  1  III    41     11     73   48
30935  2          (1930)  (1997)          (2003)  (1971)       (1959) (1971)
30949  1 25  XII  7  XII  7  XII 17    I  4    I 13   II    24      7     44   18
30949  2          (2003)  (1985)          (1964)  (1972)       (1997) (1972)
30965  1 16  XII 25   XI 31  XII  6   II  6    I 13  III    53      9    101   74
30965  2          (1948)  (1943)          (2003)  (1957)       (1963) (1957)
31004  1  8  XII 16   XI 30  XII 12   II  4    I 19  III    67     25    104   78
31004  2          (2001)  (1940)          (1962)  (1971)       (1962) (1969)
31088  1 24  XII 10  XII 10  XII 19    I  6    I 10   II    27      6     52   20
31088  2          (1988)  (2005)          (1946)  (1916)       (1946) (1916)
31137  1 12   XI  1   XI  2  XII  8  III 16   II 30  III   117     96    140   85
31137  2          (1983)  (1989)          (1995)  (1999)       (1989) (1999)
31253  1 30   XI  9   XI 29  XII 12   II  9    I 10  III    75     14    111   77
31253  2          (1953)  (1989)          (1991)  (1985)       (1991) (1951)
31329  1  2  XII 15   XI 31  XII 16   II 16    I  9  III    77     23    106   91
31329  2          (1923)  (1934)          (1968)  (1981)       (1968) (1966)
31369  1 25  XII 15  XII 15  XII 19    I  3    I 12   II    26      6     43   29
31369  2          (1950)  (1933)          (1884)  (1933)       (1884) (1933)
31416  1 14  XII 23   XI 31  XII  2   II  5    I  5  III    51     10     88   77
31416  2          (1970)  (1962)          (1999)  (1952)       (1962) (1951)
31439  1 22  XII  9  XII 31  XII 22    I  2    I 12   II    32      9     63   51
31439  2          (1942)  (1985)          (1963)  (1937)       (2005) (1937)
31478  1 30   XI 12   XI 27  XII 17   II  6    I 13  III    80     10    116   90
31478  2          (1985)  (1991)          (1991)  (1970)       (1991) (1999)
36096  1 10  XII 20   XI 31  XII 15   II  6    I 14  III    68     22    111   82
36096  2          (1971)  (1997)          (1987)  (1947)       (1999) (1971)
36229  1 23  XII 13  XII 29  XII 18    I  4    I 12   II    27      9     46   19
36229  2          (1985)  (1959)          (2013)  (1984)       (1962) (1984)
36259  1 11  XII 15   XI 15   XI 15   II  4    I 20  III    67      8    116   74
36259  2          (1968)  (1997)          (1987)  (1946)       (1997) (1936)
36307  1 10  XII 19   XI 31  XII 28   II 28    I 22  III    81     34    117   85
36307  2          (1971)  (1997)          (2007)  (1977)       (2007) (1977)
31152  1 20   XI  2   XI 23  XII 28   II 29    I 26  III   101     41    129   79
31152  2          (1983)  (1989)          (1995)  (1956)       (1989) (1956)
