20891  1 20   VI 10   VI 27   VI  5 VIII 11  VII 23 VIII    47     17     65   32
20891  2          (1990)  (1994)          (1993)  (2012)       (1993) (1990)
20982  1 18   VI 29    V 27   VI  8 VIII  8  VII  1   IX    52     12     83   35
20982  2          (2011)  (1936)          (1937)  (1959)       (1937) (2011)
21802  1 20   VI  8   VI 27   VI  1 VIII  3  VII 29 VIII    43     11     65   34
21802  2          (1945)  (1981)          (1993)  (1995)       (1993) (1945)
21908  1 13   VI 26    V 28   VI  8 VIII  9  VII 30 VIII    57     28     88   52
21908  2          (2011)  (1970)          (2013)  (1995)       (1965) (2011)
21921  1 17   VI  3   VI 27   VI 11 VIII 16  VII  3   IX    56     23     89   40
21921  2          (1990)  (1996)          (1968)  (1971)       (1996) (1999)
21931  1 18   VI  2   VI 28   VI 27  VII  2  VII  3   IX    40      9     90   34
21931  2          (1995)  (1971)          (1967)  (1971)       (1967) (1995)
21946  1 20   VI  9   VI 27   VI 23  VII  4  VII 12 VIII    34     10     55   32
21946  2          (1961)  (1975)          (1967)  (2002)       (1967) (2005)
22113  1 14   VI 26    V 27   VI 23 VIII  8  VII 22   IX    71     18    116   65
22113  2          (1984)  (1976)          (1962)  (2001)       (1962) (2013)
22165  1 23   VI 16   VI 26   VI 22  VII  2  VII 13 VIII    30      8     52   12
22165  2          (1952)  (1984)          (1922)  (1988)       (1922) (1988)
22217  1  9   VI 23    V 24   VI 30 VIII  7  VII 23   IX    83     20    117   69
22217  2          (2011)  (1996)          (1993)  (1940)       (1993) (2011)
22235  1 11   VI 26    V 24   VI 22 VIII 28  VII 11   IX    73     48     94   51
22235  2          (1984)  (1957)          (1966)  (2009)       (1975) (2013)
22471  1  5   VI 16    V 28   VI 29 VIII  3 VIII  4    X    86     47    122   59
22471  2          (2012)  (2003)          (2002)  (1974)       (2002) (1974)
22520  1  7   VI 13    V 25   VI  5   IX  7  VII 23   IX    91     21    126   68
22520  2          (1984)  (1925)          (1993)  (1983)       (1993) (1920)
22550  1  1   VI  6    V 24   VI  4   IX  8  VII  5    X    96     29    137   78
22550  2          (1897)  (1913)          (1902)  (2005)       (1902) (2005)
22619  1 29    V 13    V 20   VI 10   IX  8  VII 26   IX   105     23    136   76
22619  2          (2010)  (1976)          (1993)  (2010)       (1993) (2010)
22641  1 28    V 10    V 17   VI  8   IX  8 VIII  5    X   104     62    139   81
22641  2          (1963)  (1971)          (1957)  (2005)       (1957) (2010)
22676  1 28    V  9    V 16   VI  3   IX  8 VIII  5    X    99     64    131   84
22676  2          (2005)  (1962)          (1975)  (1974)       (1975) (2005)
22768  1 21    V 23   IV 15   VI  9   IX 15 VIII  6    X   112     77    154   70
22768  2          (2001)  (1982)          (1986)  (1944)       (1918) (2001)
22802  1 21    V  6    V 12   VI 15   IX 23 VIII  1    X   118     93    145   69
22802  2          (1975)  (1955)          (1973)  (1992)       (1977) (1975)
22820  1 23    V 28   IV  7   VI 15   IX 16 VIII  5    X   116     85    155   72
22820  2          (1989)  (1957)          (1986)  (1974)       (1987) (1989)
22837  1 20    V 23   IV 16   VI 14   IX 23 VIII 11    X   118     81    156   75
22837  2          (2001)  (1982)          (1973)  (2003)       (1941) (1989)
23074  1 19   VI  6   VI 28   VI 12 VIII  5  VII  8   IX    55     12     83   24
23074  2          (1985)  (1909)          (1985)  (1984)       (1937) (1984)
23205  1 17   VI  1   VI 27   VI 15 VIII  3  VII 15   IX    60      8     88   53
23205  2          (1953)  (1962)          (1997)  (1938)       (1997) (1938)
23242  1 23   VI 16   VI 28   VI 19 VIII  3 VIII  5   IX    58     36     73   13
23242  2          (1967)  (1991)          (1991)  (2001)       (1991) (2001)
23256  1 18   VI 28    V 27   VI 25 VIII 28  VII 10   IX    69     36     89   30
23256  2          (2011)  (1956)          (1969)  (2005)       (1969) (2011)
23274  1 13   VI 27    V 27   VI 27 VIII  1 VIII 14   IX    76     55    104   48
23274  2          (2011)  (1963)          (1960)  (1984)       (1973) (2005)
23324  1 13   VI 22    V 24   VI 18 VIII  3  VII 16   IX    67     13     95   43
23324  2          (1991)  (1934)          (1997)  (1957)       (1997) (2006)
23330  1 16   VI 23    V 28   VI 24 VIII 28  VII 15   IX    70     37    101   56
23330  2          (1991)  (1986)          (1944)  (1957)       (1925) (1991)
23383  1 16   VI 28    V 27   VI 17 VIII 12  VII  5   IX    63     36     90   36
23383  2          (2011)  (1956)          (1954)  (1945)       (1954) (1945)
23405  1  8   VI 10    V 27   VI 26 VIII 17  VII 23   IX    80     42    110   68
23405  2          (2010)  (1924)          (1986)  (2001)       (1986) (2001)
23445  1 13   VI 24    V 24   VI 25 VIII 23  VII 14   IX    74     41    109   71
23445  2          (1991)  (1988)          (2003)  (1984)       (2003) (1991)
23463  1 11   VI 27    V 27   VI 25 VIII  1 VIII 14   IX    76     50    103   54
23463  2          (2001)  (1974)          (1960)  (1984)       (1974) (2005)
23472  1 11   VI 27    V 27   VI 31 VIII 14 VIII 22   IX    82     56    112   71
23472  2          (2011)  (1974)          (1970)  (1991)       (1970) (1991)
23552  1 10   VI 24    V 26   VI 27 VIII  9  VII 17   IX    79     15    110   56
23552  2          (2001)  (1975)          (1992)  (1940)       (1992) (2012)
23631  1  5   VI 12    V 22   VI 29 VIII  9 VIII 18   IX    86     57    127   75
23631  2          (2005)  (1946)          (1939)  (1940)       (1978) (1977)
23662  1  6   VI 20    V 21   VI 31 VIII 14 VIII 24   IX    87     56    109   59
23662  2          (2002)  (1997)          (1970)  (1964)       (1949) (2012)
23678  1  5   VI 17    V 21   VI 31 VIII  5 VIII 24   IX    88     56    124   69
23678  2          (1945)  (1997)          (1912)  (1966)       (1912) (1945)
23711  1 31    V 27   IV 18   VI  1   IX 25  VII 23   IX    94     46    143   76
23711  2          (1920)  (1946)          (1947)  (1898)       (1947) (1920)
23724  1 30    V  1    V 20   VI  2   IX  8 VIII 19   IX    96     70    126   77
23724  2          (1962)  (1978)          (1939)  (1938)       (1978) (1977)
23734  1  2   VI 17    V 19   VI  2   IX  8 VIII 23   IX    93     65    119   70
23734  2          (1955)  (1946)          (1939)  (1979)       (1946) (1962)
23867  1 31    V 14    V 19   VI  7   IX 15 VIII 29   IX   100     61    134   76
23867  2          (2004)  (1936)          (1970)  (2011)       (1970) (2011)
23884  1  1   VI 17    V 17   VI  3   IX 16 VIII 18   IX    95     63    124   71
23884  2          (1945)  (1992)          (1947)  (1945)       (1970) (1945)
23891  1  3   VI 18    V 20   VI 30 VIII 11 VIII 15   IX    89     65    111   72
23891  2          (1945)  (1936)          (1951)  (1973)       (1951) (1945)
23914  1 22    V 22   IV 13   VI  7   IX  8 VIII 26   IX   109     74    139   70
23914  2          (1906)  (1941)          (1939)  (2012)       (1939) (1957)
23921  1 24    V  1    V 18   VI  5   IX 20 VIII 21   IX   105     72    137   83
23921  2          (2001)  (1979)          (2010)  (1966)       (1992) (1957)
23933  1 26    V  8    V 15   VI  8   IX  9 VIII 29   IX   106     74    136   60
23933  2          (1915)  (1917)          (1939)  (2011)       (1939) (1951)
23955  1 29    V  1    V 21   VI  7   IX 17 VIII 29   IX   102     63    138   86
23955  2          (1962)  (1946)          (1978)  (2011)       (1946) (1962)
23966  1 31    V 14    V 17   VI  2   IX 15 VIII 23   IX    95     59    118   77
23966  2          (2004)  (1992)          (1970)  (1966)       (1970) (2000)
23986  1  2   VI 18    V 21   VI 29 VIII 11 VIII 13   IX    89     60    106   54
23986  2          (1997)  (1995)          (1960)  (1991)       (1960) (1990)
24125  1 10   VI 26    V 24   VI 15 VIII 17  VII  6   IX    67     23     94   58
24125  2          (2011)  (1963)          (1965)  (2003)       (1965) (2011)
24136  1  9   VI 24    V 25   VI 17 VIII 21  VII 10   IX    70     34     95   70
24136  2          (1988)  (1987)          (1977)  (1971)       (2004) (2011)
24143  1 10   VI 28    V 26   VI 19 VIII 21  VII  7   IX    71     40     95   64
24143  2          (2013)  (1958)          (1977)  (1980)       (1989) (2013)
24266  1  3   VI 15    V 26   VI 20 VIII 24  VII 13   IX    79     43    112   67
24266  2          (2010)  (2003)          (1984)  (1908)       (1984) (1908)
24329  1  8   VI 22    V 23   VI 17 VIII 21  VII 13   IX    71     42     99   61
24329  2          (2011)  (1963)          (1977)  (1973)       (1977) (2011)
24343  1  7   VI 24    V 23   VI 24 VIII 20  VII 13   IX    79     38     99   76
24343  2          (1988)  (1991)          (1949)  (1944)       (2004) (1944)
24382  1  1   VI 13    V 19   VI 20 VIII 28  VII  5   IX    81     50    108   78
24382  2          (1959)  (1972)          (1985)  (1951)       (1985) (2010)
24507  1  4   VI 19    V 21   VI 28 VIII 15 VIII 11   IX    86     55    113   70
24507  2          (1945)  (1961)          (1961)  (1944)       (1961) (1945)
24606  1  4   VI 24    V 22   VI 27 VIII 16 VIII 14   IX    85     61    110   69
24606  2          (1953)  (1989)          (1953)  (1973)       (1968) (1973)
24641  1 29    V 10    V 14   VI  2   IX 12 VIII 18   IX    97     66    119   73
24641  2          (2010)  (1925)          (1979)  (1908)       (1979) (1908)
24661  1 28    V 11    V 16   VI 31 VIII 13 VIII 19   IX    96     65    126   66
24661  2          (2010)  (1982)          (1977)  (1983)       (1982) (1983)
24671  1  2   VI 24    V 19   VI 24 VIII  3 VIII  7   IX    84     53    104   76
24671  2          (1971)  (1972)          (1970)  (1983)       (1970) (1971)
24688  1  7   VI 23    V 18   VI 16 VIII 20  VII  4   IX    71     35     98   65
24688  2          (2010)  (1946)          (1990)  (2005)       (1990) (2008)
24713  1  1   VI 17    V 18   VI 29 VIII 17 VIII 19   IX    90     60    114   56
24713  2          (1997)  (1961)          (1951)  (1973)       (1961) (1973)
24738  1 26    V 11    V  8   VI  2   IX 14 VIII 16   IX   100     77    124   81
24738  2          (1990)  (1943)          (1979)  (2002)       (1979) (2002)
24790  1  8   VI 20    V 24   VI 16 VIII 20  VII  4   IX    70     34    105   73
24790  2          (2010)  (1958)          (1990)  (2008)       (1990) (2010)
24817  1 29    V 15    V 15   VI 30 VIII 15 VIII 14   IX    94     69    113   72
24817  2          (1981)  (1989)          (1979)  (1973)       (1963) (2002)
24908  1 29    V 14    V 12   VI 30 VIII 13 VIII 19   IX    94     68    123   73
24908  2          (1990)  (1936)          (1960)  (1973)       (1963) (2002)
24959  1 25    V 10    V 10   VI  4   IX 17 VIII 19   IX   103     78    126   69
24959  2          (2010)  (1920)          (1982)  (1983)       (1996) (1983)
24966  1 26    V  2    V 12   VI  4   IX 17 VIII 21   IX   102     69    127   59
24966  2          (2013)  (1970)          (1904)  (1983)       (1904) (1983)
24967  1 26    V 13    V 10   VI 31 VIII 18 VIII 20   IX    98     78    123   66
24967  2          (2013)  (1958)          (1982)  (1983)       (1943) (1983)
25138  1  8   VI 19    V 27   VI 10 VIII  9  VII  4   IX    64     31     92   77
25138  2          (2010)  (1963)          (1954)  (2006)       (1954) (1969)
25206  1  9   VI 19    V 22   VI 16 VIII 18  VII  4   IX    69     32    108   80
25206  2          (2010)  (1972)          (1939)  (2006)       (1999) (2010)
25248  1 14   VI 29    V 26   VI  4 VIII  6  VII 27 VIII    52     16     79   46
25248  2          (2010)  (1975)          (1965)  (1978)       (1965) (2005)
25325  1  6   VI 20    V 21   VI 11 VIII 16  VII 31 VIII    67     35     92   74
25325  2          (2010)  (1946)          (1970)  (1995)       (1999) (1958)
25356  1 11   VI 29    V 26   VI 12 VIII  6  VII  8   IX    63     19     98   64
25356  2          (1970)  (1987)          (1965)  (1991)       (1965) (1991)
25400  1  2   VI 14    V 21   VI 24 VIII 25  VII 15   IX    84     50    112   91
25400  2          (1968)  (1959)          (1984)  (1982)       (1984) (1968)
25428  1  5   VI 20    V 19   VI 17 VIII 25  VII  5   IX    74     46     98   63
25428  2          (2010)  (1996)          (2012)  (2006)       (1993) (2005)
25503  1  1   VI 17    V 16   VI 21 VIII 23  VII  4   IX    82     56    108   82
25503  2          (1968)  (1980)          (1991)  (2007)       (1985) (2007)
25538  1 11   VI 31    V 26   VI 12 VIII  8  VII 25 VIII    63     16     84   45
25538  2          (1970)  (1969)          (1982)  (1977)       (1982) (1991)
25551  1 11   VI 28    V 25   VI 20 VIII 23  VII  9   IX    71     33     94   50
25551  2          (1970)  (1982)          (1965)  (1915)       (1965) (1915)
25563  1 21   VI 13   VI 27   VI  7 VIII 11  VII  4   IX    48     16     79   17
25563  2          (1943)  (1981)          (1994)  (2007)       (1994) (2007)
25705  1  1   VI 18    V 16   VI 23 VIII  7 VIII  7   IX    84     59    108   85
25705  2          (2005)  (1980)          (1957)  (1989)       (1963) (2005)
25745  1 13   VI  1   VI 27   VI 25 VIII  8 VIII  9   IX    74     52     96   60
25745  2          (1964)  (1950)          (1992)  (1997)       (1963) (1991)
25927  1 22   VI 14   VI 28   VI  5   IX 20 VIII 18   IX    76     58     93   23
25927  2          (1989)  (2006)          (1988)  (1944)       (1988) (1989)
25954  1 20   VI  9   VI 28   VI 24 VIII  7  VII 16   IX    66     20     91   32
25954  2          (1998)  (1991)          (1997)  (1970)       (1941) (1994)
26063  1 13    V 18   IV 13   VI 23   IX 27 VIII 17    X   134     92    174   82
26063  2          (1921)  (1899)          (1893)  (1889)       (1916) (2000)
26157  1  7    V 19   IV  2   VI 24   IX 31 VIII  9    X   141    119    161   59
26157  2          (1990)  (1994)          (1993)  (1984)       (1994) (2006)
26275  1  4    V 15   IV 31    V 22   IX  7   IX 16    X   142    108    168   85
26275  2          (1990)  (1955)          (1993)  (1955)       (1952) (2012)
26359  1  2    V 16   IV 31    V 24   IX  6   IX 12    X   146    114    170   84
26359  2          (1990)  (1991)          (1993)  (1991)       (1973) (2011)
26781  1  4    V 17   IV  2   VI 20   IX 31 VIII 11    X   140    108    170   86
26781  2          (1950)  (1955)          (1987)  (1974)       (1956) (2011)
26997  1 26   IV  4   IV  7    V 28   IX 11   IX 19    X   156    134    188   86
26997  2          (1975)  (1964)          (1973)  (1967)       (1973) (2008)
27037  1 15    V 24   IV 14   VI 12   IX 25 VIII  9    X   121     83    154   86
27037  2          (2001)  (1982)          (1973)  (1974)       (1982) (2001)
27051  1 19    V 19   IV 14   VI  8   IX 15 VIII  7    X   113     82    146   79
27051  2          (1906)  (1982)          (1986)  (1899)       (1941) (1975)
27333  1  8    V 15   IV 12   VI 18   IX 26 VIII 11    X   134     96    169   87
27333  2          (2000)  (1941)          (1973)  (1974)       (1941) (2012)
27459  1  5    V 11   IV 12   VI 21   IX 26 VIII 20    X   140     97    177   82
27459  2          (1973)  (1941)          (1973)  (1918)       (1941) (2012)
27595  1  3    V  6   IV  7   VI 23   IX 31 VIII 19    X   144    103    181   82
27595  2          (1888)  (1941)          (1958)  (1889)       (1941) (2012)
27612  1 30   IV 11   IV 22    V 23   IX  5   IX 16    X   147    114    173   93
27612  2          (2000)  (1999)          (1961)  (1955)       (1956) (2012)
27648  1  3    V  4   IV  3   VI 23   IX 29 VIII 18    X   144    103    177   84
27648  2          (2008)  (1904)          (1906)  (1889)       (1904) (2012)
27675  1  2    V  7   IV  8   VI 22   IX  1   IX 14    X   144    101    179   80
27675  2          (1975)  (1941)          (1958)  (1896)       (1941) (2012)
27707  1 29   IV 16   IV 18    V 23   IX  7   IX 10    X   148    117    175   71
27707  2          (2012)  (1978)          (1993)  (2006)       (2008) (2012)
27823  1 29   IV  4   IV 15    V 24   IX  8   IX 16    X   149    120    188   85
27823  2          (2008)  (1956)          (1993)  (1955)       (1960) (2008)
27857  1 29   IV  3   IV 22    V 25   IX  8   IX 24    X   150    120    189   83
27857  2          (2008)  (1919)          (1900)  (1991)       (1884) (2008)
27995  1 26   IV  4   IV 20    V 28   IX 12   IX 25    X   156    124    191   84
27995  2          (2008)  (1945)          (1930)  (1991)       (1960) (1991)
28009  1 19    V 24   IV 14   VI  8   IX 24 VIII 30   IX   113     81    145   79
28009  2          (1967)  (1979)          (1966)  (2004)       (1979) (2004)
28064  1 19    V  1    V 10   VI 13   IX 27 VIII  5    X   118     87    150   82
28064  2          (1957)  (1979)          (1968)  (1936)       (1958) (1957)
28138  1 26    V  1    V 15   VI  3   IX 29  VII 23   IX   101     48    142   75
28138  2          (1962)  (1926)          (1978)  (1957)       (1978) (1957)
28224  1 14    V 21   IV  9   VI 15   IX 27 VIII 14    X   125     91    159   84
28224  2          (1906)  (1941)          (1973)  (1999)       (1947) (1974)
28255  1 12    V 19   IV  6   VI 15   IX 29 VIII 10    X   127     94    159   81
28255  2          (1995)  (1969)          (1973)  (1974)       (1969) (1974)
28275  1 16    V 22   IV 10   VI 15   IX 24 VIII 15    X   123     91    150   81
28275  2          (1924)  (1979)          (1939)  (2011)       (1963) (2011)
28418  1  8    V 11   IV  5   VI 20   IX 27 VIII 15    X   136    105    167   90
28418  2          (1995)  (1947)          (1973)  (2003)       (1958) (1927)
28434  1 11    V 12   IV  9   VI 15   IX 27 VIII  5    X   128     93    156   92
28434  2          (1995)  (1941)          (1983)  (1936)       (1947) (1995)
28493  1 15    V 18   IV  8   VI 14   IX 24 VIII  4    X   123     95    152   76
28493  2          (1967)  (2007)          (1947)  (2011)       (1940) (1957)
28552  1  5    V 14   IV  5   VI 19   IX  1   IX 15    X   138     96    165   86
28552  2          (1951)  (1969)          (1958)  (1999)       (1969) (1951)
28573  1 10    V 17   IV  2   VI 16   IX 25 VIII  9    X   130    105    163   85
28573  2          (1967)  (1985)          (1996)  (1997)       (1937) (1991)
28666  1  7    V 17   IV 25    V 21   IX  5   IX 16    X   138    110    173   82
28666  2          (1991)  (1985)          (1949)  (1999)       (1958) (1991)
28698  1  8    V 16   IV 31    V 19   IX 31 VIII  9    X   135    109    173   81
28698  2          (1967)  (1979)          (1949)  (1997)       (1926) (1997)
28704  1  2    V  8   IV 30    V 21   IX  3   IX 15    X   143    110    176   85
28704  2          (1975)  (1969)          (1939)  (2003)       (1939) (1975)
28722  1  2    V  8   IV 29    V 22   IX  5   IX 20    X   144    111    182   83
28722  2          (1975)  (1941)          (1901)  (1905)       (1918) (1935)
28748  1 30   IV  8   IV 23    V 22   IX  6   IX 15    X   146    116    176   86
28748  2          (1975)  (1940)          (1943)  (1999)       (1945) (1975)
29111  1 25    V  2    V 15   VI  8   IX 17 VIII 30   IX   107     77    138   78
29111  2          (1962)  (1970)          (1978)  (2011)       (1946) (1962)
29231  1 23    V  2    V 13   VI 10   IX 24 VIII 29   IX   111     81    137   81
29231  2          (1999)  (1995)          (1947)  (1951)       (1967) (1951)
29263  1 24    V  2    V 12   VI  9   IX 12 VIII  1    X   109     80    132   76
29263  2          (1999)  (1894)          (1917)  (1886)       (1938) (1908)
29282  1 24    V 13    V  7   VI  8   IX 19 VIII 25   IX   108     86    129   73
29282  2          (1990)  (1961)          (1937)  (1988)       (1937) (2004)
29313  1 21    V 28   IV 13   VI  8   IX 18 VIII 26   IX   111     78    140   83
29313  2          (1982)  (1995)          (1936)  (1978)       (1946) (1991)
29328  1 19    V  1    V 11   VI 11   IX 22 VIII 28   IX   116     77    148   81
29328  2          (1994)  (1949)          (1946)  (1965)       (1946) (1965)
29379  1 19    V  2    V  7   VI  9   IX 26 VIII 25   IX   114     88    132   70
29379  2          (1999)  (2014)          (2006)  (1988)       (2014) (2002)
29570  1 18    V 23   IV  5   VI 12   IX 26 VIII  4    X   118     89    149   89
29570  2          (2007)  (1984)          (1938)  (1950)       (2014) (1945)
29594  1 20    V 30   IV  5   VI  9   IX 26 VIII 25   IX   113     93    139   81
29594  2          (2007)  (1984)          (1938)  (1988)       (1975) (1927)
29612  1 13    V 19   IV  6   VI 16   IX 25 VIII 15    X   127     98    159   77
29612  2          (1967)  (1971)          (1946)  (2011)       (1958) (1939)
29645  1 13    V 21   IV  4   VI 15   IX 27 VIII  2    X   126     98    148   88
29645  2          (1967)  (1984)          (1967)  (1966)       (1972) (1965)
29752  1  7   VI 15    V 26   VI 22 VIII 29  VII 18   IX    77     39    103   72
29752  2          (2004)  (1946)          (1989)  (1973)       (1989) (2003)
29789  1  4   VI 15    V 23   VI 22 VIII  6  VII  7   IX    80     48    107   73
29789  2          (2004)  (1936)          (1951)  (1999)       (1951) (1999)
29866  1 12    V 21   IV 29    V 16   IX 27 VIII 30   IX   128    102    148   73
29866  2          (1967)  (1933)          (1938)  (1966)       (1933) (1945)
29939  1  8    V 19   IV 27    V 20   IX 27 VIII  7    X   136    112    162   87
29939  2          (1967)  (1942)          (1938)  (1979)       (1949) (1997)
30054  1 28    V 12    V  9   VI  2   IX  7  VII 16   IX    98     41    117   72
30054  2          (1990)  (1958)          (1978)  (2012)       (1978) (2002)
30089  1 27    V 15    V  8   VI  2   IX 17 VIII 16   IX    99     82    119   70
30089  2          (2002)  (1976)          (1982)  (1983)       (1961) (1983)
30230  1 25    V  8    V  8   VI  4   IX  7  VII 24   IX   103     41    125   68
30230  2          (2002)  (1972)          (1978)  (1894)       (1978) (2000)
30252  1 27    V  7    V  8   VI  5   IX 21 VIII 19   IX   102     76    125   77
30252  2          (2002)  (1972)          (2006)  (2012)       (2006) (2002)
30309  1 25    V  9    V 13   VI  7   IX 20 VIII 29   IX   106     84    130   77
30309  2          (2001)  (1974)          (1937)  (1966)       (1957) (2004)
30372  1  3   VI 21    V 21   VI 31 VIII 15 VIII 16   IX    90     57    108   75
30372  2          (1992)  (1976)          (1979)  (1983)       (1976) (2002)
30385  1 26    V  7    V  9   VI  4   IX 23 VIII 15   IX   102     84    123   70
30385  2          (2014)  (1976)          (1957)  (1944)       (1966) (1979)
30393  1  3   VI 21    V 16   VI 30 VIII 12 VIII 15   IX    89     64    108   76
30393  2          (1992)  (1969)          (1979)  (1973)       (1979) (1973)
30433  1  6   VI 14    V 25   VI  8   IX  6  VII 26   IX    95     15    125   78
30433  2          (2002)  (1961)          (1978)  (1988)       (1978) (2002)
30521  1 24    V  9    V  9   VI  4   IX 23 VIII 19   IX   104     83    124   77
30521  2          (2001)  (1970)          (1957)  (1973)       (1967) (2000)
30554  1  1   VI 17    V 19   VI 29 VIII 13 VIII 15   IX    90     59    111   80
30554  2          (2002)  (1976)          (1945)  (1983)       (1976) (2010)
30612  1 21    V  7    V  2   VI  9   IX 29 VIII 21   IX   112     96    128   73
30612  2          (1947)  (2013)          (1941)  (1984)       (1936) (1947)
30636  1 22    V  4    V  9   VI 10   IX 24 VIII 27   IX   112     91    129   69
30636  2          (1999)  (1983)          (1957)  (1988)       (1966) (1999)
30650  1 27    V 10    V 15   VI  2   IX 19 VIII 18   IX    99     76    118   72
30650  2          (2001)  (1983)          (1951)  (1973)       (1942) (2001)
30673  1 25    V 12    V  9   VI  3   IX 24 VIII 18   IX   102     82    125   67
30673  2          (1917)  (1983)          (1915)  (2007)       (1972) (2010)
30710  1 19    V 27   IV  3   VI  9   IX 23 VIII 23   IX   114     84    143   82
30710  2          (2007)  (1983)          (1957)  (2004)       (1957) (2012)
30758  1 20    V  3    V  2   VI 10   IX 24 VIII 27   IX   114     94    136   76
30758  2          (1943)  (1936)          (1957)  (1988)       (1982) (1943)
30777  1 14    V 27   IV 27    V 11   IX 24 VIII 26   IX   121    104    149   77
30777  2          (2000)  (1987)          (1957)  (1944)       (1976) (2000)
30844  1 25    V  4    V 11   VI  4   IX 23 VIII 18   IX   103     83    135   87
30844  2          (1943)  (1983)          (1961)  (1973)       (2008) (1943)
30879  1 17    V 26   IV  6   VI 11   IX 24 VIII  2    X   118     93    149   84
30879  2          (1900)  (1881)          (1957)  (1932)       (1912) (1900)
30925  1 16    V 28   IV  3   VI 13   IX 26 VIII 30   IX   121     96    145   68
30925  2          (2007)  (1936)          (1957)  (1966)       (1936) (2012)
30935  1 20    V  2    V 31    V  6   IX 19 VIII 25   IX   110     89    146   66
30935  2          (2012)  (1948)          (1951)  (2012)       (1942) (2012)
30949  1 17    V 30   IV 31    V  9   IX 25 VIII 27   IX   116     89    145   64
30949  2          (2000)  (1940)          (1949)  (1988)       (1957) (2000)
30965  1 16    V 27   IV 30    V 13   IX 26 VIII  1    X   121     95    149   77
30965  2          (2000)  (1995)          (1913)  (1932)       (1912) (2000)
31004  1  1   VI 17    V 20   VI 30 VIII  5 VIII 19   IX    91     64    121   85
31004  2          (1981)  (1972)          (1984)  (1983)       (1972) (1983)
31088  1 21   VI  9   VI 28   VI 10   IX  1   IX 25   IX    82     65    102   13
31088  2          (2014)  (1974)          (1974)  (2009)       (1974) (2014)
31137  1  4   VI 23    V 20   VI 22 VIII 13  VII 10   IX    80     36    105   70
31137  2          (1975)  (1962)          (1987)  (1983)       (1987) (2010)
31168  1 19   VI  5   VI 27   VI 12   IX 10  VII 25   IX    86     21    107   19
31168  2          (2002)  (2004)          (1977)  (1936)       (1977) (2002)
31174  1 22   VI 16   VI 27   VI  9   IX  5 VIII 23   IX    80     41     99   19
31174  2          (1997)  (1928)          (1986)  (1996)       (1986) (1996)
31253  1 22    V 27   IV  5   VI 11   IX 27 VIII 30   IX   113     91    151   65
31253  2          (2000)  (1945)          (1981)  (2005)       (1935) (2000)
31329  1 26    V  8    V 13   VI  8   IX 28 VIII 28   IX   106     87    125   82
31329  2          (2002)  (1972)          (1978)  (2004)       (1972) (1994)
31369  1  5   VI 18    V 21   VI 19   IX 10  VII  4    X   107     46    125   71
31369  2          (1981)  (1904)          (1959)  (1904)       (1959) (1936)
31416  1 25    V 28   IV 15   VI 18   IX  5   IX  1    X   117     96    153   91
31416  2          (2000)  (1947)          (1967)  (2005)       (1940) (2000)
31439  1 27    V  8    V 16   VI 21   IX  9   IX  2    X   118     98    136   68
31439  2          (2002)  (1947)          (1966)  (1994)       (1972) (2002)
31478  1  2   VI 17    V 17   VI  1   IX 18 VIII 14   IX    92     68    110   71
31478  2          (1966)  (1969)          (1979)  (2007)       (1979) (2007)
31707  1  5    V 18   IV 17    V 29   IX 11   IX 10    X   148    127    170   75
31707  2          (1967)  (1980)          (1997)  (1943)       (1980) (1943)
31770  1  9   VI 27    V 27   VI 28   IX  8   IX 11    X   112     76    128   74
31770  2          (1938)  (1945)          (1969)  (2006)       (1969) (1956)
31829  1 16   VI 26    V 27   VI  6    X 25   IX 13    X   113     96    129   40
31829  2          (2004)  (1945)          (1980)  (1948)       (1977) (2004)
31960  1 21    V 25   IV 22   VI 13    X 24   IX 27    X   146    109    169   81
31960  2          (2014)  (1983)          (1969)  (1935)       (1969) (1998)
31961  1  6    V 19   IV 30    V  7    X 22   IX 24    X   155    115    188   85
31961  2          (1998)  (1969)          (1969)  (2008)       (1969) (2008)
31989  1 27    V  9    V 17   VI 16    X  2    X  2   XI   143    107    166   63
31989  2          (2004)  (1960)          (1969)  (1990)       (1960) (2004)
32027  1 15   VI  3   VI 23   VI 24   IX  8   IX  8    X   102     76    121   54
32027  2          (2014)  (1940)          (1969)  (1988)       (1969) (2009)
32061  1  6   VI 16    V 27   VI 26   IX 10   IX  8    X   113     75    143   68
32061  2          (1948)  (1985)          (1985)  (1915)       (1985) (1948)
32076  1 21   VI  4   VI 28   VI 15   IX 13 VIII  1    X    87     48    109   19
32076  2          (1984)  (1955)          (1965)  (2005)       (1965) (1984)
32098  1 15   VI 27    V 28   VI 27   IX 14   IX  8    X   105     84    125   51
32098  2          (1938)  (1911)          (1997)  (1957)       (1942) (1938)
32150  1  3   VI 19    V 22   VI  1    X 20   IX 10    X   121    102    142   69
32150  2          (2009)  (1947)          (1950)  (1970)       (1947) (1991)
32165  1 18   VI  1   VI 27   VI 19    X  7    X 29    X   124    106    144   47
32165  2          (2004)  (2003)          (1968)  (1991)       (1968) (1991)
32252  1 22   VI 17   VI 27   VI 10 VIII  2  VII 15   IX    50      7     80   18
32252  2          (1991)  (1940)          (1946)  (1953)       (1956) (1953)
32287  1 21   VI 10   VI 28   VI 31 VIII  2  VII 28   IX    72      6     95   33
32287  2          (1989)  (1941)          (1949)  (2008)       (1949) (2008)
32389  1  8   VI 22    V 23   VI  7   IX  7  VII 26   IX    92     22    118   57
32389  2          (1948)  (1982)          (1945)  (2008)       (1941) (2013)
32477  1 20   VI  8   VI 28   VI  6   IX 11  VII 21   IX    79     29    105   32
32477  2          (2008)  (1982)          (1991)  (2008)       (1991) (2008)
32509  1 19   VI  5   VI 27   VI 11   IX  5  VII 29   IX    85      8    109   22
32509  2          (1984)  (1982)          (1982)  (1943)       (1982) (1984)
32562  1 20   VI 14   VI 27   VI 12   IX  1   IX  3    X    85     68    105   22
32562  2          (1999)  (1969)          (1979)  (1996)       (1969) (1996)
34110  1 27   IV  3   IV 16    V 30   IX 11   IX 21    X   157    129    184   74
34110  2          (1975)  (1918)          (1956)  (1918)       (1976) (1903)
34123  1 24   IV  2   IV 12    V 30   IX 10   IX 25    X   160    128    195   79
34123  2          (1975)  (1976)          (1956)  (2009)       (1958) (1991)
34152  1 22   IV  2   IV  9    V 30   IX 15   IX 24    X   162    137    194   79
34152  2          (1975)  (1965)          (1977)  (1991)       (1961) (1991)
34163  1 27   IV  2   IV 29    V 28   IX  8   IX 24    X   155    112    183   83
34163  2          (1951)  (1941)          (1943)  (1991)       (1941) (2012)
34186  1 21   IV  2   IV 13    V  1    X 14   IX 25    X   164    124    191   58
34186  2          (2008)  (1960)          (1973)  (1991)       (1960) (1991)
34579  1 14   IV 28  III  2    V  9    X 24   IX 30    X   179    156    202   68
34579  2          (1951)  (1992)          (1941)  (1955)       (1992) (2008)
34720  1 14   IV 26  III 27   IV 17    X 28   IX  7   XI   187    154    211   55
34720  2          (1983)  (1912)          (1986)  (1938)       (1912) (1967)
34740  1 11   IV 25  III  2    V 15    X 24   IX  8   XI   188    159    213   66
34740  2          (1947)  (1992)          (1941)  (1967)       (1941) (1967)
34866  1 11   IV 30  III 26   IV 17    X 30   IX  6   XI   190    163    212   54
34866  2          (1951)  (1961)          (1959)  (1974)       (1961) (2006)
34880  1 12   IV 29  III  1    V 16    X 23   IX  6   XI   188    158    213   59
34880  2          (1947)  (1945)          (1881)  (2006)       (1881) (2006)
34927  1  4   IV 20   II 21   IV 26    X 30   IX  1  XII   206    175    284   68
34927  2          (2010)  (2007)          (1959)  (2010)       (1959) (2010)
34949  1 17   IV  1   IV  4    V 19    X 26   IX 18   XI   186    154    216   71
34949  2          (1975)  (1992)          (1986)  (2010)       (1987) (2010)
35011  1 26   IV  8   IV 18    V 29   IX 13   IX 20    X   157    124    189   86
35011  2          (1975)  (1971)          (1973)  (1974)       (1960) (2012)
36038  1  5    V 15   IV 25    V 24   IX  3   IX 21    X   143    113    181   61
36038  2          (1997)  (1929)          (1938)  (1936)       (1963) (1997)
36064  1 18    V 23   IV 11   VI 17   IX 27 VIII  3    X   123     93    152   83
36064  2          (2007)  (1948)          (1967)  (1966)       (1949) (2007)
36096  1  8    V 20   IV 26    V 16   IX  1   IX  5    X   132    112    152   85
36096  2          (1997)  (1973)          (1949)  (2006)       (1968) (2007)
36229  1 18    V 28   IV 18   VI  9   IX 19 VIII 29   IX   115     82    143   81
36229  2          (1997)  (1958)          (1952)  (1959)       (1958) (1962)
36259  1 29    V 10    V 22   VI 29 VIII 13 VIII 15   IX    93     67    120   65
36259  2          (2008)  (1958)          (1951)  (1988)       (1937) (2008)
36307  1 12    V 21   IV 26    V 15   IX 29 VIII  4    X   127    101    147   82
36307  2          (1997)  (1957)          (1967)  (1966)       (1963) (1980)
37001  1  8   IV 15  III 30   IV  9   XI 17    X 15  XII   216    177    262   63
37001  2          (1962)  (1987)          (1999)  (1981)       (1987) (1962)
37061  1 12   IV 26  III 28   IV 20    X  2    X  8   XI   192    163    215   53
37061  2          (1947)  (1945)          (1959)  (1967)       (1949) (2008)
37107  1 16   IV 24  III  3    V 25    X 27   IX  6  XII   193    160    234   82
37107  2          (1951)  (1945)          (1959)  (2010)       (1945) (2010)
37126  1 13   VI 17    V 27   VI  1   IX  8  VII  1    X    81     38    122   39
37126  2          (2007)  (2000)          (1964)  (2010)       (1964) (2010)
37228  1 19   IV 24  III 12    V 18    X 29   IX 14   XI   183    154    213   30
37228  2          (2008)  (1912)          (1986)  (1927)       (1999) (1932)
37470  1 15   IV 26  III 30   IV 10   XI 17    X 16  XII   210    176    242   61
37470  2          (2008)  (1952)          (1977)  (2010)       (1977) (2010)
37472  1 15   IV 21  III  6    V  4   XI  5    X 28   XI   204    170    234   61
37472  2          (1888)  (1992)          (1951)  (1966)       (1965) (1888)
37663  1 19   IV 25  III 17    V 18    X 25   IX 18   XI   183    143    218   70
37663  2          (1951)  (1912)          (1951)  (1927)       (1992) (1998)
31152  1 27    V  8    V 14   VI  4   IX 19 VIII 21   IX   101     72    128   72
31152  2          (2014)  (1972)          (1953)  (1983)       (1970) (2014)
