20069 1966 2011
20087 1966 2011
20292 1966 2011
20476 1966 2011
20667 1966 2011
20674 1966 2012
20744 1967 2012
20891 1966 2012
20982 1966 2012
21432 1966 2012
21802 1966 2012
21908 1966 2012
21921 1974 2012
21931 1966 2012
21946 1966 2012
21982 1966 2012
22113 1966 2012
22165 1974 2012
22217 1966 2012
22235 1966 2012
22471 1973 2012
22520 1966 2012
22550 1966 2012
22619 1966 2012
22641 1966 2012
22676 1966 2012
22768 1966 2012
22802 1966 2012
22820 1966 2012
22837 1966 2012
23022 1966 2012
23032 1966 2012
23058 1967 2012
23074 1972 2012
23205 1966 2012
23242 1966 2012
23256 1966 2012
23274 1966 2012
23324 1966 2012
23330 1973 2012
23383 1966 2012
23405 1966 2012
23445 1966 2012
23463 1966 2012
23472 1966 2012
23552 1966 2012
23631 1966 2012
23662 1966 2012
23678 1972 2012
23711 1966 2012
23724 1966 2012
23734 1966 2012
23867 1966 2012
23884 1966 2012
23891 1966 2012
23914 1971 2012
23921 1966 2012
23933 1966 2012
23955 1966 2012
23966 1966 2012
23986 1966 2012
24125 1966 2012
24136 1966 2012
24143 1966 2012
24266 1966 2012
24329 1967 2012
24343 1966 2012
24382 1966 2012
24507 1966 2012
24606 1966 2012
24641 1966 2012
24661 1966 2012
24671 1966 2012
24688 1966 2012
24713 1966 2012
24738 1966 2012
24790 1966 2012
24817 1966 2012
24908 1966 2012
24959 1966 2012
24966 1966 2012
24967 1966 2012
25062 1966 2012
25138 1966 2012
25173 1966 2012
25206 1966 2012
25248 1966 2012
25282 1967 2012
25325 1966 2012
25356 1966 2012
25378 1977 2012
25399 1977 2012
25400 1966 2012
25428 1966 2012
25503 1966 2012
25538 1966 2012
25551 1966 2012
25563 1966 2012
25594 1966 2012
25677 1966 2012
25705 1966 2012
25745 1966 2012
25927 1966 2012
25932 1966 2012
25954 1966 2012
25956 1966 2012
26063 1966 2012
26157 1966 2012
26275 1966 2012
26359 1966 2012
26781 1966 2012
26997 1966 2011
27037 1966 2012
27051 1966 2012
27333 1966 2012
27459 1966 2012
27595 1966 2012
27612 1966 2012
27648 1966 2012
27675 1966 2012
27707 1966 2012
27823 1966 2012
27857 1966 2012
27995 1966 2011
28009 1966 2012
28064 1966 2012
28138 1966 2012
28224 1966 2012
28255 1966 2012
28275 1966 2012
28418 1966 2012
28434 1966 2012
28493 1966 2012
28552 1966 2012
28573 1966 2012
28666 1966 2012
28698 1966 2012
28704 1966 2012
28722 1966 2012
28748 1966 2012
29111 1966 2012
29231 1966 2012
29263 1966 2012
29282 1966 2012
29313 1966 2012
29328 1966 2012
29379 1988 2012
29570 1966 2012
29594 1966 2012
29612 1966 2012
29645 1966 2012
29752 1972 2012
29789 1966 2012
29866 1966 2012
29939 1966 2011
30054 1966 2012
30089 1966 2012
30230 1966 2012
30252 1966 2012
30309 1966 2012
30372 1966 2012
30385 1966 2012
30393 1966 2012
30433 1966 2012
30521 1966 2012
30554 1966 2012
30612 1966 2012
30636 1966 2012
30650 1966 2012
30673 1966 2012
30710 1966 2012
30758 1966 2012
30777 1966 2012
30844 1966 2012
30879 1966 2012
30925 1966 2012
30935 1966 2012
30949 1966 2012
30965 1966 2012
31004 1966 2012
31088 1966 2012
31137 1966 2012
31168 1966 2012
31174 1966 2012
31253 1966 2012
31329 1966 2012
31369 1966 2012
31416 1966 2012
31439 1966 2012
31478 1966 2012
31707 1966 2012
31770 1966 2012
31829 1966 2010
31960 1966 2012
31961 1966 2012
31989 1966 2012
32027 1966 2012
32061 1966 2012
32076 1966 2012
32098 1966 2012
32099 1966 2012
32150 1976 2012
32165 1966 2012
32213 1966 2012
32252 1973 2012
32287 1966 2012
32389 1966 2012
32477 1966 2012
32509 1966 2012
32562 1966 2012
32618 1973 2012
34110 1966 2012
34123 1966 2011
34152 1966 2011
34163 1966 2011
34186 1966 2011
34579 1966 2012
34720 1966 2012
34740 1966 2012
34866 1966 2012
34880 1966 2012
34927 1966 2012
34949 1966 2012
35011 1966 2011
36038 1969 2012
36064 1966 2011
36096 1966 2011
36229 1966 2012
36259 1966 2012
36307 1972 2012
37001 1966 2012
37061 1966 2012
37107 1966 2012
37126 1966 2012
37228 1982 2012
37470 1966 2012
37472 1966 2012
37663 1966 2012
31152 1966 2012
