23914  1 21   VI 14   VI 26   VI 11  VII  4  VII 27  VII    21      8     33    9
23914  2          (1981)  (1898)          (1918)  (1898)       (1937) (1916)
24641  1 22   VI 12   VI 27   VI 14  VII  1  VII  9 VIII    23      6     47   20
24641  2          (1934)  (1988)          (2008)  (1954)       (1966) (1954)
24959  1 20   VI 12   VI 27   VI 15  VII  1  VII 10 VIII    26      7     46   18
24959  2          (1914)  (1918)          (1892)  (1954)       (1918) (1954)
27051  1 21   VI 11   VI 25   VI 11  VII  2  VII 30  VII    21     11     35    8
27051  2          (1895)  (1932)          (1968)  (2011)       (1911) (2011)
27333  1 20   VI  6   VI 28   VI 24  VII  5  VII 28 VIII    35     16     68   11
27333  2          (1999)  (1966)          (1991)  (1972)       (1991) (1972)
27459  1 17   VI  5   VI 27   VI 19  VII  1  VII 14 VIII    33      6     59   15
27459  2          (1999)  (1979)          (1912)  (1972)       (1979) (1972)
27595  1 15   VI 29    V 28   VI 25  VII  1  VII 31 VIII    41     10     75   28
27595  2          (1921)  (1973)          (1908)  (1972)       (1973) (1972)
27648  1 19   VI  6   VI 28   VI 22  VII  1  VII 21 VIII    34      6     72   15
27648  2          (1999)  (1923)          (1984)  (1932)       (1984) (1954)
27675  1 16   VI 29    V 28   VI 22  VII  1  VII 25 VIII    37      8     67   19
27675  2          (1948)  (1910)          (1908)  (1932)       (1975) (1932)
27823  1 14   VI  6   VI 23   VI  2 VIII  9  VII 28 VIII    50     16     74   14
27823  2          (1999)  (1988)          (1968)  (1972)       (1997) (1972)
27857  1 13   VI 20    V 26   VI 25  VII  1  VII  5   IX    43      9     76   34
27857  2          (1995)  (1955)          (1912)  (1890)       (1926) (1972)
27995  1 11   VI  7    V 28   VI  8 VIII  2  VII  9   IX    59     13    110   48
27995  2          (1921)  (1938)          (1912)  (1957)       (1950) (1921)
28064  1 22   VI 18   VI 28   VI 13  VII  2  VII  6 VIII    22      7     47   14
28064  2          (1938)  (1990)          (1938)  (1987)       (2010) (1987)
28224  1 19   VI  9   VI 27   VI 20  VII  2  VII  2   IX    32      6     82   15
28224  2          (1989)  (1984)          (1956)  (1981)       (1984) (1981)
28255  1 20   VI 12   VI 27   VI 14  VII  2  VII 27  VII    25      9     45   15
28255  2          (1958)  (1990)          (1948)  (1958)       (1948) (1958)
28275  1 17   VI 25    V 27   VI 17  VII  2  VII  8 VIII    31      9     67   17
28275  2          (1952)  (1929)          (1925)  (1892)       (1968) (1952)
28418  1 14   VI 29    V 27   VI 28  VII  2  VII  1   IX    45     15     82   21
28418  2          (1936)  (1932)          (1956)  (1981)       (1985) (1981)
28493  1 19   VI 29    V 26   VI 11  VII  2  VII  3 VIII    23      6     66   15
28493  2          (2012)  (1936)          (1936)  (2012)       (1936) (2012)
28552  1 15   VI 24    V 28   VI 19  VII  2  VII  3   IX    35      7     82   32
28552  2          (1952)  (1967)          (1986)  (1981)       (1997) (1981)
28573  1 18   VI 29    V 26   VI 13  VII  4  VII  7 VIII    26     10     48   20
28573  2          (2012)  (1967)          (1994)  (1987)       (1968) (1987)
28666  1 16   VI 24    V 26   VI 20  VII  3  VII 19 VIII    35      8     74   29
28666  2          (1952)  (2004)          (1991)  (1981)       (1997) (1952)
28698  1 13   VI 30    V 26   VI 15  VII  2  VII  8 VIII    33     10     71   31
28698  2          (1991)  (1968)          (1925)  (2012)       (1986) (2012)
28704  1 12   VI 30    V 25   VI 28  VII  3  VII  3   IX    47     15     77   22
28704  2          (1936)  (1984)          (1948)  (1972)       (1980) (1972)
28722  1 12   VI 23    V 28   VI 27  VII  1  VII  2   IX    46     13     82   33
28722  2          (1952)  (2003)          (1948)  (1981)       (1968) (1952)
28748  1 11   VI 18    V 24   VI 30  VII  2  VII  9   IX    50     15     87   35
28748  2          (1952)  (2003)          (2006)  (2003)       (1944) (1952)
29111  1 20   VI 30    V 27   VI 10  VII  2  VII 28  VII    21      8     59   10
29111  2          (2012)  (1934)          (1934)  (2012)       (1977) (2012)
29263  1 21   VI 12   VI 28   VI 17  VII  5  VII  5 VIII    27      8     47   11
29263  2          (1915)  (1921)          (1894)  (1909)       (1894) (1909)
29282  1 22   VI 16   VI 28   VI 13  VII  2  VII  7 VIII    22      6     45   13
29282  2          (1979)  (1942)          (1977)  (1953)       (1992) (1953)
29612  1 18   VI  1   VI 28   VI 18  VII  4  VII 11 VIII    31      8     68   16
29612  2          (2012)  (1953)          (1906)  (1955)       (2008) (1955)
29866  1 20   VI  6   VI 28   VI 23  VII  4  VII 10 VIII    34      7     59   30
29866  2          (1994)  (1917)          (1930)  (1964)       (1917) (2012)
29939  1 17   VI 31    V 28   VI 22  VII  2  VII 15 VIII    36     10     76   22
29939  2          (2012)  (1993)          (1944)  (2012)       (1944) (2012)
30230  1 21   VI 16   VI 28   VI  8  VII  2  VII 19  VII    18      6     30   10
30230  2          (1906)  (1925)          (1909)  (1962)       (1925) (1962)
30758  1 23   VI  7   VI 28   VI 14  VII  1  VII  3 VIII    22      7     46   13
30758  2          (2004)  (1917)          (1904)  (2002)       (1944) (2004)
30777  1 22   VI 16   VI 27   VI 16  VII  3  VII  9 VIII    25      8     48   16
30777  2          (1967)  (2000)          (1953)  (2008)       (1971) (2008)
30879  1 24   VI 17   VI 27   VI 15  VII  1  VII 11 VIII    22      6     52   12
30879  2          (1944)  (1904)          (1980)  (1897)       (1904) (1897)
30925  1 17   VI  5   VI 27   VI 22  VII  4  VII  6 VIII    36     12     50   14
30925  2          (2004)  (1901)          (2011)  (1903)       (1957) (1948)
30965  1 19   VI  6   VI 27   VI 24  VII  2  VII 20 VIII    36      6     75   20
30965  2          (2007)  (2000)          (1904)  (2007)       (1904) (2007)
31707  1 17   VI  8   VI 25   VI 10 VIII 11  VII  5   IX    55     29     89   34
31707  2          (2010)  (1977)          (1986)  (2010)       (1971) (2010)
34110  1 14   VI 19    V 27   VI 29  VII  2  VII 10   IX    46      8     89   25
34110  2          (2007)  (1938)          (1979)  (1938)       (1979) (2007)
34123  1 10   VI 11    V 28   VI  1 VIII  1  VII 11   IX    53      7     83   42
34123  2          (2013)  (1965)          (1984)  (1938)       (1984) (2007)
34152  1  5   VI 11    V 23   VI  6 VIII  4  VII 30 VIII    63     18    102   33
34152  2          (1984)  (1980)          (1992)  (2010)       (1992) (2007)
34163  1 10   VI 21    V 28   VI  7 VIII  1  VII  8   IX    59     10     96   41
34163  2          (1905)  (1910)          (1916)  (1957)       (1950) (1890)
34186  1  5   VI  5    V 26   VI 13 VIII  1  VII 13   IX    70      6    112   42
34186  2          (1957)  (2000)          (1976)  (1995)       (2000) (1995)
34579  1 26    V  6    V 22   VI  4   IX 17 VIII 22   IX   102     65    137   77
34579  2          (1957)  (1982)          (1977)  (1938)       (1993) (1957)
34720  1  1   VI  1    V 23   VI  3   IX  4 VIII 27   IX    95     57    126   58
34720  2          (2013)  (1909)          (1969)  (1937)       (1933) (2013)
34740  1  2   VI  8    V 22   VI 31 VIII  6  VII 21   IX    91     25    129   61
34740  2          (2012)  (1966)          (1987)  (1971)       (1987) (1957)
34866  1 26    V  3    V 14   VI  7   IX 23 VIII 29   IX   105     77    133   71
34866  2          (2013)  (2002)          (1950)  (1994)       (1996) (1957)
34880  1 24    V  5    V 11   VI  5   IX 22 VIII 25   IX   105     79    138   74
34880  2          (1957)  (1895)          (1914)  (2005)       (1994) (1957)
34927  1 31    V 26   IV 24   VI  5   IX 27  VII  7    X    98     64    164   66
34927  2          (2012)  (1982)          (1985)  (2012)       (1969) (2012)
34949  1 13   VI 23    V 27   VI 17 VIII  7  VII  9   IX    66     29     99   49
34949  2          (2007)  (1988)          (1972)  (2014)       (1972) (2010)
35011  1  8   VI 17    V 24   VI 11 VIII  3  VII  6   IX    65     12     96   54
35011  2          (2005)  (1980)          (1968)  (1982)       (1968) (2006)
36038  1 18   VI 27    V 28   VI 25  VII  2  VII 12 VIII    38      9     77   18
36038  2          (1955)  (1939)          (1983)  (1955)       (1986) (1955)
36096  1 15   VI 27    V 28   VI 25  VII  3  VII 21 VIII    41     14     78   36
36096  2          (2001)  (1993)          (1950)  (2014)       (1950) (2001)
36307  1 20   VI  8   VI 28   VI 21  VII  2  VII 23 VIII    32      6     60   18
36307  2          (2003)  (1986)          (1971)  (2002)       (1971) (2002)
37001  1  8   VI 18    V 27   VI  7   IX 17 VIII 21   IX    92     52    118   48
37001  2          (2007)  (1978)          (1964)  (1971)       (1978) (2007)
37061  1  1   VI  6    V 19   VI  8   IX 24  VII  2    X   100     46    149   64
37061  2          (2012)  (1925)          (2003)  (2012)       (2003) (2012)
37107  1 18   VI 18    V 27   VI  7 VIII  5  VII  9   IX    51     10    101   18
37107  2          (2007)  (1972)          (1984)  (2010)       (1984) (2007)
37228  1 15   VI 19    V 27   VI 11 VIII 14  VII 10   IX    58     17    114    9
37228  2          (2007)  (2000)          (1881)  (2007)       (1881) (2007)
37470  1  3   VI 14    V 13   VI 17   IX 30 VIII 10    X   107     85    149   46
37470  2          (2014)  (1937)          (1966)  (2012)       (1959) (2012)
37472  1  3   VI 15    V 26   VI 13   IX  4  VII 10    X   103     28    128   61
37472  2          (2014)  (1978)          (1969)  (1918)       (1969) (1887)
37663  1 19   VI  3   VI 28   VI  2 VIII  3  VII  8   IX    45     11     97   19
37663  2          (2010)  (1995)          (1942)  (2010)       (1942) (2010)
