20069   6   5   6   8   2   4   4   3   4  10   8   7  34
20087   7   3   4   5   3   3   3   3   6   6   3   5  23
20292  14   6   6   7   4   3   3   3   3   6   4  10  28
20476  18   8   8   7   4   3   3   4   4   9   8  11  51
20667   8   5   5   4   3   4   3   4   8   9   9   9  32
20674  14  12   9   8   8   7   2   5   8  10   8  15  49
20744  20  20  18  20  13  14  11  12  11  15  16  22 115
20891   3   3   4   2   2   2   2   2   2   3   3   3   9
20982   8   9   8   7   5   3   2   3   4   7   8   6  31
21432   8   7   9   8  11   8   5   5   5   3   4   9  55
21802   4   5   6   3   6   5   2   3   3   4   3   5  17
21908   0   1   1   1   1   1   1   0   0   2   0   1   5
21921   2   3   2   3   2   1   5   1   5   2   1   2   8
21931   1   4   4   2   3   3   3   2   3   2   3   2  11
21946   3   3   1   2   3   2   1   1   0   2   3   3   7
21982  19  13  14  11   8   4   7   5   8  11  17  14  61
22113  11   8  10   3   4   6   2   3   4   9   6   8  34
22165  20  14  16   8   8   5   3  11  16  14  12  14 106
22217   1   1   2   3   0   1   1   0   1   3   1   2   9
22235   1   1   1   1   1   1   1   1   0   2   1   1   4
22471   4   2   3   3   2   5   1   2   2   2   5   3  13
22520   3   3   4   4   2   3   3   3   6   4   4   3  17
22550   1   1   8   5   7   8   0   4   5   5   2   2  47
22619   3   4   7   3   7   3   2   3   4   9   4   4  27
22641   3   1   3   1   1   2   1   2   3   2   2   2  13
22676   1   2   1   0   3   2   2   1   0   1   1   1   5
22768   0   1   2   1   3   2   2   0   1   1   1   1   5
22802   2   6   3   1   1   1   1   1   2   2   2   2   8
22820   2   1   2   2   0   0   1   2   3   1   2   1   7
22837   1   2   1   3   3   1   1   1   3   5   1   2   7
23022  14  16  10   7   6   2   2   2   7   9  12  11  59
23032   7  12   7   6   5   4   2   5   6  11   9  10  48
23058   6   6   4   5   3   4   2   2   5   4   4   3  21
23074   7   5   5   7   8   6   6   4   6   3   4   4  38
23205   3   5   3   2   2   3   2   1   1   7   2   2  11
23242   6  10   4   8   4   3   5   2   3   4   6   9  32
23256   7   8   6   5   5   3   2   2   3   2   5   7  28
23274   0   1   2   1   2   1   1   1   1   2   1   2   5
23324   4   5   3   3   2   2   1   0   2   2   4   3  12
23330   4   7   4   4   5   3   2   1   4   3   3   7  29
23383   0   2   0   3   3   1   0   1   0   0   0   1   3
23405   2   3   2   2   1   1   1   1   1   1   1   1   5
23445   1   2   2   3   2   2   1   1   1   0   1   1   5
23463   0   0   1   1   1   2   1   0   0   0   1   0   3
23472   1   1   2   3   3   1   1   1   1   1   1   2   7
23552   1   4   2   1   2   1   2   0   1   0   1   3   8
23631   2   5   1   2   4   4   2   2   2   2   2   1  15
23662   1   1   1   2   1   1   1   0   1   0   1   0   3
23678   0   1   0   2   1   1   0   0   0   1   0   0   3
23711   1   1   0   2   2   1   1   0   1   1   0   0   4
23724   0   1   2   0   1   1   0   0   1   0   0   0   5
23734   1   0   3   3   2   2   2   1   2   2   2   0   6
23867   3   0   2   1   1   3   1   0   1   1   1   1   5
23884   0   1   0   1   0   0   1   0   0   0   0   1   1
23891   1   1   1   2   2   1   2   1   2   3   1   0   7
23914   1   0   0   2   2   1   1   1   0   1   0   2   5
23921   3   2   0   1   2   2   1   0   0   0   1   1   5
23933   0   0   0   1   1   1   1   1   1   1   0   0   2
23955   1   1   3   3   3   2   2   2   2   2   1   1  11
23966   0   0   0   0   0   0   0   0   0   0   0   0    
23986   2   3   1   5   2   1   1   1   2   2   5   2  11
24125   0   1   1   1   1   0   1   1   0   1   1   1   2
24136   0   0   0   5   1   2   2   1   1   1   1   1   7
24143   7   6   8   4   5   3   3   3   5   5   5   6  35
24266   0   0   0   0   1   1   1   0   0   1   0   0   1
24329   0   0   0   1   1   1   1   1   2   0   0   0   4
24343   3   7   7   6   6   9   5   4   4   5   1   8  34
24382   0   0   0   0   1   0   1   1   1   1   0   1   2
24507   1   0   1   4   4   1   1   1   1   1   1   1   7
24606   1   0   1   7   3   5   3   1   2   7   1   1  30
24641   0   1   0   2   1   1   1   0   0   1   0   0   2
24661   3   2   5   4   3   3   5   3   4   6   3   5  17
24671   0   0   0   1   1   2   1   1   1   0   1   1   3
24688   0   0   0   1   2   2   1   0   0   0   0   0   4
24713   0   0   0   1   1   1   0   0   0   0   0   0   1
24738   0   0   0   1   2   2   1   0   1   1   1   0   3
24790   1   0   1   2   0   0   1   0   0   0   2   1   2
24817   0   0   0   1   1   1   0   0   0   1   1   0   2
24908   1   1   0   2   1   2   1   0   0   1   0   1   3
24959   0   0   0   2   1   1   1   1   0   1   0   0   2
24966   0   0   0   0   0   1   0   0   0   1   0   0   1
24967   0   0   1   1   1   2   0   0   0   1   0   0   3
25062   8   4   3   4   3   4   3   4   4   3   5   5  18
25138   2   1   2   1   2   1   1   1   0   2   2   1   4
25173  12   8   6   4   3   6   4   3   4   6   8   9  39
25206   0   0   0   0   1   0   0   0   0   1   0   0   1
25248   1   1   1   0   0   0   0   0   2   1   1   2   4
25282  11  11   5   5   2   2   4   7   7  15  14  13  45
25325   0   0   0   0   0   2   1   0   0   0   1   0   3
25356   0   2   2   0   0   1   0   1   1   1   3   1   3
25378  26  20  19  18   7   3   2   3   9  10  18  22  97
25399   9  22   6   5   7   5  13  17  12  12  17   8  75
25400   0   0   0   1   1   1   0   1   0   0   0   1   3
25428   0   2   0   1   2   3   1   1   2   2   0   0  10
25503   1   0   0   0   0   0   1   1   0   0   1   0   1
25538   2   3   7   2   3   2   0   0   0   0   2   3  13
25551   1   1   2   1   2   0   0   0   0   0   1   2   4
25563  19  20  18  13  14   6   6   9   7  14  15  18  90
25594  16  15  12   7   4   1   1   2   5   9  16  22  70
25677  31  26  27  22  16  11   5  12  13  18  24  31 167
25705   0   1   0   0   0   1   0   1   0   0   0   0   1
25745  12  11   9   8   5   1   1   5   2   5  11  11  42
25927  11   9  15  14   5   4  13   9   8  16  12  11  86
25932  15   8  14   8   4   2   4   4   6  11  12  10  49
25954   4   4   5   2   2   1   1   1   3   2   5   4  18
25956  11  12  12   4   2   2   2   2   4   9  12  12  58
26063   1   0   0   1   0   1   1   0   1   1   1   0   3
26157   1   1   3   2   2   1   2   2   2   2   3   4   7
26275   2   1   0   1   1   1   0   2   0   1   2   1   3
26359   2   2   0   0   1   1   0   2   1   1   2   2   3
26781   5   3   3   1   1   0   1   1   4   1   3   1   7
26997   4   1   2   3   3   3   1   1   1   1   2   4   9
27037   0   1   2   2   3   4   4   1   2   1   2   1  16
27051   0   1   1   2   3   2   2   0   1   2   2   2   8
27333   1   0   1   3   1   3   2   1   2   4   2   2   9
27459   1   0   1   1   1   1   1   2   0   2   2   2   6
27595   1   2   2   1   1   1   1   1   1   1   1   2   5
27612   0   1   0   2   1   0   1   1   1   0   1   3   5
27648   1   1   1   1   0   1   1   0   2   1   1   1   4
27675   3   4   5   2   1   2   1   4   4   2   4   2  16
27707   4   2   5   2   1   2   1   1   1   2   3   5   9
27823   2   2   1   1   1   1   1   1   1   2   2   2   6
27857   2   3   1   1   2   1   1   2   1   2   1   2   7
27995   1   1   1   1   2   1   1   1   0   2   1   1   4
28009   0   2   0   1   2   1   1   1   0   1   1   1   4
28064   2   1   3   2   2   2   1   2   1   2   2   1   7
28138   1   2   0   1   1   1   0   2   2   1   2   1   6
28224   4   3   1   2   2   2   1   1   1   0   1   3  12
28255   1   1   1   2   2   4   1   1   1   1   2   1   4
28275   1   1   4   1   3   2   1   1   1   1   3   1  12
28418   1   1   2   2   2   2   1   1   1   1   3   1   7
28434   0   1   0   3   6   1   0   0   0   4   0   0   8
28493   1   1   2   2   2   2   2   1   0   1   1   1   8
28552   2   2   1   2   3   1   1   1   1   1   1   2   6
28573   3   2   3   2   4   2   2   1   1   2   1   1   6
28666   1   4   2   5   4   2   1   1   2   1   1   4   9
28698   1   0   1   2   1   2   1   1   0   1   1   2   5
28704   3   4   4   3   4   2   2   1   4   6   2   5  18
28722   1   2   2   1   3   3   1   1   1   4   1   1  15
28748   4   2   5   3   8   7   3   2   3   2   2   3  14
29111   2   3   2   4   1   2   1   1   1   2   1   2   8
29231   0   1   1   2   2   1   1   2   1   1   2   1   4
29263   2   1   2   3   3   2   1   1   2   1   2   3  11
29282   2   3   5   3   3   2   1   1   1   2   3   4  13
29313   2   3   3   5   7   4   1   2   2   2   3   2  12
29328   4   2   2   2   2   2   1   1   1   1   4   3   7
29379   1   1   2   2   3   1   1   1   1   1   1   2   9
29570   3   2   2   2   1   0   1   1   1   1   3   4   8
29594   2   3   8   7   7   4   1   1   3   4   3   3  28
29612   3   2   3   3   3   2   1   1   3   1   3   3  12
29645   3   1   2   3   6   3   2   0   1   1   3   2  11
29752  20  13  21  19   9   4   2   5  12  18  21  23  96
29789   0   0   1   0   1   1   0   0   0   0   0   0   1
29866   2   2   2   5   4   2   1   2   1   1   2   4   8
29939   8   7   3   6   7   2   4   1   2   4   5   8  27
30054   1   0   1   2   4   3   1   1   1   3   1   2   9
30089   0   0   2   2   2   1   2   2   0   0   1   0   5
30230   1   0   1   2   3   2   2   1   1   1   1   1   5
30252   1   0   1   2   2   2   1   1   1   2   2   0   5
30309   3   3   5   5   4   3   1   2   1   3   1   2  14
30372   0   0   1   1   3   0   1   1   0   0   1   1   5
30385   1   0   0   1   1   1   0   0   0   0   0   0   2
30393   0   0   1   0   1   0   0   0   0   0   0   1   2
30433   1   1   1   1   1   1   1   0   1   1   1   0   4
30521   1   1   1   2   3   2   0   1   1   1   1   0   5
30554   1   1   1   2   2   0   0   1   2   1   2   1   5
30612   2   2   3   3   4   3   1   1   2   2   1   1  15
30636   2   1   2   3   5   2   1   2   2   3   1   1  11
30650   0   0   0   1   1   2   0   0   0   0   0   0   2
30673   1   1   1   2   6   4   4   2   2   2   1   0  17
30710   1   1   1   4   4   1   1   1   1   2   1   1   7
30758   0   1   2   4   4   2   2   3   3   2   2   1  12
30777   1   2   1   3   5   4   3   2   2   2   1   0  16
30844   1   1   1   2   4   1   1   1   0   1   1   2   6
30879   0   3   2   3   2   3   1   1   1   1   0   0   4
30925   3   0   3   7   8   4   1   1   1   3   1   1  17
30935   0   0   2   3   5   2   4   1   1   2   0   0  12
30949   1   1   2   3   6   4   2   1   1   1   1   1  14
30965   2   0   4   8   9   4   2   1   2   3   3   2  19
31004   0   0   1   1   1   1   1   0   0   0   1   1   2
31088   3   1   5   7   6   3   3   2   6   6   6   3  25
31137   0   0   0   0   1   0   1   1   0   0   0   0   2
31168   5   4   4   8   3   3   3   8   3   5   5   9  28
31174   3   4   3   3   2   1   2   2   3   8   9   5  19
31253   0   0   0   1   1   1   0   0   0   0   0   0   2
31329   1   0   0   1   1   1   2   2   1   0   0   0   5
31369   2   0   2   2   3   1   2   1   2   3   2   3   8
31416   2   2   3   3   2   1   1   0   2   2   2   3  10
31439   4   2   2   1   1   1   0   1   2   2   2   2   6
31478   0   0   1   2   2   2   1   1   1   0   0   0   3
31707   3   1   3   2   1   0   0   1   1   1   2   5   6
31770   5   3   6   4   7   4   2   4   5   7   9   9  44
31829  11   6   8   9  11   6   6   7   6   9   6   8  54
31960  13  14  11  11   7   6  12   7   7  11  10  14  80
31961   1   1   2   6   5   1   1   1   1   2   1   1  11
31989   4   4   3   5   4   3   2   2   3   2   4   4  14
32027   6   7   6   7   3   4   3   5   4   7   7   6  31
32061   3   4   5   8   5   2   2   4   5   9   9   7  33
32076   3   2   3   2   1   0   0   0   1   2   3   3  11
32098   5   3   4   3   1   0   0   2   1   4   3   3  14
32099  14  13  11   7   9   5   2   5   7  15  15  18  80
32150   4   3   3   5   2   1   0   4   3   2   3   3  13
32165  13  10  12  11   7   8   2   6   8  15  14  13  90
32213  25  25  26  20  18  12  14   8  11  23  28  28 169
32252   4   4   5   3   2   3   3   4   2   5   8   5  20
32287   4   5   3   3   6   3   3   3   3   8   7   7  43
32389   5   6   5   3   3   1   2   4   2   8   7   5  27
32477   3   1   3   5   5   2   5   2   2   5   6   3  15
32509  16  13  12   6   5   4   3   4   6  13  17  11  83
32562   6   9   6   7   6   4   2   4   8   9  11   9  47
32618  13  13  13  16  10  12   8   4  12  16  16  16 124
34110   1   1   1   2   1   1   3   1   1   1   1   2   5
34123   1   1   1   1   1   1   1   2   0   1   0   2   4
34152   2   3   6   3   3   3   3   1   2   3   1   5  12
34163   2   4   3   3   2   3   1   3   2   4   1   2  13
34186   3   2   3   2   2   2   3   3   3   2   2   1   9
34579   2   2   4   0   1   1   1   0   0   1   0   0   4
34720   5   5   3   4   6   6   3   2   2   2   3   3  26
34740   7  14  10   9   8   3   3  11   6   1   4   6  67
34866   4   3   4   6   4   4   2   1   3   1   2   2  11
34880   1   2   1   1   2   1   1   0   1   1   1   2   4
34927   5   3   3   5   1   1   2   1   2   3   2   3   9
34949   9   7   4   7   4   2   2   2   2   4   4   5  21
35011   3   5   4   2   2   2   2   2   3   2   2   4  13
36038   7   6   4   4   5   2   6   2   3   5   7   7  30
36064   1   2   0   1   2   1   1   1   0   2   1   1   4
36096   1   0   1   4   6   4   2   3   2   3   1   1  15
36229   1   1   0   2   2   1   1   1   0   1   1   0   3
36259   5   3  10  12  17  13   9  10   7   5   3   2  82
36307   0   0   0   2   3   2   1   1   1   2   1   0   5
37001  12   8   9   7   4   2   2   2   5   8  10  16  53
37061   6   4   2   5   2   2   3   1   1   3   2   3  12
37107   1   1   0   1   0   1   0   1   0   0   1   1   2
37126   7   3   4   4   2   2   3   2   2   2   4   6  20
37228   3   2   2   5   2   2   0   1   1   1   2   2   9
37470   4   4   5   5   3   5   4   3   4   6   7   7  30
37472  10  10   8   8   8   6   4   4   7   7   7   8  52
37663   6   5   4   7   4   2   1   1   2   2   3   4  18
31152   0   0   0   0   0   0   0   0   0   0   0   0    
