20069 1966 2012
20087 1961 2012
20292 1936 2012
20476 1961 2012
20667 1961 2012
20674 1936 2012
20744 1966 2012
20891 1946 2012
20982 1991 2012
21432 1933 2012
21802 1961 2012
21908 1961 2012
21921 1961 2012
21931 1961 2012
21946 1966 2012
21982 1926 2012
22113 1966 2012
22165 1966 2012
22217 1966 2012
22471 1991 2012
22520 1966 2004
22550 1966 2012
22619 1991 2012
22641 1966 2012
22676 1991 2012
22768 1991 2012
22802 1949 2012
22820 1953 2012
22837 1936 2012
23022 1961 2012
23032 1961 2012
23058 1961 2012
23074 1966 2012
23205 1966 2012
23242 1961 2012
23256 1961 2012
23274 1991 2012
23324 1991 2012
23330 1961 2012
23383 1991 2012
23405 1966 2012
23445 1961 2012
23472 1936 2012
23552 1961 2012
23631 1937 2012
23662 1961 2012
23678 1991 2012
23711 1966 2012
23724 1941 2012
23734 1961 2012
23867 1961 2012
23884 1936 2012
23891 1939 2012
23914 1966 2012
23921 1936 2012
23933 1962 2012
23955 1936 2012
23966 1991 2012
23986 1991 2012
24125 1937 2012
24136 1961 2012
24143 1966 2012
24266 1936 2012
24329 1966 2012
24343 1936 2012
24382 1961 2012
24507 1936 2012
24606 1991 2012
24641 1936 2012
24661 1961 2012
24671 1961 2012
24688 1966 2012
24713 1961 2012
24738 1936 2012
24790 1961 2012
24817 1941 2012
24908 1936 2012
24959 1936 2012
24966 1936 2012
24967 1961 2012
25062 1961 2012
25138 1961 2012
25173 1933 2012
25206 1961 2012
25248 1966 2012
25282 1961 1998
25325 1966 2012
25356 1961 2012
25378 1961 2012
25399 1933 2012
25400 1966 2012
25428 1961 2012
25503 1961 2012
25551 1944 2012
25563 1937 2012
25594 1936 2012
25677 1961 1994
25705 1961 2012
25745 1966 2012
25927 1961 2012
25932 1961 2012
25954 1936 2012
26063 1936 2012
26157 1991 2012
26275 1991 2012
26359 1961 2012
26781 1945 2012
26997 1991 2012
27037 1955 2012
27051 1966 2012
27333 1936 2012
27459 1936 2012
27595 1960 2012
27612 1881 2012
27648 1936 2012
27675 1991 2012
27823 1936 2012
27857 1961 2012
27995 1961 2012
28009 1961 2012
28064 1936 2012
28138 1936 2012
28224 1935 2012
28255 1961 2012
28275 1961 2012
28418 1991 2012
28434 1934 2012
28493 1961 2012
28552 1966 2012
28573 1961 2012
28698 1923 2012
28704 1961 2012
28722 1966 2012
28748 1991 2012
29111 1961 2012
29231 1966 2005
29263 1936 2012
29282 1937 2012
29379 1991 2012
29570 1991 2012
29594 1961 2012
29612 1936 2012
29645 1961 2012
29789 1991 2012
29866 1936 2012
30054 1936 2012
30089 1961 2012
30230 1936 2012
30252 1991 2012
30309 1966 2012
30372 1966 2012
30385 1961 2012
30393 1966 2012
30433 1966 2012
30521 1966 2012
30554 1966 2012
30612 1961 2012
30636 1961 2012
30650 1961 2012
30673 1966 2012
30710 1936 2012
30758 1966 2012
30777 1961 2012
30844 1961 2012
30879 1961 2012
30925 1961 2012
30935 1961 2012
30949 1966 2012
30965 1966 2012
31004 1966 2012
31088 1966 2012
31137 1961 2012
31168 1936 2012
31174 1991 2012
31253 1966 2012
31329 1936 2012
31369 1936 2012
31416 1936 2012
31439 1991 2012
31707 1936 2012
31770 1991 2012
31829 1966 2004
31960 1911 2012
31961 1991 2012
31989 1991 2012
32027 1991 2012
32061 1966 2012
32076 1991 2012
32098 1966 2012
32150 1982 2012
32165 1966 2012
32252 1935 2000
32389 1927 2012
32618 1911 2012
34110 1991 2012
34123 1966 2012
34152 1961 2012
34163 1961 2012
34186 1961 2012
34579 1991 2012
34720 1991 2012
34740 1991 2012
34866 1966 2012
34880 1966 2012
34927 1966 2005
34949 1991 2012
35011 1961 2012
36038 1991 2012
36064 1961 2012
36096 1991 2012
36229 1991 2012
37001 1991 2012
37061 1991 2012
37107 1991 2012
37470 1961 2012
37472 1936 2012
31152 1991 2012
