20069 1966 2012
20087 1961 2012
20292 1936 2012
20476 1961 2012
20667 1961 2012
20674 1936 2012
20744 1966 2012
20891 1936 2012
20982 1964 2012
21432 1933 2012
21802 1961 2012
21908 1961 2012
21921 1961 2012
21931 1961 2012
21946 1969 2012
21982 1936 2012
22113 1966 2012
22165 1966 2012
22217 1966 2012
22235 1961 2012
22471 1961 2012
22520 1966 2004
22550 1966 2012
22619 1961 2012
22641 1966 2012
22676 1961 2012
22768 1961 2012
22802 1949 2012
22820 1952 2012
22837 1936 2012
23022 1961 2012
23032 1961 2012
23058 1961 2012
23074 1966 2012
23205 1966 2012
23242 1961 2012
23256 1961 2012
23274 1961 2012
23324 1961 2012
23330 1961 2012
23383 1961 2012
23405 1966 2012
23445 1961 2012
23463 1961 2012
23472 1936 2012
23552 1961 2012
23631 1937 2012
23662 1961 2012
23678 1961 2012
23711 1966 2012
23724 1936 2012
23734 1961 2012
23867 1961 2012
23884 1936 2012
23891 1987 2012
23914 1961 2012
23921 1961 2012
23933 1962 2012
23955 1936 2012
23966 1961 2012
23986 1961 2012
24125 1936 2012
24136 1961 2012
24143 1966 2012
24266 1936 2012
24329 1966 2012
24343 1936 2012
24382 1961 2012
24507 1936 2012
24606 1961 2012
24641 1936 2012
24661 1961 2012
24671 1961 2012
24688 1939 2012
24713 1961 2012
24738 1936 2012
24790 1961 2012
24817 1936 2012
24908 1936 2012
24959 1936 2012
24966 1936 2012
24967 1961 2012
25062 1961 2012
25138 1961 2012
25173 1936 2012
25206 1961 2012
25248 1966 2012
25282 1961 2012
25325 1966 2012
25356 1961 2012
25378 1961 2012
25399 1936 2012
25400 1966 2012
25428 1961 2012
25503 1961 2012
25538 1961 2005
25551 1966 2012
25563 1961 2012
25594 1936 2012
25677 1961 1994
25705 1961 2012
25745 1966 2012
25927 1961 2012
25932 1961 2012
25954 1936 2012
25956 1961 2012
26063 1936 2012
26157 1961 2012
26275 1961 2012
26359 1961 2012
26781 1944 2012
26997 1961 2012
27037 1936 2012
27051 1966 2012
27333 1936 2012
27459 1936 2012
27595 1961 2012
27612 1950 2012
27648 1936 2012
27675 1961 2012
27707 1961 2012
27823 1936 2012
27857 1961 2012
27995 1961 2012
28009 1961 2012
28064 1936 2012
28138 1961 2012
28224 1961 2012
28255 1961 2012
28275 1961 2012
28418 1961 2012
28434 1961 2012
28493 1961 2012
28552 1961 2012
28573 1961 2012
28666 1961 2012
28698 1923 2012
28704 1961 2012
28722 1966 2012
28748 1961 2012
29111 1961 2012
29231 1966 2005
29263 1936 2012
29282 1937 2012
29313 1961 2005
29328 1961 2005
29379 1991 2012
29570 1991 2012
29594 1961 2012
29612 1936 2012
29645 1961 2012
29752 1961 2012
29789 1961 2012
29866 1936 2012
29939 1961 2005
30054 1936 2012
30089 1961 2012
30230 1936 2012
30252 1961 2012
30309 1966 2012
30372 1938 2012
30385 1961 2012
30393 1966 2012
30433 1966 2012
30521 1966 2012
30554 1966 2012
30612 1961 2012
30636 1961 2012
30650 1961 2012
30673 1936 2012
30710 1936 2012
30758 1936 2012
30777 1961 2012
30844 1961 2012
30879 1961 2012
30925 1961 2012
30935 1961 2012
30949 1966 2012
30965 1936 2012
31004 1937 2012
31088 1966 2012
31137 1961 2012
31168 1936 2012
31174 1961 2012
31253 1966 2012
31329 1936 2012
31369 1936 2012
31416 1936 2012
31439 1961 2012
31478 1961 2012
31707 1936 2012
31770 1961 2012
31829 1966 2012
31960 1936 2012
31961 1961 2012
31989 1961 2012
32027 1961 2012
32061 1966 2012
32076 1961 2012
32098 1966 2012
32099 1961 2012
32150 1982 2012
32165 1966 2012
32213 1961 2012
32252 1966 2000
32287 1961 2012
32389 1926 2012
32477 1961 2012
32509 1961 2012
32562 1961 2012
32618 1911 2012
34110 1961 2012
34123 1966 2012
34152 1961 2012
34163 1961 2012
34186 1961 2012
34579 1961 2012
34720 1962 2012
34740 1961 2012
34866 1966 2012
34880 1966 2012
34927 1966 2012
34949 1961 2012
35011 1961 2012
36038 1961 2012
36064 1961 2012
36096 1961 2012
36229 1961 2012
36259 1961 2012
36307 1961 2012
37001 1961 2012
37061 1961 2012
37107 1961 2012
37126 1961 2012
37228 1961 2004
37470 1961 2012
37472 1961 2012
37663 1961 2012
31152 1961 2012
