20069 1   0.1   0.1   0.1   0.2   0.3   0.5   0.4   0.3   0.4   0.5   0.2   0.2
20069 2   0.1   0.1   0.2   0.2   0.4   0.5   0.3   0.3   0.4   0.4   0.2   0.2
20069 3   0.2   0.1   0.2   0.3   0.5   0.4   0.4   0.3   0.4   0.3   0.2   0.2
20087 1   0.1   0.1   0.1   0.2   0.3   0.6   0.4   0.3   0.4   0.4   0.2   0.2
20087 2   0.1   0.1   0.1   0.2   0.4   0.5   0.4   0.3   0.4   0.4   0.2   0.2
20087 3   0.1   0.1   0.1   0.3   0.5   0.4   0.3   0.3   0.4   0.3   0.2   0.1
20292 1   0.1   0.1   0.1   0.2   0.3   0.6   0.5   0.4   0.5   0.4   0.2   0.2
20292 2   0.1   0.1   0.1   0.2   0.4   0.6   0.5   0.4   0.4   0.4   0.2   0.1
20292 3   0.1   0.1   0.1   0.3   0.5   0.5   0.4   0.4   0.5   0.3   0.2   0.1
20476 1   0.1   0.1   0.1   0.2   0.3   0.6   0.5   0.5   0.6   0.5   0.2   0.2
20476 2   0.1   0.1   0.1   0.2   0.4   0.6   0.6   0.6   0.6   0.4   0.2   0.1
20476 3   0.1   0.1   0.2   0.3   0.5   0.5   0.7   0.5   0.5   0.3   0.2   0.1
20667 1   0.2   0.1   0.2   0.2   0.4   0.6   0.6   0.7   0.6   0.6   0.3   0.2
20667 2   0.2   0.1   0.2   0.3   0.4   0.5   0.6   0.7   0.6   0.5   0.3   0.2
20667 3   0.2   0.2   0.2   0.3   0.5   0.5   0.9   0.6   0.7   0.4   0.2   0.2
20674 1   0.1   0.1   0.1   0.2   0.4   0.6   0.6   0.6   0.8   0.6   0.2   0.2
20674 2   0.1   0.1   0.2   0.2   0.4   0.5   0.6   0.7   0.7   0.5   0.2   0.2
20674 3   0.1   0.1   0.2   0.3   0.5   0.5   0.9   0.7   0.7   0.3   0.2   0.1
20744 1   0.4   0.4   0.5   0.6   0.8   1.0   1.3   1.0   1.1   0.9   0.7   0.6
20744 2   0.4   0.4   0.5   0.7   1.0   1.0   1.1   1.1   1.1   0.9   0.6   0.5
20744 3   0.4   0.4   0.5   0.8   1.0   1.4   1.1   1.2   1.1   0.8   0.6   0.5
20891 1   0.1   0.1   0.2   0.3   0.7   1.5   2.0   1.6   1.3   0.6   0.2   0.2
20891 2   0.1   0.1   0.2   0.5   0.9   1.7   2.0   1.4   0.9   0.4   0.2   0.2
20891 3   0.1   0.1   0.3   0.6   1.1   1.9   2.0   1.2   0.9   0.3   0.2   0.1
20982 1   0.2   0.2   0.2   0.5   0.9   1.6   2.4   1.9   1.3   0.7   0.3   0.2
20982 2   0.2   0.1   0.3   0.6   1.0   1.8   2.5   1.7   1.0   0.5   0.2   0.2
20982 3   0.2   0.2   0.4   0.8   1.3   2.1   2.7   1.4   0.9   0.4   0.2   0.2
21432 1   0.1   0.1   0.1   0.2   0.3   0.6   0.6   0.6   0.6   0.4   0.2   0.2
21432 2   0.1   0.1   0.1   0.2   0.4   0.6   0.6   0.5   0.5   0.3   0.2   0.1
21432 3   0.1   0.1   0.1   0.3   0.5   0.6   0.5   0.5   0.5   0.3   0.2   0.1
21802 1   0.1   0.1   0.2   0.3   0.7   1.4   1.7   1.5   1.3   0.6   0.2   0.1
21802 2   0.1   0.1   0.2   0.4   0.7   1.6   2.0   1.2   1.0   0.4   0.2   0.1
21802 3   0.1   0.1   0.3   0.5   1.0   1.7   1.7   1.1   0.8   0.4   0.1   0.1
21908 1   0.1   0.1   0.2   0.7   1.5   2.3   2.2   1.7   1.5   0.8   0.2   0.1
21908 2   0.1   0.1   0.3   0.9   1.6   2.2   2.3   1.4   1.2   0.5   0.2   0.1
21908 3   0.1   0.1   0.5   1.2   1.9   2.1   2.0   1.3   1.0   0.4   0.1   0.1
21921 1   0.1   0.1   0.1   0.5   1.2   1.9   1.9   1.7   1.5   0.8   0.2   0.1
21921 2   0.1   0.1   0.2   0.7   1.4   2.0   2.0   1.5   1.4   0.5   0.2   0.1
21921 3   0.1   0.1   0.3   0.9   1.7   1.9   1.7   1.4   1.2   0.3   0.1   0.1
21931 1   0.1   0.1   0.1   0.4   0.9   1.4   1.6   1.4   1.3   0.7   0.2   0.1
21931 2   0.1   0.1   0.2   0.6   1.1   1.6   1.7   1.2   1.2   0.4   0.2   0.1
21931 3   0.1   0.1   0.3   0.7   1.3   1.6   1.4   1.2   1.0   0.4   0.1   0.1
21946 1   0.1   0.1   0.1   0.3   0.6   1.2   1.4   1.1   1.1   0.4   0.2   0.1
21946 2   0.1   0.1   0.1   0.4   0.8   1.3   1.4   1.0   0.8   0.3   0.1   0.1
21946 3   0.1   0.1   0.2   0.4   1.2   1.5   1.2   1.0   0.6   0.2   0.1   0.1
21982 1   0.3   0.2   0.2   0.3   0.5   0.8   0.9   0.7   0.8   0.8   0.6   0.3
21982 2   0.2   0.2   0.2   0.3   0.6   0.8   0.8   0.7   0.8   0.7   0.5   0.3
21982 3   0.2   0.2   0.3   0.4   0.7   0.9   0.8   0.7   0.8   0.6   0.4   0.3
22113 1   0.5   0.5   0.8   1.3   1.9   2.3   2.6   2.0   1.3   1.1   0.7   0.6
22113 2   0.6   0.6   0.9   1.5   1.9   2.4   2.3   1.8   1.4   1.0   0.7   0.6
22113 3   0.5   0.6   1.1   1.7   2.2   2.5   2.2   1.4   1.3   0.8   0.6   0.6
22165 1   0.4   0.3   0.4   0.5   0.7   0.9   0.8   0.6   0.7   1.0   0.8   0.6
22165 2   0.4   0.4   0.4   0.6   0.9   0.9   0.9   0.6   0.8   1.0   0.7   0.6
22165 3   0.4   0.4   0.5   0.6   0.8   0.9   0.9   0.7   0.9   0.9   0.6   0.5
22217 1   0.4   0.4   0.6   1.3   1.9   2.2   2.7   2.0   1.1   0.9   0.5   0.4
22217 2   0.4   0.4   0.8   1.4   2.2   2.4   2.2   1.7   1.0   0.9   0.5   0.4
22217 3   0.4   0.5   1.0   1.6   2.1   2.4   2.2   1.4   1.1   0.7   0.4   0.4
22235 1   0.3   0.3   0.5   1.0   1.6   2.0   2.1   1.7   1.0   0.7   0.4   0.3
22235 2   0.3   0.3   0.6   1.2   1.7   2.1   1.9   1.4   0.9   0.6   0.4   0.3
22235 3   0.3   0.4   0.8   1.5   1.9   2.3   2.0   1.1   0.9   0.5   0.3   0.3
22471 1   0.3   0.4   0.6   1.1   1.8   1.9   1.8   1.5   0.9   0.8   0.5   0.4
22471 2   0.4   0.4   0.8   1.4   1.9   2.1   2.0   1.1   0.9   0.7   0.5   0.4
22471 3   0.3   0.5   1.0   1.5   1.7   2.0   1.8   0.9   0.9   0.6   0.4   0.4
22520 1   0.4   0.4   0.6   1.2   1.6   2.1   2.0   1.8   1.2   1.1   0.7   0.5
22520 2   0.5   0.5   0.9   1.3   1.9   2.1   2.0   1.5   1.2   1.0   0.6   0.5
22520 3   0.4   0.6   1.0   1.5   1.9   1.9   2.0   1.3   1.2   0.8   0.5   0.5
22550 1   0.4   0.4   0.7   1.4   2.3   2.6   2.9   2.3   1.2   0.9   0.6   0.4
22550 2   0.4   0.4   0.9   1.6   2.6   2.8   2.9   1.7   1.0   0.8   0.5   0.4
22550 3   0.3   0.5   1.2   1.9   2.5   3.0   2.7   1.3   1.0   0.7   0.4   0.4
22619 1   0.4   0.4   0.7   1.5   2.0   2.4   2.4   2.1   1.2   1.0   0.7   0.5
22619 2   0.4   0.5   0.9   1.6   2.2   2.3   2.4   1.6   1.1   1.0   0.6   0.4
22619 3   0.4   0.5   1.2   1.7   2.4   2.2   2.3   1.3   1.1   0.9   0.5   0.4
22641 1   0.4   0.4   0.7   1.5   2.1   2.6   3.1   2.5   1.3   1.0   0.7   0.5
22641 2   0.4   0.5   1.0   1.7   2.5   2.8   3.1   1.9   1.2   0.9   0.6   0.5
22641 3   0.4   0.6   1.2   1.8   2.5   3.0   2.9   1.5   1.1   0.8   0.5   0.5
22676 1   0.3   0.4   0.7   1.6   2.4   2.9   3.5   2.7   1.3   0.9   0.5   0.4
22676 2   0.3   0.4   0.9   1.8   2.6   3.0   3.4   1.8   1.1   0.8   0.5   0.4
22676 3   0.3   0.5   1.3   2.0   2.6   3.3   3.0   1.5   1.0   0.6   0.4   0.4
22768 1   0.4   0.4   0.8   1.8   2.7   3.0   3.3   3.0   1.4   1.1   0.7   0.5
22768 2   0.4   0.5   1.1   2.0   2.8   3.2   3.4   2.1   1.2   1.0   0.6   0.5
22768 3   0.4   0.6   1.4   2.1   2.9   3.5   3.1   1.6   1.1   0.8   0.5   0.4
22802 1   0.4   0.5   0.7   1.5   2.0   2.7   2.8   2.4   1.2   0.9   0.7   0.5
22802 2   0.4   0.5   1.0   1.7   2.5   2.7   2.6   1.9   1.0   1.0   0.6   0.5
22802 3   0.4   0.6   1.2   1.7   2.4   2.5   2.6   1.4   1.0   0.8   0.5   0.5
22820 1   0.4   0.4   0.7   1.6   2.3   2.8   2.5   2.2   1.3   1.0   0.7   0.4
22820 2   0.4   0.5   1.0   1.8   2.7   2.5   2.5   1.7   1.1   1.0   0.5   0.4
22820 3   0.4   0.6   1.3   1.8   2.6   2.5   2.5   1.4   1.0   0.8   0.4   0.4
22837 1   0.5   0.5   0.8   1.7   2.2   2.8   2.7   2.4   1.4   1.0   0.8   0.6
22837 2   0.5   0.5   1.1   1.7   2.6   2.7   2.8   1.9   1.1   1.0   0.7   0.5
22837 3   0.4   0.7   1.3   1.8   2.5   2.7   2.6   1.5   1.0   0.9   0.6   0.5
23022 1   0.2   0.2   0.3   0.4   0.6   0.7   0.8   0.8   0.7   0.7   0.4   0.3
23022 2   0.3   0.2   0.4   0.4   0.6   0.7   0.9   0.6   0.9   0.6   0.4   0.3
23022 3   0.3   0.3   0.3   0.5   0.7   0.7   0.9   0.7   0.8   0.5   0.3   0.3
23032 1   0.2   0.2   0.2   0.3   0.5   0.6   0.8   0.6   0.7   0.6   0.3   0.3
23032 2   0.2   0.2   0.3   0.4   0.6   0.7   0.8   0.6   0.7   0.5   0.3   0.2
23032 3   0.2   0.2   0.3   0.4   0.6   0.7   1.0   0.7   0.7   0.4   0.3   0.2
23058 1   0.1   0.2   0.2   0.3   0.5   0.8   1.6   1.1   0.9   0.6   0.3   0.2
23058 2   0.2   0.2   0.2   0.3   0.6   0.9   1.5   1.1   0.9   0.4   0.2   0.2
23058 3   0.2   0.2   0.2   0.4   0.7   1.4   1.7   1.0   0.8   0.3   0.2   0.2
23074 1   0.2   0.2   0.3   0.4   0.7   1.3   2.3   1.8   1.3   0.7   0.3   0.2
23074 2   0.2   0.2   0.3   0.6   0.9   1.6   2.1   1.4   1.2   0.5   0.3   0.2
23074 3   0.2   0.2   0.4   0.7   1.1   2.2   2.6   1.5   1.0   0.4   0.2   0.2
23205 1   0.3   0.3   0.5   0.8   1.3   1.6   2.4   1.7   1.1   0.8   0.4   0.4
23205 2   0.3   0.3   0.6   1.0   1.3   2.0   2.3   1.2   1.1   0.6   0.4   0.4
23205 3   0.3   0.4   0.7   1.0   1.4   2.1   1.9   1.1   1.0   0.5   0.4   0.3
23242 1   0.2   0.2   0.2   0.3   0.6   0.9   1.2   1.3   0.9   0.7   0.3   0.2
23242 2   0.2   0.2   0.3   0.4   0.6   1.1   1.4   1.1   1.0   0.5   0.3   0.2
23242 3   0.2   0.2   0.3   0.5   0.8   1.2   1.6   1.0   0.9   0.4   0.2   0.2
23256 1   0.2   0.2   0.2   0.4   0.6   1.0   2.4   1.7   1.1   0.5   0.3   0.2
23256 2   0.2   0.2   0.3   0.5   0.7   1.4   2.3   1.5   1.0   0.4   0.2   0.2
23256 3   0.2   0.2   0.3   0.5   0.9   1.9   2.2   1.3   0.8   0.3   0.2   0.2
23274 1   0.2   0.2   0.3   0.7   1.5   2.0   3.3   2.1   1.3   0.8   0.3   0.2
23274 2   0.2   0.2   0.4   0.9   1.6   2.6   2.9   1.7   1.3   0.6   0.3   0.2
23274 3   0.2   0.2   0.6   1.2   1.7   3.1   2.8   1.5   1.1   0.4   0.2   0.2
23324 1   0.3   0.3   0.5   0.9   1.4   1.8   2.8   1.9   1.1   0.8   0.4   0.4
23324 2   0.3   0.3   0.6   1.1   1.4   2.2   2.7   1.5   1.1   0.6   0.4   0.4
23324 3   0.3   0.4   0.8   1.2   1.6   2.4   2.5   1.2   1.1   0.5   0.4   0.3
23330 1   0.2   0.2   0.3   0.6   1.2   1.4   1.8   1.4   1.0   0.9   0.4   0.3
23330 2   0.2   0.2   0.4   0.8   1.2   1.8   1.7   1.1   1.1   0.7   0.3   0.2
23330 3   0.2   0.3   0.5   0.9   1.4   1.7   1.9   1.0   1.2   0.5   0.3   0.2
23383 1   0.1   0.1   0.3   0.8   1.7   2.3   3.0   2.2   1.6   1.1   0.4   0.2
23383 2   0.1   0.1   0.4   1.0   1.9   2.6   3.0   1.7   1.6   0.9   0.2   0.2
23383 3   0.1   0.2   0.6   1.3   2.2   2.9   3.0   1.6   1.5   0.6   0.2   0.2
23405 1   0.3   0.3   0.6   1.4   2.1   2.3   3.1   2.1   1.2   0.9   0.5   0.4
23405 2   0.3   0.4   0.8   1.6   2.1   2.5   2.9   1.5   1.1   0.7   0.5   0.4
23405 3   0.3   0.5   1.1   1.8   2.1   2.8   2.5   1.2   1.0   0.6   0.4   0.3
23445 1   0.2   0.2   0.5   0.8   1.4   1.7   3.0   2.0   1.3   0.8   0.4   0.3
23445 2   0.2   0.2   0.6   1.1   1.4   2.5   2.8   1.7   1.3   0.6   0.3   0.3
23445 3   0.2   0.3   0.7   1.3   1.6   2.7   2.7   1.4   1.1   0.5   0.3   0.2
23463 1   0.2   0.2   0.4   0.9   1.7   2.2   3.2   1.9   1.3   0.8   0.3   0.2
23463 2   0.2   0.2   0.6   1.2   1.7   2.9   2.9   1.6   1.3   0.6   0.3   0.3
23463 3   0.2   0.3   0.8   1.5   1.9   3.3   2.5   1.4   1.1   0.4   0.2   0.2
23472 1   0.2   0.2   0.4   1.1   2.1   2.4   3.5   2.3   1.4   1.0   0.4   0.2
23472 2   0.2   0.2   0.6   1.3   2.1   3.0   3.3   1.7   1.4   0.7   0.3   0.3
23472 3   0.2   0.3   0.8   1.8   2.2   3.4   3.1   1.6   1.3   0.5   0.3   0.2
23552 1   0.2   0.2   0.4   0.8   1.4   1.8   3.1   2.1   1.3   0.8   0.4   0.3
23552 2   0.2   0.2   0.5   1.0   1.4   2.7   3.0   1.9   1.2   0.6   0.3   0.3
23552 3   0.2   0.3   0.7   1.2   1.6   2.9   2.8   1.4   1.1   0.5   0.3   0.2
23631 1   0.2   0.2   0.6   1.2   2.0   2.4   3.0   2.2   1.4   1.0   0.4   0.3
23631 2   0.2   0.3   0.8   1.5   2.0   2.5   2.7   1.7   1.3   0.9   0.4   0.3
23631 3   0.2   0.4   1.1   1.7   2.1   2.7   2.7   1.5   1.3   0.6   0.3   0.3
23662 1   0.2   0.2   0.5   1.1   1.9   2.2   3.3   2.1   1.3   0.9   0.4   0.2
23662 2   0.2   0.2   0.7   1.3   1.8   3.2   2.9   1.7   1.4   0.7   0.3   0.3
23662 3   0.2   0.3   0.9   1.6   2.0   3.0   2.9   1.5   1.1   0.5   0.3   0.2
23678 1   0.2   0.2   0.5   1.3   2.2   2.4   3.1   2.0   1.3   1.0   0.4   0.2
23678 2   0.2   0.2   0.7   1.6   2.1   3.1   2.7   1.7   1.2   0.8   0.3   0.2
23678 3   0.2   0.4   1.1   2.0   2.1   3.3   2.8   1.4   1.2   0.5   0.3   0.2
23711 1   0.3   0.3   0.7   1.7   2.5   2.7   3.1   2.1   1.3   0.9   0.5   0.3
23711 2   0.3   0.4   1.0   1.8   2.5   2.8   2.9   1.6   1.2   0.7   0.4   0.3
23711 3   0.3   0.5   1.4   2.2   2.5   2.9   2.4   1.3   1.0   0.6   0.4   0.3
23724 1   0.3   0.3   1.0   1.8   2.7   3.2   4.0   2.6   1.7   1.2   0.7   0.4
23724 2   0.3   0.5   1.2   1.9   2.5   3.2   3.4   2.2   1.5   1.1   0.6   0.4
23724 3   0.3   0.7   1.6   2.2   2.8   3.6   3.0   1.8   1.3   0.9   0.5   0.4
23734 1   0.2   0.2   0.6   1.5   2.4   2.6   3.6   2.2   1.3   0.9   0.4   0.2
23734 2   0.2   0.3   0.8   1.8   2.2   2.8   3.0   1.7   1.3   0.8   0.3   0.2
23734 3   0.2   0.4   1.2   2.0   2.5   3.2   2.8   1.4   1.1   0.5   0.3   0.2
23867 1   0.3   0.3   0.7   1.4   2.3   2.8   4.1   2.4   1.6   1.2   0.5   0.3
23867 2   0.2   0.3   0.9   1.8   2.2   3.7   3.5   2.0   1.6   1.0   0.4   0.3
23867 3   0.3   0.4   1.2   2.0   2.4   3.5   3.1   1.7   1.5   0.7   0.4   0.3
23884 1   0.2   0.2   0.6   1.4   2.4   2.9   4.1   2.5   1.5   1.2   0.5   0.2
23884 2   0.2   0.3   0.8   1.9   2.3   3.9   3.6   2.0   1.4   0.9   0.3   0.2
23884 3   0.2   0.4   1.3   2.2   2.5   3.9   3.3   1.6   1.4   0.7   0.3   0.2
23891 1   0.1   0.2   0.5   1.5   2.5   3.0   3.7   2.5   1.5   1.1   0.4   0.2
23891 2   0.1   0.2   0.8   2.0   2.5   3.9   3.7   2.1   1.5   0.9   0.3   0.2
23891 3   0.2   0.3   1.2   2.3   2.6   3.9   3.8   1.7   1.4   0.6   0.3   0.1
23914 1   0.2   0.3   0.7   1.6   2.6   2.5   3.1   2.2   1.3   0.9   0.4   0.3
23914 2   0.3   0.3   1.0   1.9   2.6   2.8   2.7   1.7   1.3   0.7   0.3   0.3
23914 3   0.2   0.5   1.5   2.2   2.6   2.7   2.4   1.6   0.9   0.6   0.3   0.3
23921 1   0.4   0.4   1.2   2.0   2.9   3.2   3.3   2.4   1.7   1.4   0.9   0.5
23921 2   0.4   0.6   1.4   2.1   2.8   3.2   3.1   2.0   1.5   1.3   0.8   0.5
23921 3   0.4   0.8   1.9   2.5   3.0   3.3   2.7   1.8   1.4   1.2   0.7   0.5
23933 1   0.2   0.3   0.7   1.5   2.3   2.7   3.5   2.1   1.5   1.1   0.5   0.3
23933 2   0.2   0.3   0.9   1.7   2.4   3.0   2.9   1.8   1.4   1.0   0.4   0.3
23933 3   0.3   0.5   1.2   2.0   2.6   3.1   2.7   1.6   1.3   0.7   0.4   0.3
23955 1   0.2   0.3   0.6   1.3   2.1   2.7   3.3   2.1   1.4   1.1   0.5   0.3
23955 2   0.2   0.3   0.8   1.6   2.1   3.1   3.0   1.8   1.5   1.0   0.4   0.3
23955 3   0.3   0.4   1.2   1.9   2.4   3.0   2.6   1.5   1.3   0.7   0.4   0.3
23966 1   0.2   0.3   0.7   1.4   2.2   2.8   3.4   2.0   1.2   1.0   0.5   0.2
23966 2   0.2   0.3   0.9   1.9   2.0   3.2   2.9   1.7   1.2   0.9   0.3   0.3
23966 3   0.2   0.4   1.3   2.1   2.3   3.2   2.6   1.3   1.2   0.6   0.3   0.2
23986 1   0.2   0.3   0.6   1.4   2.5   2.9   3.9   2.6   1.6   1.1   0.5   0.3
23986 2   0.2   0.3   0.8   2.0   2.3   4.1   3.6   2.0   1.7   0.9   0.4   0.3
23986 3   0.3   0.5   1.3   2.3   2.6   3.9   3.6   1.8   1.5   0.7   0.3   0.3
24125 1   0.1   0.1   0.2   0.8   1.7   2.4   2.4   1.7   1.6   0.7   0.2   0.1
24125 2   0.1   0.1   0.3   1.1   1.8   2.3   2.7   1.7   1.3   0.5   0.1   0.1
24125 3   0.1   0.1   0.5   1.4   2.1   2.2   2.4   1.4   1.0   0.3   0.1   0.1
24136 1   0.1   0.1   0.2   0.9   2.0   2.7   2.7   2.0   1.7   0.9   0.2   0.1
24136 2   0.1   0.1   0.3   1.3   2.2   2.7   2.8   1.8   1.5   0.5   0.1   0.1
24136 3   0.1   0.1   0.6   1.6   2.4   2.4   2.4   1.7   1.3   0.4   0.1   0.1
24143 1   0.1   0.1   0.2   0.8   1.8   2.2   2.1   1.5   1.4   0.7   0.2   0.1
24143 2   0.1   0.1   0.3   1.1   2.0   2.3   2.1   1.4   1.3   0.4   0.2   0.1
24143 3   0.1   0.2   0.5   1.4   2.1   2.0   1.8   1.3   1.1   0.3   0.1   0.1
24266 1   0.0   0.0   0.1   0.9   2.2   2.7   2.8   2.2   1.7   1.0   0.2   0.0
24266 2   0.0   0.1   0.3   1.3   2.4   2.8   2.9   1.7   1.6   0.6   0.1   0.0
24266 3   0.0   0.1   0.5   1.7   2.4   2.5   2.4   1.8   1.5   0.3   0.1   0.0
24329 1   0.1   0.1   0.2   0.9   2.0   2.4   2.4   1.8   1.4   0.9   0.2   0.1
24329 2   0.1   0.1   0.4   1.3   2.1   2.4   2.7   1.7   1.4   0.6   0.1   0.1
24329 3   0.1   0.1   0.6   1.6   2.3   2.2   2.3   1.4   1.2   0.4   0.1   0.1
24343 1   0.1   0.1   0.2   0.8   2.2   2.4   2.4   1.9   1.4   0.7   0.2   0.1
24343 2   0.1   0.1   0.3   1.3   2.2   2.4   2.5   1.5   1.4   0.4   0.1   0.1
24343 3   0.1   0.1   0.5   1.7   2.4   2.1   2.1   1.4   1.2   0.3   0.1   0.1
24382 1   0.0   0.1   0.2   0.9   2.3   2.5   2.8   1.9   1.7   1.1   0.2   0.1
24382 2   0.0   0.1   0.3   1.4   2.6   2.7   2.5   1.6   1.6   0.6   0.1   0.1
24382 3   0.0   0.1   0.6   1.7   2.6   2.8   2.2   1.8   1.4   0.3   0.1   0.0
24507 1   0.1   0.1   0.4   1.3   2.6   3.2   3.9   3.0   1.8   1.4   0.4   0.1
24507 2   0.1   0.1   0.6   1.7   2.6   4.0   4.1   2.2   1.9   1.0   0.2   0.2
24507 3   0.1   0.2   1.0   2.1   2.9   3.9   4.0   2.0   1.6   0.7   0.2   0.1
24606 1   0.1   0.1   0.4   1.4   2.7   3.3   4.1   3.1   2.0   1.3   0.4   0.2
24606 2   0.1   0.2   0.7   1.9   2.6   4.0   4.4   2.3   1.9   1.0   0.3   0.2
24606 3   0.1   0.3   1.0   2.2   2.9   3.9   4.0   2.1   1.6   0.7   0.2   0.1
24641 1   0.1   0.1   0.3   1.4   2.8   4.1   4.6   4.3   2.3   1.3   0.3   0.1
24641 2   0.1   0.1   0.6   1.9   3.1   4.3   5.1   3.1   2.1   0.9   0.2   0.1
24641 3   0.1   0.2   0.9   2.3   3.6   4.2   4.7   2.6   1.8   0.5   0.1   0.1
24661 1   0.1   0.1   0.3   1.3   2.8   3.8   4.2   3.7   2.3   1.2   0.2   0.1
24661 2   0.1   0.1   0.5   1.8   3.1   4.0   4.4   2.6   2.2   0.7   0.1   0.1
24661 3   0.1   0.2   0.9   2.3   3.5   3.5   4.1   2.3   1.8   0.4   0.1   0.1
24671 1   0.0   0.1   0.2   0.8   2.3   3.5   4.3   3.1   1.8   1.0   0.2   0.1
24671 2   0.0   0.1   0.3   1.2   2.8   3.7   3.8   2.3   1.7   0.5   0.1   0.0
24671 3   0.0   0.1   0.5   1.8   3.2   3.5   3.5   2.0   1.4   0.3   0.1   0.0
24688 1   0.0   0.0   0.1   0.6   2.1   3.3   4.0   2.9   2.0   1.0   0.1   0.0
24688 2   0.0   0.0   0.2   1.0   2.8   3.4   3.6   2.5   2.0   0.4   0.1   0.0
24688 3   0.0   0.1   0.3   1.5   3.1   3.5   3.2   2.3   1.6   0.2   0.0   0.0
24713 1   0.1   0.1   0.4   1.4   2.6   3.4   3.9   3.1   1.8   1.3   0.3   0.1
24713 2   0.1   0.1   0.7   1.9   2.7   3.8   4.3   2.3   1.8   0.9   0.2   0.1
24713 3   0.1   0.3   0.9   2.1   2.9   3.8   3.9   2.0   1.5   0.6   0.2   0.1
24738 1   0.1   0.1   0.4   1.6   2.9   3.9   4.1   3.6   2.1   1.5   0.4   0.1
24738 2   0.1   0.2   0.7   2.0   3.3   4.1   4.4   2.6   2.0   1.1   0.2   0.1
24738 3   0.1   0.3   1.1   2.5   3.7   4.3   4.2   2.3   1.8   0.7   0.2   0.1
24790 1   0.1   0.1   0.2   0.6   2.0   3.0   3.5   2.7   1.8   1.1   0.2   0.1
24790 2   0.1   0.1   0.3   1.0   2.6   3.4   3.1   2.4   1.8   0.6   0.2   0.1
24790 3   0.1   0.1   0.5   1.5   2.8   3.4   2.8   2.1   1.5   0.3   0.1   0.1
24817 1   0.1   0.2   0.5   1.6   2.8   3.5   4.0   3.2   1.8   1.4   0.4   0.2
24817 2   0.1   0.2   0.8   2.0   3.0   4.1   4.2   2.4   1.9   1.1   0.3   0.2
24817 3   0.2   0.4   1.2   2.3   3.2   3.9   3.9   2.1   1.6   0.7   0.2   0.2
24908 1   0.2   0.2   0.6   1.7   2.8   3.3   4.0   2.8   1.6   1.3   0.5   0.2
24908 2   0.1   0.2   1.0   2.2   2.8   4.2   4.1   2.4   1.7   1.1   0.3   0.2
24908 3   0.2   0.4   1.4   2.5   3.0   4.4   3.8   1.8   1.6   0.8   0.3   0.2
24959 1   0.1   0.1   0.2   1.3   3.0   4.2   4.8   4.1   2.3   1.5   0.3   0.1
24959 2   0.1   0.1   0.5   2.0   3.4   4.6   5.1   3.1   2.1   0.9   0.2   0.1
24959 3   0.1   0.1   0.9   2.6   3.9   4.1   4.6   2.7   1.9   0.5   0.1   0.1
24966 1   0.0   0.1   0.3   1.5   2.9   3.5   4.1   3.0   1.8   1.4   0.3   0.1
24966 2   0.0   0.1   0.5   2.1   3.1   4.0   3.8   2.5   2.0   0.9   0.1   0.1
24966 3   0.1   0.1   1.0   2.5   3.5   3.6   3.5   2.1   1.7   0.5   0.1   0.0
24967 1   0.1   0.1   0.3   1.4   2.5   3.3   3.2   2.9   1.6   1.3   0.3   0.1
24967 2   0.1   0.1   0.6   1.9   2.8   3.6   3.3   2.2   1.7   0.9   0.2   0.1
24967 3   0.1   0.2   0.9   2.3   3.3   3.0   3.2   2.0   1.6   0.5   0.1   0.1
25062 1   0.1   0.1   0.2   0.2   0.4   0.7   0.7   0.7   0.7   0.6   0.3   0.2
25062 2   0.1   0.1   0.2   0.2   0.6   0.7   0.7   0.6   0.6   0.5   0.3   0.2
25062 3   0.1   0.1   0.2   0.3   0.7   0.8   0.6   0.6   0.6   0.4   0.2   0.2
25138 1   0.2   0.1   0.3   0.7   1.9   2.2   2.1   1.6   1.4   0.9   0.3   0.1
25138 2   0.1   0.1   0.4   1.0   2.3   2.3   2.3   1.6   1.3   0.5   0.2   0.1
25138 3   0.1   0.2   0.5   1.2   2.3   2.6   2.0   1.6   1.2   0.4   0.2   0.2
25173 1   0.2   0.1   0.2   0.2   0.4   0.8   0.8   0.7   0.7   0.7   0.4   0.2
25173 2   0.1   0.1   0.2   0.3   0.5   0.8   0.8   0.7   0.7   0.5   0.3   0.2
25173 3   0.1   0.1   0.2   0.3   0.7   0.9   0.7   0.7   0.7   0.4   0.2   0.2
25206 1   0.1   0.1   0.1   0.6   1.7   2.0   2.1   1.4   1.5   0.9   0.2   0.1
25206 2   0.1   0.1   0.3   0.9   2.0   2.1   2.1   1.5   1.3   0.5   0.2   0.1
25206 3   0.1   0.1   0.4   1.2   2.2   2.4   2.0   1.7   1.1   0.3   0.1   0.1
25248 1   0.1   0.1   0.2   0.5   1.2   2.0   1.9   1.7   1.5   0.7   0.2   0.1
25248 2   0.1   0.2   0.3   0.6   1.7   1.9   2.2   1.6   1.3   0.5   0.2   0.1
25248 3   0.1   0.2   0.4   0.8   2.1   2.4   1.8   1.7   1.1   0.3   0.2   0.1
25282 1   0.2   0.2   0.2   0.2   0.4   0.8   0.7   0.6   0.7   0.7   0.4   0.2
25282 2   0.1   0.2   0.2   0.3   0.5   0.8   0.8   0.6   0.7   0.5   0.3   0.2
25282 3   0.1   0.2   0.2   0.3   0.7   0.8   0.7   0.6   0.7   0.5   0.2   0.2
25325 1   0.1   0.1   0.2   0.8   2.1   2.4   2.1   1.6   1.5   1.1   0.3   0.1
25325 2   0.1   0.1   0.4   1.1   2.4   2.4   2.2   1.6   1.6   0.7   0.2   0.1
25325 3   0.1   0.1   0.5   1.5   2.5   2.5   1.9   1.6   1.4   0.4   0.2   0.1
25356 1   0.3   0.3   0.3   0.5   1.2   2.0   1.9   1.4   1.5   1.1   0.5   0.3
25356 2   0.2   0.3   0.4   0.6   1.8   1.8   1.8   1.3   1.6   0.8   0.4   0.3
25356 3   0.2   0.3   0.4   0.9   2.1   2.3   1.5   1.4   1.5   0.6   0.3   0.3
25378 1   0.6   0.5   0.6   0.7   1.2   1.5   1.1   1.0   1.6   1.7   1.0   0.7
25378 2   0.6   0.6   0.6   0.8   1.5   1.2   1.0   1.1   1.7   1.4   0.9   0.6
25378 3   0.5   0.5   0.7   1.0   1.5   1.3   0.9   1.3   2.0   1.3   0.8   0.6
25399 1   0.3   0.3   0.3   0.3   0.5   0.7   0.7   0.5   0.7   0.8   0.7   0.4
25399 2   0.2   0.3   0.3   0.4   0.6   0.8   0.6   0.5   0.8   0.8   0.6   0.3
25399 3   0.2   0.3   0.3   0.5   0.7   0.7   0.6   0.6   0.9   0.7   0.5   0.3
25400 1   0.1   0.1   0.2   0.7   2.0   3.2   4.1   2.6   1.7   1.0   0.2   0.1
25400 2   0.1   0.1   0.3   1.1   2.7   3.5   3.1   2.4   1.7   0.5   0.1   0.1
25400 3   0.1   0.1   0.5   1.5   3.1   4.0   2.9   2.0   1.3   0.3   0.1   0.1
25428 1   0.1   0.1   0.2   0.6   1.9   3.1   3.4   2.5   1.8   1.1   0.3   0.1
25428 2   0.1   0.1   0.3   0.9   2.4   3.1   2.9   2.4   1.7   0.6   0.2   0.1
25428 3   0.1   0.1   0.5   1.2   2.7   3.6   2.6   1.9   1.4   0.4   0.2   0.1
25503 1   0.1   0.1   0.2   0.8   2.4   3.5   4.0   2.8   1.9   1.1   0.2   0.1
25503 2   0.1   0.1   0.3   1.3   3.0   3.6   3.5   2.6   1.8   0.6   0.2   0.1
25503 3   0.1   0.1   0.5   1.8   3.3   4.2   3.0   2.1   1.6   0.3   0.1   0.1
25538 1   0.2   0.2   0.3   0.6   1.4   3.1   3.7   2.7   1.7   1.1   0.3   0.2
25538 2   0.2   0.2   0.4   0.8   2.0   3.1   3.2   2.3   1.8   0.7   0.3   0.2
25538 3   0.2   0.3   0.5   1.0   2.3   3.6   2.6   2.0   1.5   0.4   0.2   0.2
25551 1   0.2   0.2   0.3   0.5   1.1   2.5   3.0   2.1   1.5   1.1   0.4   0.2
25551 2   0.2   0.2   0.3   0.6   1.5   2.6   2.7   1.7   1.7   0.7   0.3   0.2
25551 3   0.2   0.2   0.4   0.8   1.9   3.4   2.0   1.5   1.5   0.5   0.2   0.2
25563 1   0.3   0.2   0.3   0.3   0.6   1.3   1.5   1.3   1.3   1.0   0.4   0.3
25563 2   0.2   0.2   0.3   0.4   0.9   1.3   1.5   1.2   1.4   0.7   0.3   0.3
25563 3   0.2   0.3   0.3   0.5   1.1   1.7   1.2   1.3   1.3   0.5   0.3   0.3
25594 1   0.6   0.5   0.6   0.7   1.1   1.4   1.3   1.2   1.6   1.5   1.0   0.7
25594 2   0.6   0.6   0.6   0.9   1.3   1.3   1.1   1.1   1.6   1.3   0.9   0.6
25594 3   0.5   0.5   0.7   0.9   1.4   1.4   1.0   1.2   1.8   1.2   0.8   0.6
25677 1   0.3   0.3   0.4   0.5   0.8   1.4   1.5   1.3   1.3   1.1   0.6   0.4
25677 2   0.3   0.3   0.3   0.6   0.9   1.3   1.7   1.1   1.2   0.9   0.6   0.4
25677 3   0.3   0.3   0.4   0.7   1.1   1.9   1.3   1.3   1.3   0.7   0.4   0.3
25705 1   0.1   0.1   0.2   0.7   2.2   3.4   4.1   2.7   1.8   1.2   0.2   0.1
25705 2   0.1   0.1   0.3   1.2   2.8   3.6   3.5   2.5   1.8   0.7   0.1   0.1
25705 3   0.1   0.1   0.5   1.8   3.0   4.3   2.9   2.1   1.6   0.4   0.1   0.1
25745 1   0.2   0.2   0.3   0.4   1.0   2.0   2.6   1.9   1.2   1.0   0.3   0.2
25745 2   0.2   0.2   0.3   0.5   1.5   2.0   2.2   1.6   1.4   0.7   0.3   0.2
25927 1   0.3   0.3   0.3   0.4   0.8   1.3   1.3   1.2   1.2   1.4   0.7   0.4
25927 2   0.3   0.3   0.3   0.6   1.0   1.2   1.3   1.3   1.2   1.3   0.6   0.4
25927 3   0.3   0.3   0.4   0.7   1.1   1.0   1.3   1.2   1.4   0.9   0.5   0.3
25932 1   0.6   0.6   0.6   0.8   1.1   1.5   1.3   1.2   1.0   1.4   0.8   0.6
25932 2   0.6   0.5   0.6   0.9   1.4   1.1   1.1   1.1   1.3   1.2   0.8   0.5
25932 3   0.5   0.5   0.7   1.0   1.4   1.2   1.1   1.0   1.4   0.9   0.6   0.5
25954 1   0.6   0.6   0.7   0.8   1.3   1.5   1.4   1.4   1.3   1.7   0.9   0.6
25954 2   0.6   0.6   0.7   1.0   1.6   1.4   1.4   1.5   1.7   1.4   0.8   0.6
25954 3   0.5   0.6   0.8   1.0   1.4   1.5   1.5   1.5   1.7   1.1   0.6   0.5
25956 1   0.6   0.5   0.6   0.7   1.0   1.0   0.8   0.8   0.8   1.4   0.9   0.7
25956 2   0.6   0.6   0.7   0.9   1.1   0.9   0.7   0.8   1.1   1.3   0.7   0.6
25956 3   0.5   0.6   0.7   1.0   1.0   0.9   0.7   0.8   1.3   1.1   0.7   0.6
26063 1   0.5   0.6   1.0   1.8   2.5   3.2   3.0   2.9   1.8   1.1   0.9   0.7
26063 2   0.6   0.6   1.2   1.9   3.0   3.1   3.1   2.4   1.3   1.2   0.8   0.6
26063 3   0.5   0.7   1.5   2.1   2.9   3.2   3.1   1.9   1.2   1.1   0.7   0.6
26157 1   0.5   0.6   0.9   1.5   2.2   2.8   2.6   2.4   1.6   1.0   0.8   0.6
26157 2   0.5   0.6   1.1   1.6   2.5   2.6   2.4   2.1   1.3   1.0   0.7   0.5
26157 3   0.5   0.7   1.3   1.8   2.5   2.6   2.4   1.8   1.1   1.0   0.6   0.5
26275 1   0.5   0.6   1.0   1.7   2.4   2.7   2.3   2.2   1.4   1.0   0.9   0.6
26275 2   0.6   0.6   1.2   1.7   2.5   2.5   2.2   2.0   1.2   1.1   0.7   0.6
26275 3   0.5   0.8   1.4   2.0   2.6   2.6   2.3   1.6   1.0   1.0   0.6   0.6
26359 1   0.5   0.6   1.0   1.8   2.6   2.9   2.6   2.6   1.7   1.0   0.8   0.6
26359 2   0.6   0.6   1.3   1.9   2.7   2.7   2.5   2.1   1.4   1.0   0.6   0.5
26359 3   0.5   0.8   1.6   2.1   2.7   2.8   2.5   1.9   1.1   0.9   0.6   0.5
26781 1   0.4   0.5   0.8   1.6   2.6   2.6   2.2   2.4   1.6   1.0   0.7   0.5
26781 2   0.5   0.6   1.1   1.7   2.5   2.3   2.4   2.0   1.3   1.0   0.6   0.4
26781 3   0.5   0.7   1.3   2.0   2.4   2.6   2.3   1.8   1.1   0.9   0.5   0.4
26997 1   0.5   0.5   0.8   1.7   3.0   3.2   2.5   2.8   2.3   1.2   0.8   0.5
26997 2   0.5   0.6   1.1   1.8   3.1   2.8   2.8   2.6   1.7   1.1   0.6   0.5
26997 3   0.5   0.7   1.4   2.2   2.9   2.9   2.7   2.5   1.5   1.0   0.5   0.4
27037 1   0.4   0.5   0.8   1.6   2.4   2.6   2.6   2.3   1.3   1.0   0.7   0.5
27037 2   0.4   0.5   1.0   1.8   2.7   2.6   2.7   1.8   1.1   0.9   0.6   0.4
27037 3   0.4   0.6   1.3   1.9   2.6   2.7   2.4   1.6   1.1   0.8   0.5   0.4
27051 1   0.4   0.4   0.8   1.7   2.3   2.5   2.5   2.2   1.1   0.9   0.7   0.5
27051 2   0.4   0.5   1.1   1.8   2.5   2.4   2.4   1.6   0.9   0.9   0.5   0.4
27051 3   0.4   0.6   1.4   1.8   2.7   2.6   2.2   1.5   0.9   0.7   0.4   0.4
27333 1   0.4   0.5   0.8   1.8   3.0   3.0   3.1   3.0   1.6   1.2   0.7   0.5
27333 2   0.4   0.5   1.1   1.9   3.1   2.9   3.3   2.3   1.2   0.9   0.6   0.4
27333 3   0.4   0.6   1.5   2.2   3.1   3.3   3.0   2.1   1.2   0.8   0.4   0.4
27459 1   0.4   0.5   0.9   2.0   3.6   3.4   3.6   3.5   2.1   1.5   0.8   0.5
27459 2   0.4   0.6   1.3   2.3   3.6   3.3   3.8   2.9   1.7   1.1   0.7   0.5
27459 3   0.4   0.7   1.7   2.7   3.7   3.8   3.5   3.0   1.5   1.0   0.5   0.4
27595 1   0.4   0.5   0.8   1.7   3.4   3.7   3.6   3.6   2.3   1.6   0.8   0.6
27595 2   0.4   0.5   1.0   2.0   3.6   3.6   3.7   3.2   1.9   1.3   0.7   0.5
27595 3   0.4   0.6   1.3   2.6   3.7   3.7   3.7   3.2   1.7   1.1   0.6   0.4
27612 1   0.6   0.7   1.1   2.0   3.2   3.2   3.0   2.9   1.8   1.4   1.0   0.7
27612 2   0.6   0.7   1.4   2.1   3.2   3.2   3.3   2.5   1.5   1.3   0.9   0.6
27612 3   0.6   0.9   1.7   2.4   3.1   3.6   3.1   2.2   1.4   1.2   0.7   0.6
27648 1   0.5   0.5   0.9   1.8   3.3   3.3   3.1   3.2   2.2   1.3   0.8   0.5
27648 2   0.5   0.6   1.1   2.0   3.3   3.1   3.5   2.9   1.6   1.0   0.6   0.5
27648 3   0.5   0.7   1.4   2.3   3.3   3.4   3.2   2.8   1.4   0.9   0.5   0.4
27675 1   0.4   0.4   0.7   1.6   3.7   3.7   3.5   3.5   2.4   1.6   0.7   0.5
27675 2   0.4   0.5   0.9   1.9   4.0   3.4   3.6   3.3   2.0   1.1   0.6   0.5
27675 3   0.4   0.6   1.1   2.7   4.1   3.5   3.6   3.3   1.7   1.0   0.6   0.4
27707 1   0.5   0.5   0.9   1.6   2.6   2.5   2.2   2.4   1.8   1.1   0.8   0.5
27707 2   0.5   0.6   1.1   1.7   2.5   2.4   2.5   2.3   1.4   1.2   0.6   0.5
27707 3   0.5   0.7   1.4   2.0   2.5   2.6   2.5   2.1   1.2   1.0   0.5   0.4
27823 1   0.4   0.5   0.6   1.5   3.6   3.5   3.0   3.5   2.6   1.4   0.7   0.5
27823 2   0.4   0.5   0.8   1.8   3.7   3.2   3.5   3.3   2.0   1.1   0.5   0.4
27823 3   0.4   0.5   1.0   2.4   3.7   3.7   3.5   3.1   1.7   0.9   0.5   0.4
27857 1   0.4   0.5   0.7   1.5   3.7   4.1   3.5   3.9   2.8   1.6   0.8   0.5
27857 2   0.5   0.5   0.9   2.0   4.0   3.9   4.1   3.7   2.2   1.2   0.6   0.5
27857 3   0.4   0.6   1.1   2.6   4.2   4.1   3.8   3.7   1.8   1.0   0.6   0.4
27995 1   0.4   0.4   0.7   1.7   4.7   4.8   5.0   4.9   4.0   2.0   0.9   0.5
27995 2   0.4   0.5   0.8   2.5   5.1   4.7   4.9   4.9   3.1   1.6   0.7   0.5
27995 3   0.4   0.6   1.1   3.5   5.0   4.5   5.3   4.9   2.5   1.3   0.6   0.4
28009 1   0.3   0.4   0.8   1.8   2.8   3.0   3.1   2.5   1.4   1.1   0.6   0.4
28009 2   0.4   0.5   1.1   1.9   2.8   2.9   2.9   2.0   1.2   0.8   0.5   0.4
28009 3   0.3   0.7   1.5   2.2   3.0   3.0   2.6   1.9   1.1   0.7   0.5   0.4
28064 1   0.3   0.4   1.1   1.9   2.9   3.3   4.0   2.7   1.9   1.4   0.8   0.5
28064 2   0.3   0.5   1.3   2.2   2.9   3.5   3.3   2.3   1.7   1.3   0.6   0.5
28064 3   0.4   0.8   1.8   2.7   3.1   3.4   3.2   1.9   1.7   1.1   0.6   0.4
28138 1   0.2   0.3   0.8   1.7   2.5   2.6   2.9   2.1   1.5   1.0   0.5   0.3
28138 2   0.3   0.4   1.0   1.9   2.7   2.8   2.5   1.7   1.3   0.8   0.3   0.3
28138 3   0.3   0.5   1.3   2.2   2.7   2.5   2.3   1.7   1.0   0.6   0.3   0.2
28224 1   0.4   0.4   1.0   2.0   3.1   3.2   3.6   2.8   2.0   1.3   0.7   0.5
28224 2   0.4   0.5   1.3   2.3   3.3   3.4   3.2   2.4   1.6   1.1   0.6   0.4
28224 3   0.4   0.8   1.7   2.6   3.4   3.3   3.0   2.4   1.4   1.0   0.6   0.4
28255 1   0.4   0.4   1.0   1.9   3.1   3.0   3.3   2.3   1.8   1.4   0.8   0.5
28255 2   0.4   0.5   1.2   2.2   2.9   3.2   2.9   2.2   1.4   1.2   0.7   0.5
28255 3   0.4   0.8   1.6   2.6   3.1   3.0   2.7   1.9   1.5   1.0   0.6   0.4
28275 1   0.3   0.4   0.9   1.8   2.9   3.2   3.6   2.5   1.9   1.5   0.7   0.4
28275 2   0.3   0.5   1.1   2.1   2.9   3.5   3.2   2.3   1.8   1.2   0.6   0.4
28275 3   0.4   0.6   1.5   2.7   3.2   3.4   2.9   1.9   1.6   1.0   0.6   0.4
28418 1   0.4   0.4   0.8   1.8   3.3   3.6   4.0   3.3   2.3   1.5   0.7   0.5
28418 2   0.4   0.5   1.0   2.0   3.8   3.7   3.9   3.2   1.8   1.2   0.6   0.4
28418 3   0.4   0.6   1.3   2.5   4.0   3.7   3.6   3.1   1.7   1.0   0.5   0.4
28434 1   0.5   0.4   0.9   1.8   3.1   3.3   3.4   2.6   2.0   1.4   0.8   0.6
28434 2   0.4   0.6   1.1   2.0   3.4   3.5   3.1   2.4   1.6   1.2   0.7   0.5
28434 3   0.4   0.7   1.4   2.6   3.4   3.2   2.9   2.2   1.5   1.0   0.7   0.5
28493 1   0.4   0.4   0.8   1.8   3.3   3.7   3.8   2.5   2.0   1.7   0.8   0.4
28493 2   0.3   0.5   1.1   2.2   3.2   4.0   3.4   2.6   2.1   1.4   0.6   0.4
28493 3   0.4   0.6   1.5   2.9   3.6   3.9   3.1   2.1   1.9   1.2   0.6   0.4
28552 1   0.5   0.5   0.9   1.9   3.6   3.8   4.0   3.0   2.7   1.8   1.0   0.6
28552 2   0.5   0.6   1.1   2.4   3.7   4.2   3.4   2.9   2.1   1.6   0.9   0.6
28552 3   0.4   0.7   1.5   3.1   4.0   3.8   3.3   2.7   2.0   1.3   0.8   0.5
28573 1   0.4   0.4   0.7   1.5   3.4   3.4   3.8   2.5   2.2   1.6   0.9   0.5
28573 2   0.4   0.4   0.8   2.2   3.2   3.9   3.2   2.7   1.9   1.4   0.7   0.5
28573 3   0.4   0.5   1.2   2.8   3.7   3.6   2.9   2.2   1.8   1.2   0.6   0.4
28666 1   0.4   0.4   0.6   1.4   3.5   3.8   4.0   2.9   2.9   1.8   0.9   0.5
28666 2   0.4   0.4   0.7   2.1   3.6   4.4   3.5   3.3   2.3   1.6   0.7   0.4
28666 3   0.4   0.5   1.0   2.8   4.1   3.8   3.3   2.9   2.1   1.3   0.6   0.4
28698 1   0.4   0.4   0.6   1.6   3.7   4.6   4.7   3.0   2.9   1.9   0.9   0.4
28698 2   0.3   0.4   0.8   2.4   3.9   5.1   4.1   3.4   2.6   1.6   0.6   0.4
28698 3   0.3   0.5   1.1   3.2   4.4   4.7   3.7   2.9   2.2   1.3   0.6   0.4
28704 1   0.4   0.4   0.6   1.3   3.8   3.7   3.8   3.5   2.7   1.6   0.7   0.5
28704 2   0.4   0.4   0.7   1.8   4.1   3.6   3.7   3.5   2.2   1.2   0.6   0.4
28704 3   0.4   0.5   1.0   2.7   4.0   3.5   3.8   3.5   1.9   1.0   0.5   0.4
28722 1   0.4   0.4   0.8   1.7   3.7   3.8   3.9   3.2   2.6   1.6   0.9   0.6
28722 2   0.4   0.6   1.0   2.1   4.1   3.7   3.5   3.2   2.1   1.5   0.8   0.5
28722 3   0.4   0.6   1.3   2.9   4.0   3.6   3.4   3.0   1.9   1.1   0.7   0.4
28748 1   0.4   0.4   0.7   1.8   3.9   4.4   4.8   3.7   3.8   2.1   1.1   0.6
28748 2   0.4   0.5   0.9   2.5   4.3   4.8   4.1   4.1   2.8   1.9   0.9   0.5
28748 3   0.4   0.6   1.2   3.4   4.5   4.6   4.1   4.0   2.6   1.5   0.7   0.4
29111 1   0.3   0.3   0.9   1.7   2.6   3.2   3.8   2.3   1.6   1.3   0.6   0.4
29111 2   0.3   0.4   1.1   2.1   2.5   3.6   3.4   2.0   1.7   1.1   0.5   0.3
29111 3   0.3   0.5   1.6   2.4   2.9   3.7   2.9   1.7   1.5   0.9   0.4   0.3
29231 1   0.3   0.3   0.8   1.6   2.5   3.4   3.6   2.3   1.5   1.3   0.7   0.3
29231 2   0.3   0.4   1.0   2.0   2.4   3.8   3.3   2.1   1.6   1.2   0.5   0.3
29231 3   0.3   0.5   1.4   2.4   2.7   3.6   2.8   1.7   1.6   0.9   0.4   0.3
29263 1   0.3   0.4   0.8   1.8   2.8   3.3   3.7   2.5   1.6   1.6   0.8   0.4
29263 2   0.3   0.4   1.1   2.3   2.7   4.0   3.5   2.1   1.7   1.4   0.6   0.4
29263 3   0.3   0.6   1.7   2.6   2.8   3.9   3.2   1.8   1.8   1.1   0.5   0.4
29282 1   0.3   0.3   0.8   1.9   2.9   3.7   4.2   3.0   1.8   1.7   1.0   0.4
29282 2   0.3   0.4   1.1   2.4   2.9   4.4   4.0   2.6   1.8   1.6   0.7   0.4
29282 3   0.3   0.6   1.6   2.7   3.2   4.3   3.9   2.1   1.9   1.3   0.6   0.4
29313 1   0.3   0.4   0.9   1.7   2.7   3.4   3.1   2.2   1.6   1.4   0.7   0.4
29313 2   0.3   0.4   1.2   2.3   2.7   3.7   3.0   2.0   1.6   1.2   0.5   0.4
29313 3   0.3   0.6   1.6   2.6   2.9   3.2   2.6   1.7   1.7   1.0   0.5   0.3
29328 1   0.3   0.4   0.8   1.8   2.9   3.7   3.6   2.4   1.8   1.6   0.8   0.4
29328 2   0.3   0.4   1.1   2.4   2.9   4.1   3.4   2.2   1.8   1.3   0.6   0.4
29328 3   0.3   0.6   1.6   2.8   3.3   3.7   2.8   1.7   1.8   1.1   0.5   0.4
29379 1   0.3   0.4   0.9   1.8   1.7   1.0   0.9   0.6   0.5   1.1   0.9   0.4
29379 2   0.3   0.5   1.2   2.0   1.5   0.9   0.9   0.6   0.7   1.3   0.6   0.4
29379 3   0.4   0.6   1.6   2.0   1.2   0.8   0.7   0.6   1.1   1.2   0.6   0.4
29570 1   0.7   0.8   1.3   2.3   3.4   4.0   3.9   2.8   1.9   1.9   1.5   0.8
29570 2   0.7   0.8   1.6   2.9   3.3   4.1   3.6   2.5   2.0   1.9   1.1   0.8
29570 3   0.7   1.1   2.1   3.2   3.6   4.1   3.1   2.0   2.0   1.8   1.1   0.8
29594 1   0.4   0.5   1.0   2.0   3.1   3.8   3.7   2.6   1.7   1.7   1.1   0.5
29594 2   0.4   0.6   1.3   2.5   3.0   4.3   3.2   2.4   1.9   1.6   0.8   0.5
29594 3   0.4   0.8   1.8   2.9   3.4   4.2   2.9   2.0   1.9   1.4   0.7   0.5
29612 1   0.3   0.3   0.5   1.3   3.1   3.9   4.0   2.9   2.4   1.7   0.8   0.4
29612 2   0.3   0.4   0.7   2.0   3.3   4.4   3.6   2.9   2.2   1.4   0.5   0.4
29612 3   0.3   0.4   1.0   2.7   3.6   4.2   3.3   2.4   2.0   1.1   0.5   0.3
29645 1   0.4   0.5   0.7   1.5   2.9   3.7   3.8   2.7   2.0   1.6   1.0   0.5
29645 2   0.4   0.5   0.9   2.1   3.1   3.9   3.5   2.5   2.0   1.4   0.7   0.5
29645 3   0.4   0.6   1.3   2.6   3.5   3.7   3.0   2.1   1.9   1.2   0.6   0.4
29752 1   0.5   0.7   1.0   1.4   2.0   2.2   1.8   1.3   1.4   1.3   1.0   0.7
29752 2   0.5   0.6   1.0   1.8   2.0   2.2   1.6   1.4   1.7   1.2   0.8   0.7
29752 3   0.7   0.8   1.4   1.9   2.0   2.0   1.3   1.2   1.4   1.2   0.8   0.6
29789 1   0.6   0.7   1.1   2.0   2.6   3.0   2.5   2.0   1.7   1.8   1.3   0.7
29789 2   0.5   0.8   1.4   2.3   2.6   2.9   2.2   2.1   1.8   1.7   1.1   0.6
29789 3   0.6   1.0   1.7   2.5   2.8   2.8   2.0   1.7   1.8   1.6   1.0   0.6
29866 1   0.6   0.5   1.0   2.4   3.3   4.4   4.6   3.4   2.2   1.8   1.3   0.7
29866 2   0.5   0.7   1.4   2.7   3.5   4.5   4.4   3.3   2.1   1.7   1.1   0.6
29866 3   0.5   0.8   1.9   3.3   3.8   4.8   3.7   2.7   2.0   1.6   0.9   0.6
29939 1   0.5   0.6   0.7   1.6   3.2   4.0   4.0   3.1   2.5   1.9   1.1   0.6
29939 2   0.4   0.5   1.0   2.1   3.6   4.1   3.7   3.1   2.4   1.6   0.8   0.5
29939 3   0.4   0.6   1.2   2.8   3.8   4.1   3.3   2.8   2.2   1.4   0.7   0.5
30054 1   0.2   0.2   0.5   1.6   2.5   3.2   3.5   2.6   1.6   1.4   0.5   0.2
30054 2   0.2   0.2   0.8   2.1   2.7   3.6   3.6   2.0   1.5   1.1   0.4   0.2
30054 3   0.2   0.4   1.2   2.3   2.9   3.5   3.1   1.6   1.5   0.8   0.3   0.2
30089 1   0.1   0.1   0.5   1.7   2.8   3.3   3.5   3.1   1.7   1.6   0.5   0.1
30089 2   0.1   0.2   0.8   2.2   3.0   3.8   4.1   2.2   1.9   1.2   0.3   0.1
30089 3   0.1   0.3   1.2   2.6   3.4   3.6   3.4   1.9   1.7   0.8   0.2   0.1
30230 1   0.2   0.2   0.7   1.9   2.8   3.4   3.3   2.6   1.6   1.5   0.7   0.3
30230 2   0.2   0.3   1.0   2.3   3.0   3.9   3.2   2.0   1.6   1.3   0.5   0.3
30230 3   0.2   0.5   1.4   2.6   3.1   3.9   3.2   1.8   1.6   1.1   0.4   0.2
30252 1   0.2   0.2   0.6   1.8   2.6   3.0   3.2   2.5   1.5   1.6   0.6   0.2
30252 2   0.1   0.2   0.8   2.3   2.8   3.3   3.3   1.8   1.6   1.3   0.4   0.2
30252 3   0.2   0.4   1.2   2.5   3.1   3.6   3.0   1.7   1.6   0.9   0.3   0.1
30309 1   0.3   0.3   0.8   2.0   3.1   3.7   3.6   2.7   1.8   1.8   1.0   0.4
30309 2   0.3   0.4   1.1   2.6   3.1   3.9   3.4   2.5   1.9   1.7   0.8   0.4
30309 3   0.3   0.6   1.6   3.0   3.3   4.2   3.5   2.1   2.0   1.4   0.7   0.3
30372 1   0.1   0.2   0.6   1.7   2.9   3.0   3.1   2.5   1.9   1.8   0.6   0.2
30372 2   0.1   0.2   0.8   2.2   2.9   3.3   3.2   2.2   2.1   1.4   0.3   0.1
30372 3   0.1   0.4   1.2   2.6   3.0   3.4   2.9   2.1   2.0   0.9   0.3   0.1
30385 1   0.1   0.2   0.7   2.0   3.1   3.2   3.1   2.6   1.9   2.1   0.5   0.2
30385 2   0.1   0.3   1.0   2.5   3.2   3.3   3.4   2.2   2.2   1.5   0.3   0.1
30385 3   0.1   0.4   1.5   2.8   3.5   3.4   2.9   1.9   2.2   1.0   0.2   0.1
30393 1   0.1   0.1   0.4   1.4   2.5   2.9   3.2   2.6   1.8   1.4   0.4   0.1
30393 2   0.1   0.2   0.6   1.8   2.8   3.2   3.5   2.3   2.0   1.0   0.2   0.1
30393 3   0.1   0.3   1.0   2.3   3.2   3.1   2.9   2.0   1.8   0.7   0.2   0.1
30433 1   0.4   0.3   0.6   1.6   2.6   2.5   2.2   2.2   2.3   2.6   1.3   0.6
30433 2   0.3   0.4   0.8   2.1   2.6   2.5   2.5   2.1   2.2   2.2   1.0   0.6
30433 3   0.3   0.5   1.2   2.5   2.7   2.9   2.6   2.3   2.4   1.8   0.9   0.5
30521 1   0.2   0.2   0.6   1.7   2.8   3.4   2.9   2.1   1.3   1.4   0.6   0.2
30521 2   0.1   0.3   0.9   2.2   3.0   3.6   3.0   1.9   1.4   1.2   0.4   0.2
30521 3   0.2   0.4   1.4   2.5   3.2   3.8   2.7   1.6   1.5   0.9   0.3   0.2
30554 1   0.2   0.4   0.9   2.0   3.1   3.7   3.5   2.7   2.4   2.2   0.8   0.3
30554 2   0.2   0.5   1.1   2.6   3.5   3.8   3.2   2.5   2.5   1.8   0.5   0.2
30554 3   0.3   0.6   1.6   2.9   3.7   3.9   2.9   2.3   2.4   1.3   0.4   0.2
30612 1   0.2   0.2   0.5   1.8   3.0   3.6   3.6   2.6   1.8   1.9   1.0   0.3
30612 2   0.2   0.3   0.8   2.4   3.1   3.8   3.4   2.5   1.8   1.7   0.6   0.2
30612 3   0.2   0.4   1.2   2.8   3.3   4.3   3.0   2.2   1.9   1.4   0.5   0.2
30636 1   0.2   0.3   0.8   2.2   3.2   4.2   3.9   3.0   2.3   2.0   0.9   0.3
30636 2   0.2   0.3   1.1   2.7   3.5   4.4   4.0   3.1   2.2   1.8   0.6   0.3
30636 3   0.2   0.5   1.7   3.0   3.7   4.9   3.6   2.7   2.1   1.5   0.5   0.2
30650 1   0.2   0.4   0.9   2.2   3.3   3.9   3.3   2.3   2.1   2.2   0.9   0.3
30650 2   0.2   0.5   1.2   2.8   3.7   3.8   3.2   2.3   2.4   1.9   0.6   0.2
30650 3   0.2   0.7   1.7   3.0   3.8   3.9   2.7   2.1   2.4   1.5   0.4   0.2
30673 1   0.2   0.3   0.8   2.0   3.1   3.4   3.2   2.5   2.0   2.1   0.7   0.2
30673 2   0.2   0.4   1.0   2.5   3.5   3.6   3.0   2.3   2.4   1.7   0.4   0.2
30673 3   0.2   0.6   1.5   2.7   3.6   3.6   2.8   2.1   2.3   1.2   0.3   0.2
30710 1   0.3   0.5   1.1   2.4   3.4   3.6   3.0   2.4   1.7   1.8   1.2   0.4
30710 2   0.3   0.6   1.5   2.9   3.5   3.6   3.1   2.3   1.8   1.8   0.8   0.3
30710 3   0.3   0.8   2.0   3.1   3.5   3.8   2.7   1.9   1.9   1.5   0.6   0.3
30758 1   0.3   0.4   1.1   2.7   3.8   4.7   4.3   2.9   2.4   2.6   1.2   0.4
30758 2   0.2   0.5   1.5   3.3   4.3   4.7   3.9   2.8   2.6   2.4   0.8   0.4
30758 3   0.3   0.7   2.1   3.6   4.5   5.0   3.5   2.6   2.7   1.9   0.6   0.3
30777 1   0.2   0.3   0.8   2.7   4.0   4.2   3.9   2.9   2.2   2.8   1.1   0.3
30777 2   0.2   0.4   1.2   3.4   4.6   4.4   3.5   2.6   2.6   2.5   0.6   0.2
30777 3   0.2   0.6   1.9   3.7   4.5   4.7   3.2   2.3   2.8   1.7   0.4   0.2
30844 1   0.3   0.4   1.0   2.2   3.3   4.1   3.4   2.5   2.1   2.0   1.0   0.4
30844 2   0.2   0.5   1.3   2.7   3.6   3.9   3.4   2.5   2.2   1.8   0.7   0.3
30844 3   0.3   0.7   1.8   2.9   3.8   4.3   3.0   2.3   2.3   1.4   0.5   0.3
30879 1   0.2   0.2   0.7   2.3   3.4   3.7   3.4   2.7   2.0   2.5   1.0   0.3
30879 2   0.2   0.3   1.0   2.9   4.2   3.9   3.2   2.5   2.5   2.2   0.5   0.2
30879 3   0.2   0.4   1.6   3.2   4.0   4.0   2.9   2.2   2.6   1.6   0.3   0.1
30925 1   0.4   0.5   1.1   2.8   4.0   5.0   4.3   3.6   2.6   2.6   1.5   0.6
30925 2   0.3   0.6   1.6   3.4   4.3   4.8   4.6   3.7   2.6   2.3   1.0   0.5
30925 3   0.4   0.8   2.3   3.5   4.3   5.3   4.1   3.2   2.7   1.9   0.8   0.4
30935 1   0.2   0.3   0.8   2.3   3.5   4.3   3.2   2.4   2.0   2.1   1.0   0.3
30935 2   0.2   0.4   1.2   2.9   3.9   3.7   3.3   2.3   2.1   1.9   0.6   0.3
30935 3   0.2   0.6   1.8   3.1   4.0   4.1   2.9   2.2   2.3   1.5   0.5   0.2
30949 1   0.4   0.6   1.4   2.8   3.9   4.6   4.0   2.9   2.6   2.6   1.4   0.6
30949 2   0.4   0.8   1.8   3.3   4.3   4.2   3.5   2.9   2.8   2.4   1.0   0.5
30949 3   0.5   1.1   2.3   3.6   4.5   4.6   3.2   2.7   2.8   1.9   0.8   0.4
30965 1   0.2   0.3   0.7   2.5   3.6   4.4   4.2   3.3   2.5   2.6   1.2   0.3
30965 2   0.2   0.3   1.2   3.0   4.2   4.5   3.9   3.1   2.8   2.3   0.7   0.2
30965 3   0.2   0.5   1.8   3.4   4.5   5.1   3.5   2.9   2.7   1.7   0.5   0.2
31004 1   0.2   0.2   0.4   1.4   2.4   3.0   3.3   2.9   1.7   1.3   0.5   0.2
31004 2   0.2   0.2   0.7   1.9   2.7   3.5   3.6   2.2   2.0   1.0   0.3   0.2
31004 3   0.2   0.4   1.0   2.2   3.1   3.1   3.1   2.0   1.7   0.7   0.3   0.2
31088 1   0.5   0.6   0.7   1.0   1.2   1.0   0.8   1.0   1.2   1.9   1.0   0.6
31088 2   0.5   0.6   0.9   1.1   1.2   0.9   0.8   1.0   1.5   1.7   0.7   0.5
31088 3   0.5   0.7   0.9   1.1   1.0   0.7   0.8   1.4   1.7   1.3   0.6   0.5
31137 1   0.1   0.1   0.3   1.1   2.1   3.0   3.0   2.0   1.5   1.2   0.3   0.1
31137 2   0.1   0.1   0.5   1.5   2.3   3.1   2.9   1.9   1.6   0.8   0.2   0.1
31137 3   0.1   0.2   0.8   1.9   2.8   2.8   2.5   1.6   1.4   0.5   0.1   0.1
31168 1   0.7   0.8   1.1   1.3   1.2   1.1   0.9   1.1   1.6   2.4   1.6   0.9
31168 2   0.7   0.8   1.2   1.3   1.3   1.3   0.9   1.3   2.0   2.4   1.3   0.9
31168 3   0.7   0.9   1.3   1.3   1.1   0.9   1.1   1.6   2.0   2.1   1.0   0.8
31174 1   0.3   0.4   0.5   0.9   1.1   1.1   0.7   0.7   1.0   1.6   1.1   0.4
31174 2   0.3   0.3   0.6   1.0   1.2   1.1   0.7   0.9   1.2   1.6   0.7   0.3
31174 3   0.3   0.4   0.7   1.1   1.1   0.7   0.7   0.9   1.2   1.4   0.5   0.3
31253 1   0.2   0.3   0.8   2.3   3.1   3.5   3.1   2.4   1.6   2.4   0.7   0.2
31253 2   0.2   0.3   1.1   2.7   3.4   3.7   3.2   2.1   2.2   1.9   0.4   0.1
31253 3   0.2   0.5   1.7   3.0   3.7   3.2   2.6   1.8   2.3   1.2   0.2   0.1
31329 1   0.1   0.2   0.6   1.8   2.4   3.1   3.0   2.1   1.3   1.7   0.5   0.2
31329 2   0.1   0.3   0.9   2.1   2.9   3.1   2.7   1.9   1.6   1.3   0.3   0.1
31329 3   0.2   0.5   1.3   2.3   2.9   2.6   2.2   1.4   1.6   0.9   0.2   0.1
31369 1   0.3   0.3   0.6   1.2   1.6   2.1   2.0   1.6   1.5   1.6   1.0   0.3
31369 2   0.3   0.4   0.7   1.4   1.7   2.2   1.9   1.7   1.4   1.5   0.7   0.3
31369 3   0.3   0.5   1.0   1.6   1.7   2.0   1.8   1.7   1.3   1.2   0.5   0.3
31416 1   0.2   0.3   0.8   1.9   2.6   3.4   3.2   2.3   1.9   2.0   1.0   0.3
31416 2   0.2   0.4   1.1   2.3   3.0   3.4   3.0   2.5   1.7   1.8   0.6   0.2
31416 3   0.2   0.6   1.4   2.5   3.1   2.8   2.7   2.1   1.8   1.5   0.4   0.2
31439 1   0.2   0.3   0.6   1.5   2.1   2.8   2.7   2.0   1.7   1.7   1.1   0.3
31439 2   0.2   0.3   0.9   1.8   2.3   2.9   2.5   2.1   1.6   1.6   0.6   0.2
31439 3   0.2   0.5   1.2   2.1   2.5   2.6   2.3   1.9   1.4   1.4   0.4   0.2
31478 1   0.2   0.2   0.6   1.6   2.4   2.8   2.7   2.0   1.4   1.7   0.6   0.2
31478 2   0.2   0.3   0.8   2.0   2.7   2.7   2.5   1.9   1.6   1.3   0.4   0.1
31478 3   0.2   0.4   1.2   2.3   2.7   2.4   2.2   1.5   1.6   0.9   0.3   0.2
31707 1   0.4   0.6   1.3   2.6   3.0   3.1   3.1   2.7   2.2   2.5   1.8   0.6
31707 2   0.4   0.7   1.7   2.8   3.5   2.9   2.8   2.4   2.2   2.5   1.2   0.5
31707 3   0.5   0.9   2.1   3.1   3.7   3.1   2.5   2.4   2.4   2.1   0.8   0.4
31770 1   0.7   0.7   1.1   1.7   1.8   1.5   1.4   1.6   1.9   2.0   2.1   1.0
31770 2   0.7   0.7   1.3   1.8   1.6   1.5   1.3   1.8   2.0   2.4   1.7   0.9
31770 3   0.7   0.9   1.5   1.6   1.5   1.2   1.5   2.0   2.0   2.2   1.3   0.8
31829 1   1.4   1.4   1.6   1.7   1.4   0.7   0.6   1.1   1.6   2.2   2.9   1.8
31829 2   1.2   1.3   1.7   1.5   1.1   0.8   0.6   1.3   1.8   2.5   2.5   1.6
31829 3   1.3   1.5   1.7   1.4   1.1   0.6   0.8   1.5   2.0   2.6   2.1   1.4
31960 1   1.1   1.2   1.9   2.5   1.8   1.1   1.0   1.6   1.9   2.2   2.5   1.4
31960 2   1.0   1.3   2.2   2.3   2.0   0.9   1.0   1.5   2.0   2.4   2.1   1.2
31960 3   1.1   1.5   2.4   2.1   1.8   0.8   1.1   1.8   2.1   2.4   1.7   1.1
31961 1   0.6   0.8   1.6   2.5   2.6   2.1   2.3   2.5   2.1   2.1   2.0   1.0
31961 2   0.6   0.9   2.1   2.6   2.9   1.9   2.3   2.4   2.0   2.2   1.6   0.8
31961 3   0.6   1.2   2.4   2.8   2.7   2.1   2.3   2.4   2.1   1.9   1.2   0.7
31989 1   2.0   2.1   2.4   2.5   1.7   0.9   1.0   1.3   1.9   2.2   2.9   2.2
31989 2   1.9   2.0   2.6   2.2   1.8   0.8   0.9   1.4   1.9   2.4   2.8   2.1
31989 3   1.9   2.1   2.6   2.0   1.4   0.8   1.1   1.8   2.0   2.6   2.5   2.0
32027 1   0.3   0.2   0.4   0.6   0.7   0.8   0.9   0.9   1.3   1.5   1.1   0.4
32027 2   0.2   0.3   0.5   0.6   0.8   0.9   0.8   1.1   1.3   1.3   0.8   0.4
32027 3   0.2   0.3   0.5   0.7   0.8   0.9   0.9   1.1   1.2   1.2   0.6   0.3
32061 1   0.4   0.4   0.7   1.6   2.0   1.5   1.6   1.5   1.9   1.8   1.6   0.7
32061 2   0.4   0.5   1.0   1.7   1.8   1.6   1.4   1.8   1.8   1.9   1.2   0.5
32061 3   0.4   0.6   1.2   1.9   1.6   1.5   1.5   1.9   1.7   1.7   0.9   0.4
32076 1   0.5   0.4   0.6   1.0   1.1   0.9   0.7   0.6   1.2   1.2   1.3   0.7
32076 2   0.4   0.4   0.7   1.0   1.1   0.7   0.6   0.9   1.1   1.5   1.0   0.6
32076 3   0.4   0.5   0.7   1.0   0.9   0.7   0.8   1.2   1.1   1.4   0.8   0.5
32098 1   0.6   0.7   0.9   1.4   1.3   0.9   0.8   1.0   1.5   1.6   1.6   0.8
32098 2   0.6   0.7   1.1   1.4   1.3   0.8   0.7   1.2   1.5   1.7   1.2   0.6
32098 3   0.6   0.8   1.2   1.3   1.0   0.7   0.9   1.4   1.5   1.7   0.9   0.6
32099 1   0.4   0.4   0.5   0.6   0.7   0.4   0.2   0.2   0.5   0.9   1.3   0.7
32099 2   0.4   0.4   0.5   0.6   0.6   0.3   0.1   0.3   0.5   1.2   1.1   0.6
32099 3   0.3   0.4   0.5   0.6   0.4   0.2   0.2   0.4   0.6   1.2   0.9   0.5
32150 1   0.5   0.5   0.8   1.4   1.4   1.1   1.0   1.0   1.1   0.9   1.3   0.7
32150 2   0.5   0.6   1.1   1.5   1.3   0.9   0.9   1.0   0.9   1.2   1.0   0.6
32150 3   0.5   0.7   1.2   1.4   1.2   0.9   1.0   1.2   1.0   1.2   0.9   0.6
32165 1   1.3   1.1   1.1   1.2   1.1   0.5   0.3   0.5   0.9   1.5   1.8   1.7
32165 2   1.2   1.0   1.2   1.2   0.9   0.4   0.3   0.6   1.2   1.5   2.0   1.6
32165 3   1.1   1.0   1.2   1.1   0.7   0.3   0.4   0.8   1.4   1.6   1.8   1.4
32213 1   0.7   0.7   0.6   0.7   0.6   0.5   0.2   0.1   0.3   0.6   1.0   0.9
32213 2   0.7   0.6   0.7   0.7   0.5   0.4   0.1   0.2   0.4   0.8   1.0   0.8
32213 3   0.7   0.6   0.7   0.6   0.5   0.3   0.1   0.2   0.5   1.0   0.9   0.8
32252 1   0.3   0.3   0.4   0.7   1.0   1.0   0.6   0.7   0.6   1.0   0.6   0.5
32252 2   0.3   0.4   0.6   0.8   1.1   0.7   0.6   0.5   0.8   1.0   0.5   0.4
32252 3   0.4   0.4   0.5   0.8   1.1   0.8   0.5   0.6   0.9   0.8   0.5   0.3
32287 1   0.6   0.6   0.7   0.9   1.3   1.2   1.2   1.2   0.9   1.2   0.9   0.7
32287 2   0.6   0.5   0.8   1.0   1.4   1.0   1.0   1.0   1.0   1.3   0.7   0.6
32287 3   0.6   0.5   0.8   1.1   1.3   1.2   0.9   1.0   1.1   1.1   0.7   0.5
32389 1   0.4   0.4   0.7   1.4   2.1   2.4   2.7   1.8   1.5   1.8   1.2   0.5
32389 2   0.4   0.5   0.9   1.7   2.2   2.7   2.3   1.5   1.5   1.8   1.0   0.4
32389 3   0.3   0.6   1.1   2.0   2.3   2.6   2.0   1.6   1.6   1.5   0.6   0.3
32477 1   0.7   0.6   0.8   1.0   1.1   1.0   0.9   0.7   0.7   0.8   0.8   0.7
32477 2   0.6   0.6   0.9   1.0   1.1   0.8   0.7   0.6   0.7   1.0   0.7   0.6
32477 3   0.6   0.6   0.8   1.1   1.0   0.9   0.7   0.6   0.7   1.0   0.7   0.5
32509 1   1.2   1.1   1.3   1.3   1.3   1.1   0.8   1.0   1.3   1.8   2.3   1.5
32509 2   1.1   1.2   1.3   1.5   1.5   0.9   0.8   1.1   1.5   2.2   2.0   1.4
32509 3   1.1   1.3   1.4   1.5   1.1   0.9   0.8   1.2   1.6   2.4   1.7   1.3
32562 1   0.6   0.7   0.7   1.0   1.2   1.0   0.9   0.7   0.8   0.9   1.0   0.7
32562 2   0.6   0.6   0.8   1.0   1.2   0.8   0.7   0.6   0.8   1.1   0.8   0.6
32562 3   0.6   0.6   0.8   1.1   1.1   0.9   0.6   0.7   0.9   1.2   0.7   0.6
32618 1   0.9   0.8   0.8   0.9   0.9   0.8   0.4   0.3   0.6   1.0   1.2   1.0
32618 2   0.8   0.8   0.8   0.9   0.9   0.6   0.4   0.4   0.7   1.3   1.2   0.9
32618 3   0.8   0.8   0.9   0.9   0.9   0.5   0.3   0.5   0.8   1.3   1.0   0.9
34110 1   0.5   0.5   0.8   1.7   3.4   3.7   3.1   3.8   2.8   1.4   0.9   0.5
34110 2   0.5   0.6   1.0   2.0   3.6   3.3   3.6   3.6   2.1   1.4   0.7   0.5
34110 3   0.5   0.7   1.2   2.6   3.4   3.4   3.6   3.2   1.7   1.1   0.5   0.5
34123 1   0.6   0.6   0.9   2.0   4.0   4.0   3.5   4.1   3.2   1.8   1.1   0.7
34123 2   0.6   0.7   1.2   2.4   4.0   3.9   4.2   4.0   2.3   1.5   0.8   0.6
34123 3   0.6   0.8   1.5   2.9   4.0   4.1   4.2   3.9   1.9   1.3   0.7   0.6
34152 1   0.4   0.5   0.7   1.9   4.0   4.3   4.0   4.7   3.7   1.9   0.9   0.5
34152 2   0.5   0.5   0.9   2.4   4.1   4.3   4.5   4.7   2.8   1.5   0.7   0.5
34152 3   0.4   0.6   1.2   3.0   4.3   4.3   4.8   4.7   2.1   1.2   0.6   0.4
34163 1   0.4   0.4   0.6   1.7   4.0   4.6   4.6   5.0   3.8   1.9   0.8   0.5
34163 2   0.4   0.5   0.8   2.5   4.3   4.5   4.7   4.8   2.8   1.6   0.7   0.5
34163 3   0.4   0.6   1.1   3.1   4.5   4.6   5.2   4.8   2.2   1.3   0.5   0.4
34186 1   0.4   0.4   0.6   1.8   4.6   5.4   5.9   6.1   4.8   2.3   0.9   0.5
34186 2   0.4   0.4   0.7   2.7   5.0   5.5   6.1   6.1   3.6   1.9   0.8   0.4
34186 3   0.4   0.5   1.0   3.6   5.3   5.3   6.6   6.0   2.8   1.3   0.5   0.4
34579 1   0.6   0.6   1.0   2.8   5.0   7.3   8.4   8.2   6.3   2.8   1.4   0.8
34579 2   0.6   0.7   1.4   3.3   5.9   7.4   8.8   8.2   4.5   2.4   1.1   0.6
34579 3   0.6   0.8   1.9   3.9   6.4   7.6   9.0   7.7   3.6   1.7   0.9   0.6
34720 1   0.7   0.7   1.0   1.8   3.0   4.2   4.7   5.3   4.1   1.8   1.2   0.7
34720 2   0.7   0.8   1.2   2.0   3.6   4.3   5.4   4.9   3.2   1.6   1.0   0.7
34720 3   0.6   0.9   1.5   2.4   3.5   4.5   5.4   4.6   2.5   1.4   0.8   0.6
34740 1   0.7   0.7   1.1   2.5   3.9   4.9   6.0   6.8   5.1   2.4   1.2   0.7
34740 2   0.7   0.8   1.4   2.7   4.0   5.0   6.9   6.5   4.0   2.2   1.1   0.6
34740 3   0.7   1.0   1.8   3.2   3.9   5.4   7.4   6.2   3.2   1.5   0.8   0.6
34866 1   0.8   0.8   1.2   2.4   4.3   6.4   7.8   7.7   5.5   2.6   1.4   0.8
34866 2   0.8   0.8   1.4   2.7   5.2   6.5   8.5   7.6   4.1   2.1   1.2   0.8
34866 3   0.8   1.0   1.8   3.3   5.3   7.2   8.8   6.7   3.5   1.6   0.9   0.8
34880 1   0.7   0.8   1.3   2.6   4.3   5.9   6.9   6.8   4.9   2.2   1.3   0.8
34880 2   0.8   0.9   1.6   3.1   5.0   6.0   7.2   6.4   3.6   2.0   1.2   0.7
34880 3   0.7   1.1   2.1   3.4   4.9   6.3   7.2   5.8   3.0   1.6   0.9   0.7
34927 1   1.2   1.3   1.5   2.8   3.5   4.4   5.0   5.2   4.2   2.5   1.5   1.1
34927 2   1.0   1.5   1.8   2.7   3.6   4.4   5.8   4.6   3.6   2.1   1.5   1.1
34927 3   1.1   1.5   2.2   3.0   3.7   4.7   5.7   5.1   3.0   1.7   1.3   1.0
34949 1   1.0   0.9   1.0   2.4   3.1   4.0   4.9   5.3   3.8   2.0   1.1   0.9
34949 2   0.8   1.1   1.4   2.5   3.2   4.0   5.5   4.8   3.5   2.3   1.4   1.0
34949 3   0.9   1.1   1.8   2.7   3.2   4.3   5.9   4.8   2.6   1.6   1.1   1.0
35011 1   0.4   0.4   0.7   1.7   4.5   4.9   5.6   5.3   4.6   2.0   0.9   0.6
35011 2   0.4   0.5   0.8   2.5   4.9   5.1   5.3   5.3   3.2   1.6   0.8   0.5
35011 3   0.4   0.6   1.0   3.6   4.9   4.9   5.7   5.6   2.6   1.2   0.7   0.4
36038 1   0.7   0.8   0.9   1.7   3.2   4.1   4.1   3.3   3.1   2.3   1.5   0.8
36038 2   0.7   0.7   1.1   2.2   3.4   4.3   3.8   3.4   2.7   1.8   1.1   0.8
36038 3   0.7   0.8   1.3   2.7   3.6   4.1   3.3   3.2   2.5   1.8   1.0   0.7
36064 1   1.3   1.4   1.8   2.1   2.5   2.6   2.8   2.3   1.9   1.8   2.0   1.5
36064 2   1.3   1.3   1.9   2.4   2.6   2.6   2.4   2.4   1.8   1.9   1.9   1.5
36064 3   1.3   1.6   2.3   2.6   2.3   2.5   2.4   1.9   1.9   2.1   1.7   1.3
36096 1   0.1   0.2   0.5   2.7   4.5   5.7   5.8   4.4   3.2   2.6   1.0   0.2
36096 2   0.1   0.3   0.8   3.5   4.8   6.0   5.4   4.7   3.2   2.3   0.4   0.2
36096 3   0.1   0.3   1.5   4.1   5.1   6.2   4.9   3.8   2.9   1.7   0.3   0.1
36229 1   0.4   0.4   0.8   2.2   3.2   3.5   3.5   3.0   2.7   2.1   1.2   0.4
36229 2   0.3   0.6   1.2   2.6   3.4   3.7   3.2   3.3   2.5   1.9   0.8   0.3
36229 3   0.3   0.6   1.7   3.0   3.4   3.4   3.0   2.7   2.3   1.6   0.6   0.4
36259 1   0.2   0.2   0.6   2.3   3.2   3.6   3.7   3.3   3.0   2.4   1.0   0.3
36259 2   0.2   0.3   1.0   2.7   3.2   3.8   3.5   3.6   2.8   2.0   0.6   0.2
36259 3   0.1   0.4   1.7   3.0   3.3   3.5   3.2   2.9   2.6   1.5   0.4   0.2
36307 1   0.2   0.2   0.3   1.4   3.8   4.8   4.6   4.1   3.3   3.0   1.3   0.3
36307 2   0.1   0.2   0.5   2.6   4.0   5.0   4.6   4.6   3.5   2.8   0.6   0.2
36307 3   0.1   0.3   0.7   3.4   4.2   4.8   4.2   4.0   3.3   2.1   0.4   0.2
37001 1   1.2   1.3   1.4   1.6   1.7   2.5   2.9   3.7   3.2   1.9   1.5   1.3
37001 2   1.2   1.6   1.6   1.7   1.8   2.4   3.6   3.4   2.7   1.7   1.5   1.2
37001 3   1.2   1.4   1.6   1.7   2.0   2.7   3.7   3.2   2.1   1.6   1.4   1.2
37061 1   0.6   0.7   0.9   1.9   3.3   4.5   5.4   5.4   3.7   1.7   1.0   0.6
37061 2   0.6   0.8   1.1   2.2   3.7   4.7   6.0   5.0   3.3   1.5   0.9   0.6
37061 3   0.6   0.9   1.6   2.6   3.7   4.6   6.2   4.9   2.5   1.2   0.7   0.6
37107 1   1.1   1.1   1.6   2.4   2.4   2.6   2.7   2.5   2.1   1.6   1.4   1.1
37107 2   1.0   1.4   1.8   2.2   2.2   2.5   2.8   2.5   2.0   1.5   1.5   1.0
37107 3   1.1   1.6   1.9   2.2   2.3   2.4   2.9   2.7   1.7   1.4   1.4   1.0
37126 1   2.0   1.6   1.7   1.9   1.4   1.2   1.1   0.9   1.1   1.9   2.4   2.1
37126 2   1.7   1.7   1.6   1.6   1.3   1.0   1.0   1.1   1.4   2.2   2.6   2.0
37126 3   1.7   1.8   1.6   1.3   1.1   0.9   1.1   1.3   1.5   2.2   2.5   2.0
37228 1   1.1   1.1   1.0   1.2   0.8   1.0   1.3   1.1   0.8   0.7   0.8   0.9
37228 2   1.1   1.1   1.1   1.1   1.0   1.1   1.2   1.2   0.8   0.8   1.0   1.1
37228 3   1.1   1.1   1.2   0.9   1.0   1.2   1.1   1.0   0.9   0.8   1.0   1.2
37470 1   1.2   1.1   1.1   1.1   1.8   3.1   4.4   4.6   3.2   2.0   1.2   1.2
37470 2   1.2   1.1   1.2   1.4   2.4   3.6   4.7   4.2   2.8   1.6   1.2   1.2
37470 3   1.2   1.1   1.2   1.6   2.5   4.0   4.8   3.8   2.3   1.4   1.1   1.2
37472 1   1.0   1.0   1.1   1.2   2.0   3.5   4.7   4.8   3.5   2.1   1.3   1.1
37472 2   1.1   1.0   1.2   1.5   2.5   3.9   5.0   4.3   3.0   1.7   1.3   1.1
37472 3   1.0   1.0   1.2   1.7   2.8   4.4   4.8   4.0   2.5   1.5   1.2   1.1
37663 1   2.1   1.7   1.6   2.2   2.2   2.6   3.1   3.0   2.5   1.7   1.8   2.0
37663 2   1.7   1.8   1.9   2.4   2.2   2.5   3.2   3.3   2.3   2.0   2.1   2.0
37663 3   1.7   1.5   2.0   2.2   2.1   2.7   3.5   3.1   2.2   2.0   2.3   2.0
31152 1   0.1   0.1   0.4   1.6   2.6   3.5   3.9   2.9   1.8   1.6   0.4   0.1
31152 2   0.1   0.2   0.7   2.3   2.8   3.8   3.6   2.4   2.0   1.1   0.2   0.1
31152 3   0.1   0.3   1.2   2.4   3.2   3.3   3.2   2.0   1.8   0.7   0.1   0.1
