20069 1   0.7   0.8   0.8   0.9   2.1   4.3   5.9   6.0   5.1   3.3   1.6   1.4
20069 2   0.9   0.8   0.8   1.2   2.6   5.1   6.0   5.9   4.8   2.7   1.5   1.1
20069 3   1.0   0.8   0.9   1.8   3.4   5.6   6.1   5.5   4.1   2.0   1.3   0.9
20087 1   0.6   0.6   0.6   0.8   2.0   4.2   5.9   6.1   5.0   3.2   1.3   1.0
20087 2   0.7   0.6   0.7   1.2   2.5   5.2   6.0   5.9   4.6   2.4   1.2   0.9
20087 3   0.7   0.6   0.8   1.6   3.3   5.7   6.1   5.5   3.9   1.7   1.0   0.7
20292 1   0.5   0.6   0.6   0.8   2.0   4.3   6.0   6.1   5.3   3.3   1.2   0.9
20292 2   0.6   0.6   0.7   1.1   2.6   5.2   6.0   6.0   4.8   2.5   1.2   0.8
20292 3   0.7   0.6   0.8   1.7   3.4   5.7   6.2   5.7   4.1   1.8   0.9   0.6
20476 1   0.6   0.6   0.7   0.9   2.0   4.5   5.9   6.2   6.0   3.6   1.4   1.1
20476 2   0.7   0.6   0.8   1.2   2.5   5.4   6.1   6.2   5.4   2.7   1.2   0.9
20476 3   0.7   0.7   0.9   1.7   3.6   5.9   6.4   6.2   4.7   1.8   1.1   0.7
20667 1   1.0   0.9   1.1   1.3   2.5   4.8   6.3   6.6   6.8   4.7   2.3   1.7
20667 2   1.1   1.0   1.2   1.7   3.2   5.6   6.4   6.6   6.4   3.9   2.1   1.5
20667 3   1.1   1.1   1.4   2.2   4.0   6.0   6.5   6.7   5.8   2.9   1.6   1.2
20674 1   0.8   0.8   1.0   1.3   2.4   4.9   6.2   6.4   6.5   4.3   1.8   1.3
20674 2   0.9   0.8   1.1   1.5   2.9   5.6   6.2   6.3   6.0   3.3   1.6   1.2
20674 3   0.9   0.9   1.2   2.0   3.8   6.1   6.5   6.4   5.3   2.3   1.4   0.9
20744 1   1.8   1.8   2.3   2.2   3.3   4.9   5.8   5.7   6.4   5.4   3.3   3.0
20744 2   2.0   2.0   2.3   2.4   3.6   5.3   5.6   5.8   6.1   4.6   3.2   2.5
20744 3   2.0   2.0   2.0   2.8   4.3   5.5   5.7   6.1   6.0   3.7   3.0   2.1
20891 1   0.4   0.5   0.6   1.1   2.5   4.6   3.8   4.2   5.4   3.6   1.1   0.7
20891 2   0.5   0.5   0.8   1.5   3.1   4.8   4.0   4.4   5.2   2.5   1.0   0.6
20891 3   0.5   0.5   1.0   2.0   3.9   4.3   3.7   4.9   4.8   1.6   0.7   0.5
20982 1   0.5   0.6   0.8   1.3   2.5   4.7   5.2   5.6   6.0   3.7   1.2   0.9
20982 2   0.6   0.5   0.9   1.6   3.0   5.1   5.7   5.6   5.4   2.6   1.1   0.8
20982 3   0.6   0.7   1.1   2.0   3.9   5.1   5.8   5.7   4.8   1.7   0.9   0.7
21432 1   0.5   0.5   0.5   0.8   2.2   4.6   5.8   6.1   5.6   3.5   1.2   0.7
21432 2   0.5   0.5   0.6   1.2   2.9   5.5   6.0   6.0   5.2   2.6   1.1   0.6
21432 3   0.5   0.4   0.7   1.5   3.8   5.8   6.0   5.7   4.5   1.8   0.8   0.6
21802 1   0.3   0.4   0.5   0.9   2.4   4.6   4.1   4.7   5.5   3.3   0.8   0.5
21802 2   0.4   0.4   0.6   1.2   3.0   4.5   4.2   5.0   5.3   2.2   0.7   0.5
21802 3   0.4   0.4   0.8   1.8   4.0   4.2   4.3   5.2   4.6   1.4   0.5   0.4
21908 1   0.3   0.3   0.5   1.1   2.6   3.8   3.5   4.2   5.1   3.4   0.8   0.4
21908 2   0.3   0.3   0.7   1.5   3.3   3.8   3.9   4.5   4.9   2.2   0.6   0.4
21908 3   0.3   0.4   1.0   2.1   3.8   3.4   3.9   4.7   4.3   1.5   0.4   0.3
21921 1   0.3   0.4   0.5   1.1   2.9   4.3   3.6   3.9   5.0   3.4   0.8   0.4
21921 2   0.3   0.3   0.7   1.6   3.6   4.0   3.9   4.3   5.2   2.3   0.6   0.3
21921 3   0.3   0.4   1.0   2.1   4.2   3.6   4.0   4.7   4.5   1.5   0.4   0.3
21931 1   0.3   0.3   0.4   1.0   2.8   4.5   4.2   4.2   5.6   3.4   0.9   0.5
21931 2   0.3   0.3   0.6   1.3   3.4   4.5   4.5   5.0   5.3   2.2   0.6   0.4
21931 3   0.3   0.4   0.8   1.8   4.3   4.3   4.5   5.2   4.7   1.3   0.5   0.4
21946 1   0.3   0.4   0.4   0.9   2.7   4.4   4.3   4.6   5.8   3.6   1.0   0.5
21946 2   0.4   0.4   0.6   1.3   3.4   4.7   4.5   5.1   5.5   2.5   0.8   0.4
21946 3   0.3   0.4   0.8   1.7   4.3   4.6   4.5   5.7   4.9   1.5   0.6   0.4
21982 1   1.1   0.9   0.9   1.1   2.7   5.3   6.2   6.4   5.7   4.0   2.4   1.3
21982 2   0.9   1.0   0.9   1.5   3.6   5.8   6.3   6.1   5.3   3.5   2.1   1.1
21982 3   0.8   0.8   1.0   2.0   4.5   6.0   6.4   6.1   4.7   2.7   1.6   1.0
22113 1   2.6   2.3   3.1   4.0   4.7   5.0   5.4   5.6   5.4   5.5   4.3   3.6
22113 2   2.8   2.7   3.4   4.0   5.0   5.1   5.1   5.4   5.6   5.2   3.9   3.1
22113 3   2.5   2.8   3.5   4.3   5.0   5.3   5.4   5.3   5.7   4.8   3.5   2.9
22165 1   3.1   2.8   3.3   3.6   4.8   5.6   6.4   5.1   5.6   6.2   5.1   4.2
22165 2   3.3   2.9   3.5   3.8   5.0   6.1   5.1   4.9   6.1   5.9   4.8   4.0
22165 3   2.9   3.1   3.4   4.4   5.4   5.7   5.3   5.4   6.2   5.5   4.3   3.5
22217 1   2.4   2.1   3.0   3.9   4.8   4.8   5.5   6.2   5.5   5.7   4.5   3.6
22217 2   2.6   2.4   3.3   4.1   5.0   4.7   5.6   5.7   5.6   5.4   4.0   3.0
22217 3   2.2   2.6   3.5   4.4   4.9   5.1   5.9   5.5   5.6   5.0   3.5   2.7
22235 1   2.3   1.9   2.8   3.6   4.5   4.6   5.0   5.2   5.4   5.8   4.3   3.4
22235 2   2.5   2.3   3.0   3.7   4.6   4.5   4.6   5.0   5.6   5.3   3.8   2.9
22235 3   2.1   2.4   3.1   4.1   4.7   4.7   4.8   5.4   5.6   4.8   3.4   2.5
22471 1   2.2   2.0   2.9   3.8   4.6   4.5   5.1   4.7   4.9   5.6   4.3   3.2
22471 2   2.5   2.3   3.2   3.9   4.5   4.7   4.5   4.4   5.2   5.3   3.9   3.0
22471 3   2.0   2.6   3.4   4.3   4.5   4.7   4.9   4.8   5.5   5.1   3.2   2.5
22520 1   2.7   2.4   3.3   4.4   5.0   5.3   5.7   6.1   5.4   5.6   5.0   3.9
22520 2   2.9   2.7   3.5   4.4   5.3   5.1   5.9   5.7   5.4   5.7   4.5   3.3
22520 3   2.5   2.9   3.9   4.6   5.3   5.4   6.2   5.4   5.3   5.3   4.0   3.0
22550 1   2.3   2.2   3.2   4.3   4.5   4.8   6.2   6.4   5.7   5.6   4.7   3.5
22550 2   2.6   2.4   3.4   4.2   4.7   4.7   6.1   5.8   5.8   5.6   4.3   3.1
22550 3   2.2   2.8   3.8   4.2   4.6   5.6   6.4   5.9   5.7   5.4   3.7   2.7
22619 1   2.8   2.4   3.2   4.3   4.6   4.5   5.6   6.0   5.1   5.2   5.2   3.9
22619 2   3.0   2.6   3.4   4.3   4.6   4.6   5.7   5.4   5.2   5.7   4.6   3.3
22619 3   2.4   2.8   3.8   4.3   4.6   5.2   5.8   5.3   5.1   5.5   4.1   2.9
22641 1   2.5   2.3   3.3   4.4   4.7   4.8   6.1   6.4   5.7   5.5   5.0   3.8
22641 2   2.7   2.6   3.5   4.3   4.8   4.8   6.1   5.8   5.6   5.7   4.4   3.2
22641 3   2.3   2.9   3.9   4.4   4.7   5.6   6.4   5.7   5.5   5.5   3.9   2.8
22676 1   2.1   1.9   3.0   4.1   4.4   4.8   6.4   6.2   5.6   5.5   4.3   3.1
22676 2   2.3   2.2   3.3   4.0   4.5   4.7   6.0   5.7   5.8   5.5   4.0   2.7
22676 3   1.9   2.6   3.6   4.2   4.6   5.4   6.2   5.9   5.6   5.1   3.3   2.4
22768 1   2.4   2.2   3.2   4.3   4.2   4.5   6.0   6.0   5.3   5.3   4.6   3.4
22768 2   2.6   2.4   3.5   4.2   4.3   4.6   5.6   5.7   5.5   5.6   4.3   2.9
22768 3   2.2   2.8   3.9   4.2   4.3   5.2   5.8   5.7   5.4   5.2   3.6   2.6
22802 1   3.3   2.9   3.7   4.8   4.6   4.7   5.9   6.5   5.7   5.2   5.6   4.5
22802 2   3.5   3.0   3.8   4.7   4.7   4.9   6.1   6.0   5.4   5.7   5.2   3.8
22802 3   3.0   3.3   4.3   4.5   4.5   5.4   6.4   5.8   5.3   5.8   4.7   3.5
22820 1   3.0   2.7   3.5   4.6   4.4   4.7   6.0   6.3   5.5   5.2   5.2   4.1
22820 2   3.2   2.8   3.7   4.4   4.5   4.8   6.0   5.9   5.5   5.7   4.8   3.5
22820 3   2.7   3.1   4.2   4.3   4.4   5.4   6.2   5.8   5.3   5.7   4.2   3.2
22837 1   2.9   2.7   3.5   4.6   4.6   4.9   6.3   6.4   5.5   5.2   5.2   4.0
22837 2   3.0   2.7   3.8   4.5   4.8   5.1   6.2   6.0   5.5   5.7   4.8   3.3
22837 3   2.6   3.1   4.3   4.4   4.6   5.7   6.4   5.8   5.3   5.6   4.1   3.1
23022 1   1.5   1.3   1.8   2.1   3.4   5.1   5.8   5.6   6.1   5.5   3.1   2.3
23022 2   1.7   1.4   1.9   2.5   4.0   5.7   5.5   5.7   6.2   4.5   3.0   2.2
23022 3   1.5   1.6   2.1   3.1   4.6   5.6   5.6   6.1   6.1   3.8   2.3   1.7
23032 1   1.2   1.1   1.6   1.8   3.2   5.2   5.7   5.8   6.2   5.5   2.7   2.1
23032 2   1.3   1.2   1.7   2.2   3.7   5.6   5.9   5.7   6.3   4.5   2.7   1.9
23032 3   1.3   1.3   1.7   2.7   4.5   5.8   5.6   6.1   6.2   3.5   2.1   1.4
23058 1   0.8   0.8   1.2   1.5   2.9   5.3   4.8   4.8   5.7   4.9   2.0   1.3
23058 2   0.8   0.7   1.2   2.0   3.5   5.4   4.9   4.9   5.8   3.8   1.8   1.2
23058 3   0.9   1.0   1.5   2.5   4.4   4.9   4.9   5.4   5.7   2.7   1.5   0.9
23074 1   0.7   0.8   1.1   1.6   2.9   5.1   4.5   4.5   5.5   4.3   1.6   0.9
23074 2   0.7   0.7   1.1   1.9   3.4   5.0   4.7   4.9   5.4   3.3   1.3   1.0
23074 3   0.7   0.9   1.5   2.4   4.4   4.7   5.1   5.2   5.2   2.3   1.0   0.8
23205 1   1.7   1.5   2.4   3.0   4.1   4.9   5.8   5.8   5.9   5.6   3.5   2.6
23205 2   1.9   1.7   2.5   3.2   4.3   5.0   5.4   5.4   6.0   4.9   3.4   2.4
23205 3   1.6   2.0   2.7   3.6   4.6   4.7   5.6   5.7   6.0   4.2   2.6   2.1
23242 1   0.9   0.8   1.4   1.9   3.2   5.3   5.2   5.4   5.8   5.2   2.2   1.4
23242 2   1.0   0.9   1.4   2.4   3.8   5.7   5.5   5.4   5.8   4.2   2.1   1.4
23242 3   1.0   1.1   1.7   2.8   4.7   5.3   5.7   5.7   5.9   3.1   1.6   1.1
23256 1   0.8   0.8   1.3   1.9   3.2   5.1   5.3   5.2   6.0   5.0   2.0   1.3
23256 2   0.8   0.8   1.3   2.3   3.7   5.2   5.7   5.4   6.0   3.9   1.8   1.2
23256 3   0.9   1.1   1.8   2.7   4.5   5.0   5.9   5.6   5.7   2.8   1.4   1.0
23274 1   0.7   0.8   1.2   1.9   3.2   4.7   5.2   5.5   5.6   4.7   1.8   1.0
23274 2   0.7   0.7   1.3   2.3   3.6   4.8   5.8   5.5   5.6   3.7   1.4   1.0
23274 3   0.7   1.0   1.8   2.7   4.4   4.9   6.2   5.5   5.3   2.5   1.2   0.8
23324 1   1.4   1.3   2.1   2.8   4.0   4.7   5.6   5.4   5.7   5.3   2.9   2.1
23324 2   1.5   1.4   2.4   3.1   4.1   4.5   5.3   5.4   5.7   4.5   2.9   2.0
23324 3   1.4   1.8   2.7   3.5   4.4   4.5   5.5   5.7   5.6   3.9   2.2   1.7
23330 1   1.0   1.0   1.7   2.3   3.8   4.3   4.3   4.1   5.0   5.1   2.4   1.5
23330 2   1.2   1.0   1.9   2.9   4.2   4.3   4.0   4.3   5.7   4.3   2.2   1.5
23330 3   1.1   1.4   2.2   3.3   4.4   3.7   4.5   4.7   5.7   3.4   1.5   1.2
23383 1   0.4   0.5   0.8   1.7   3.1   4.5   5.0   5.5   5.3   4.0   1.4   0.6
23383 2   0.4   0.4   1.0   2.2   3.5   4.6   5.6   5.3   5.2   3.1   1.0   0.6
23383 3   0.4   0.6   1.4   2.5   4.2   4.7   5.8   5.3   4.9   2.2   0.8   0.5
23405 1   1.7   1.6   2.6   3.5   4.1   4.6   5.9   5.7   5.7   5.4   3.6   2.6
23405 2   1.9   1.8   2.9   3.5   4.1   4.6   5.5   5.5   5.7   4.9   3.4   2.4
23405 3   1.6   2.2   3.2   3.9   4.4   4.8   5.8   5.7   5.8   4.5   2.7   2.1
23445 1   1.0   1.0   1.7   2.5   3.7   4.6   5.6   5.3   5.8   5.0   2.3   1.5
23445 2   1.1   1.0   1.9   2.9   3.8   4.9   5.6   5.4   5.9   4.2   2.3   1.5
23445 3   1.1   1.4   2.3   3.2   4.3   5.0   5.9   5.4   5.6   3.4   1.7   1.2
23463 1   0.8   0.8   1.4   2.0   3.3   4.6   6.0   6.1   6.1   4.7   2.0   1.1
23463 2   0.7   0.8   1.4   2.4   3.6   5.1   6.5   6.1   5.8   3.8   1.6   1.2
23463 3   0.8   1.1   2.0   2.8   4.2   5.6   6.9   5.9   5.4   2.8   1.2   0.9
23472 1   0.8   0.9   1.5   2.2   3.4   4.4   5.6   5.7   5.6   4.8   2.0   1.1
23472 2   0.8   0.9   1.6   2.6   3.7   4.8   6.0   5.7   5.5   3.9   1.7   1.1
23472 3   0.9   1.1   2.2   2.9   4.2   5.1   6.4   5.4   5.4   2.9   1.3   0.9
23552 1   0.9   1.0   1.6   2.4   3.7   4.5   5.8   5.3   5.8   5.0   2.3   1.3
23552 2   1.0   0.9   1.8   2.9   3.8   4.9   5.8   5.4   5.9   4.2   2.1   1.4
23552 3   1.0   1.3   2.3   3.2   4.2   5.0   6.1   5.5   5.5   3.3   1.6   1.1
23631 1   1.1   1.1   2.0   3.0   4.1   4.6   6.3   6.0   5.8   5.0   2.7   1.7
23631 2   1.3   1.2   2.3   3.3   4.2   4.9   6.3   5.8   5.9   4.4   2.6   1.7
23631 3   1.2   1.6   2.7   3.7   4.5   5.3   6.4   5.8   5.7   3.7   2.0   1.4
23662 1   1.0   1.0   1.6   2.5   3.7   4.3   5.4   5.5   5.8   5.0   2.3   1.3
23662 2   0.9   1.0   1.8   2.9   3.6   4.9   5.6   5.6   5.7   4.2   2.1   1.3
23662 3   1.1   1.3   2.4   3.1   4.0   5.0   6.0   5.6   5.5   3.4   1.6   1.1
23678 1   1.0   1.1   1.8   2.7   3.8   4.2   4.9   5.1   5.2   4.9   2.5   1.3
23678 2   1.0   1.1   1.9   3.0   3.8   4.4   5.1   5.0   5.4   4.3   2.1   1.3
23678 3   1.0   1.4   2.6   3.3   4.0   4.7   5.6   4.8   5.3   3.5   1.6   1.2
23711 1   1.7   1.5   2.7   3.6   4.1   4.5   6.2   5.8   5.5   5.3   3.6   2.5
23711 2   1.8   1.8   2.9   3.8   4.2   4.7   5.8   5.6   5.7   5.0   3.5   2.3
23711 3   1.6   2.2   3.3   4.1   4.4   5.1   6.2   5.9   5.7   4.6   2.7   1.9
23724 1   1.3   1.2   2.3   3.4   4.2   4.8   6.8   6.4   5.7   4.9   3.0   1.8
23724 2   1.4   1.4   2.7   3.8   4.3   5.2   6.6   6.2   5.9   4.4   3.0   1.8
23724 3   1.3   1.9   3.1   4.0   4.5   5.6   6.8   6.1   5.7   3.9   2.3   1.6
23734 1   1.3   1.3   2.3   3.3   4.1   4.5   6.1   5.7   5.7   5.3   3.0   1.8
23734 2   1.3   1.4   2.6   3.7   4.0   5.0   6.0   5.9   5.8   4.7   2.8   1.8
23734 3   1.3   1.7   3.1   3.9   4.1   5.2   6.2   5.7   5.9   4.2   2.2   1.5
23867 1   1.3   1.3   1.9   2.9   4.0   4.7   6.3   5.8   5.6   4.9   2.8   1.6
23867 2   1.2   1.2   2.2   3.4   3.8   5.1   6.6   6.0   5.8   4.6   2.5   1.6
23867 3   1.2   1.6   3.0   3.6   3.9   5.5   6.8   5.5   5.5   3.9   2.0   1.3
23884 1   1.1   1.1   1.8   2.9   4.0   4.9   6.0   6.1   5.7   5.0   2.7   1.4
23884 2   1.0   1.2   2.0   3.3   4.0   5.2   6.6   6.0   5.8   4.5   2.3   1.3
23884 3   1.0   1.4   2.8   3.5   4.1   5.7   6.8   5.6   5.4   3.7   1.7   1.2
23891 1   0.6   0.7   1.4   2.6   3.8   4.4   5.6   6.0   5.5   4.6   2.1   0.8
23891 2   0.5   0.7   1.6   2.9   4.0   4.9   6.2   5.7   5.4   3.8   1.5   0.8
23891 3   0.6   1.0   2.3   3.3   4.0   5.4   6.2   5.3   5.2   2.9   1.1   0.6
23914 1   2.0   1.8   3.0   4.0   3.9   3.9   5.5   4.8   4.7   5.2   3.8   2.8
23914 2   2.1   2.0   3.1   4.2   3.9   4.4   5.0   4.9   5.2   5.3   3.7   2.5
23914 3   2.0   2.4   3.6   4.1   3.6   4.7   5.4   5.0   5.5   4.8   2.9   2.1
23921 1   1.4   1.3   2.4   3.5   4.1   4.6   6.6   6.2   5.5   4.9   3.1   2.0
23921 2   1.4   1.5   2.7   3.9   4.2   5.0   6.4   6.0   5.5   4.6   3.0   1.9
23921 3   1.4   1.9   3.2   4.2   4.3   5.5   6.6   5.8   5.5   4.1   2.4   1.6
23933 1   1.5   1.4   2.3   3.5   4.3   4.8   6.9   6.2   5.8   5.2   3.1   1.9
23933 2   1.4   1.4   2.6   4.0   4.2   5.4   7.0   6.1   5.8   4.7   3.1   1.9
23933 3   1.4   1.7   3.4   4.1   4.4   5.8   7.0   5.8   5.7   4.3   2.4   1.6
23955 1   1.4   1.3   2.1   3.2   4.3   5.1   6.7   6.2   5.9   5.1   3.0   1.7
23955 2   1.3   1.3   2.3   3.7   4.1   5.7   7.0   6.3   5.8   4.7   2.8   1.7
23955 3   1.3   1.6   3.2   4.0   4.3   6.1   7.2   5.7   5.6   4.1   2.2   1.4
23966 1   1.3   1.2   1.9   3.0   4.2   5.2   6.5   6.4   6.0   5.0   2.9   1.6
23966 2   1.2   1.3   2.2   3.4   4.2   5.8   6.9   6.2   6.1   4.6   2.6   1.5
23966 3   1.1   1.5   3.0   3.6   4.3   6.2   7.1   5.9   5.6   4.0   2.0   1.3
23986 1   1.1   1.1   1.7   2.6   3.5   4.5   5.2   5.5   5.4   4.5   2.4   1.3
23986 2   1.0   1.1   1.9   2.9   3.6   4.7   5.9   5.4   5.5   3.9   1.9   1.3
23986 3   1.0   1.3   2.4   3.2   3.7   5.0   5.8   5.2   5.0   3.2   1.6   1.2
24125 1   0.3   0.4   0.7   1.5   2.8   3.7   3.3   3.6   5.0   3.5   1.0   0.5
24125 2   0.3   0.4   0.9   1.9   3.4   3.6   3.7   4.0   5.0   2.4   0.8   0.5
24125 3   0.4   0.5   1.2   2.3   3.8   3.1   3.6   4.2   4.5   1.7   0.5   0.4
24136 1   0.2   0.3   0.5   1.2   2.7   3.3   3.2   3.7   4.6   3.5   0.8   0.3
24136 2   0.2   0.2   0.7   1.7   3.4   3.2   3.6   3.9   4.7   2.3   0.6   0.3
24136 3   0.2   0.3   1.0   2.2   3.4   3.0   3.7   4.1   4.4   1.5   0.3   0.3
24143 1   0.2   0.3   0.5   1.4   3.1   3.7   3.5   3.7   4.9   3.8   0.8   0.3
24143 2   0.2   0.3   0.8   1.8   3.8   3.5   4.1   4.0   5.3   2.4   0.6   0.3
24143 3   0.2   0.4   1.1   2.3   3.8   3.2   4.0   4.3   4.8   1.5   0.4   0.3
24266 1   0.1   0.1   0.3   1.1   3.1   3.1   3.2   3.5   4.3   3.1   0.6   0.2
24266 2   0.1   0.2   0.5   1.8   3.4   3.1   3.6   3.7   4.7   1.9   0.3   0.1
24266 3   0.1   0.2   0.8   2.4   3.2   3.2   3.6   4.1   4.1   1.0   0.2   0.1
24329 1   0.2   0.3   0.6   1.5   3.0   3.6   3.5   4.0   4.6   3.5   1.0   0.3
24329 2   0.2   0.3   0.8   2.0   3.5   3.5   3.9   4.1   4.7   2.5   0.6   0.3
24329 3   0.3   0.4   1.1   2.4   3.6   3.3   3.8   4.2   4.3   1.7   0.4   0.3
24343 1   0.2   0.3   0.6   1.5   3.2   3.3   3.4   3.9   4.6   3.9   0.9   0.3
24343 2   0.2   0.3   0.9   2.0   3.9   3.2   3.9   4.0   5.2   2.6   0.6   0.3
24343 3   0.2   0.4   1.2   2.6   3.5   3.1   3.8   4.1   4.8   1.6   0.4   0.2
24382 1   0.1   0.2   0.3   1.2   3.1   3.0   3.1   3.6   4.4   3.0   0.6   0.2
24382 2   0.2   0.2   0.5   1.7   3.3   3.0   3.6   3.8   4.6   1.8   0.4   0.2
24382 3   0.2   0.2   0.9   2.4   3.2   3.3   3.5   4.5   4.1   1.1   0.3   0.2
24507 1   0.4   0.4   1.0   2.1   3.5   4.1   5.2   5.6   5.2   4.1   1.4   0.5
24507 2   0.3   0.4   1.2   2.5   3.7   4.4   5.9   5.4   5.1   3.3   1.0   0.6
24507 3   0.4   0.7   1.8   2.9   3.9   4.7   5.6   5.0   4.9   2.3   0.7   0.4
24606 1   0.4   0.4   1.0   1.9   3.4   4.2   5.3   5.7   5.0   3.9   1.4   0.5
24606 2   0.3   0.4   1.1   2.4   3.6   4.5   5.8   5.5   4.9   3.2   0.9   0.5
24606 3   0.4   0.7   1.6   2.7   3.8   4.9   5.6   5.0   4.7   2.2   0.7   0.4
24641 1   0.3   0.4   0.8   1.9   3.5   4.0   5.7   5.9   4.9   4.1   1.2   0.4
24641 2   0.3   0.4   1.1   2.5   3.7   4.6   5.9   5.6   5.1   3.0   0.8   0.4
24641 3   0.3   0.6   1.5   3.0   3.8   5.0   5.6   5.0   4.6   2.1   0.5   0.3
24661 1   0.2   0.2   0.5   1.6   3.4   3.9   5.8   5.8   4.7   3.5   0.8   0.3
24661 2   0.2   0.3   0.8   2.4   3.8   4.6   5.8   5.5   5.0   2.2   0.5   0.2
24661 3   0.2   0.3   1.2   2.9   3.9   5.0   5.5   5.1   4.5   1.4   0.3   0.2
24671 1   0.1   0.2   0.4   1.3   3.5   4.3   5.7   5.8   5.3   3.4   0.6   0.2
24671 2   0.1   0.2   0.6   2.2   4.0   4.8   5.8   5.8   5.2   2.1   0.4   0.2
24671 3   0.1   0.3   1.0   2.9   4.3   5.1   5.5   5.4   4.6   1.2   0.2   0.1
24688 1   0.1   0.1   0.3   1.0   3.2   4.0   5.2   5.4   4.7   2.9   0.5   0.1
24688 2   0.1   0.2   0.4   1.7   3.7   4.4   5.2   5.3   4.5   1.8   0.3   0.1
24688 3   0.1   0.2   0.7   2.5   4.0   4.6   5.0   4.8   4.0   1.0   0.2   0.1
24713 1   0.5   0.5   1.1   2.2   3.7   4.3   5.6   6.0   5.3   4.1   1.6   0.6
24713 2   0.4   0.5   1.4   2.6   3.9   4.8   6.2   5.7   5.1   3.3   1.1   0.6
24713 3   0.4   0.8   1.7   3.0   4.1   5.1   6.0   5.3   4.9   2.6   0.8   0.5
24738 1   0.5   0.5   1.0   2.1   3.6   4.1   5.7   5.9   5.2   4.1   1.6   0.6
24738 2   0.4   0.5   1.2   2.7   3.5   4.8   6.1   5.7   5.1   3.3   1.1   0.6
24738 3   0.5   0.8   1.6   3.1   3.8   5.0   5.9   5.1   4.7   2.5   0.8   0.5
24790 1   0.3   0.4   0.5   1.3   3.4   4.2   5.2   5.3   4.8   3.1   0.8   0.4
24790 2   0.3   0.4   0.7   1.9   3.8   4.5   5.2   5.2   4.5   1.9   0.7   0.3
24790 3   0.3   0.4   0.9   2.7   4.1   4.8   5.1   5.0   4.1   1.3   0.4   0.3
24817 1   0.6   0.6   1.2   2.2   3.6   4.2   5.7   5.9   5.3   4.2   1.9   0.8
24817 2   0.5   0.7   1.4   2.6   3.8   4.7   6.4   5.7   5.0   3.4   1.4   0.7
24817 3   0.6   0.9   1.8   3.0   3.9   5.2   6.0   5.3   4.7   2.7   1.0   0.7
24908 1   0.8   0.8   1.4   2.5   3.6   4.4   5.6   6.0   5.3   4.4   2.2   0.9
24908 2   0.6   0.8   1.6   2.8   3.8   5.0   6.3   5.7   5.1   3.8   1.7   0.9
24908 3   0.7   1.0   2.1   3.2   3.9   5.3   6.1   5.4   4.9   3.1   1.3   0.8
24959 1   0.2   0.2   0.6   1.9   3.5   4.0   6.0   6.0   4.8   4.0   1.0   0.3
24959 2   0.2   0.3   0.9   2.7   3.5   4.8   6.0   5.5   4.9   2.9   0.6   0.2
24959 3   0.2   0.4   1.4   3.2   3.8   5.3   5.8   5.0   4.5   1.9   0.4   0.2
24966 1   0.2   0.2   0.7   2.0   3.7   4.5   6.3   6.5   5.3   4.2   1.2   0.3
24966 2   0.2   0.3   1.0   3.0   3.9   5.0   6.4   5.9   5.1   3.0   0.7   0.2
24966 3   0.2   0.5   1.5   3.5   4.1   5.5   6.2   5.5   4.8   2.1   0.4   0.2
24967 1   0.2   0.3   0.7   1.9   3.6   4.7   6.0   6.4   5.2   4.1   1.2   0.4
24967 2   0.2   0.3   0.9   2.6   3.8   5.1   6.0   5.9   5.1   3.0   0.7   0.3
24967 3   0.3   0.5   1.4   3.3   4.2   5.6   5.9   5.6   4.6   2.0   0.5   0.2
25062 1   0.8   0.7   0.8   1.1   2.7   5.3   5.7   6.0   5.9   4.1   2.1   1.1
25062 2   0.7   0.7   0.8   1.5   3.7   5.7   6.0   5.8   5.5   3.3   1.6   0.9
25062 3   0.7   0.6   0.9   1.9   4.6   5.7   6.0   6.2   5.0   2.4   1.3   0.8
25138 1   0.4   0.4   0.7   1.3   3.2   3.0   3.4   4.2   4.7   3.6   1.3   0.5
25138 2   0.4   0.5   0.8   1.7   3.8   3.3   4.0   4.1   4.7   2.5   0.9   0.5
25138 3   0.4   0.5   1.0   2.3   3.5   3.7   3.7   4.5   4.7   1.6   0.7   0.4
25173 1   0.9   0.8   0.9   1.1   2.8   5.3   5.9   6.1   6.1   4.1   2.4   1.2
25173 2   0.8   0.8   0.8   1.5   3.8   5.7   6.3   6.1   5.5   3.5   1.9   1.0
25173 3   0.7   0.7   1.0   2.0   4.7   5.7   6.2   6.4   5.0   2.7   1.5   0.9
25206 1   0.3   0.3   0.5   1.2   3.2   3.3   3.2   3.7   4.9   3.8   1.0   0.4
25206 2   0.3   0.4   0.7   1.7   3.7   3.4   3.7   4.0   5.1   2.6   0.8   0.4
25206 3   0.3   0.3   1.0   2.2   3.7   3.6   3.7   4.9   5.0   1.5   0.6   0.3
25248 1   0.5   0.5   0.7   1.0   2.7   3.7   3.4   4.1   4.4   3.1   1.1   0.6
25248 2   0.4   0.5   0.7   1.3   3.8   3.3   3.9   4.0   4.5   2.2   0.8   0.5
25248 3   0.4   0.4   0.8   1.9   4.2   3.7   3.6   4.6   4.3   1.4   0.7   0.5
25282 1   1.1   0.9   1.0   1.1   2.9   5.3   5.3   5.8   6.3   4.8   3.0   1.4
25282 2   0.9   0.9   0.9   1.6   4.0   5.4   5.8   5.9   6.0   4.0   2.3   1.2
25282 3   0.8   0.8   1.0   2.2   4.8   5.6   5.9   6.3   5.6   3.3   1.8   1.1
25325 1   0.3   0.3   0.6   1.2   3.2   3.0   3.4   4.0   4.8   3.5   1.1   0.4
25325 2   0.3   0.4   0.7   1.6   3.5   3.3   3.8   4.0   4.7   2.4   0.8   0.4
25325 3   0.3   0.4   0.9   2.2   3.2   3.8   3.6   4.4   4.5   1.5   0.6   0.3
25356 1   0.9   0.8   1.0   1.2   3.2   3.7   3.4   3.9   4.2   3.6   1.7   1.0
25356 2   0.7   0.9   1.0   1.5   4.1   3.3   3.9   3.9   4.4   2.8   1.4   0.9
25356 3   0.7   0.7   1.0   2.2   4.3   3.6   3.6   4.4   4.5   2.0   1.1   0.9
25378 1   1.5   1.3   1.5   1.7   3.5   5.0   4.4   3.4   4.5   4.1   2.6   1.5
25378 2   1.3   1.5   1.4   2.0   4.5   5.3   3.9   3.5   4.7   3.6   2.2   1.4
25378 3   1.2   1.2   1.4   2.7   5.0   5.1   3.4   4.2   4.7   2.8   1.7   1.4
25399 1   1.7   1.4   1.3   1.7   3.6   5.7   5.8   5.2   6.5   5.6   3.8   2.1
25399 2   1.3   1.4   1.2   2.1   4.6   6.1   5.6   6.1   6.4   4.9   3.2   1.8
25399 3   1.2   1.1   1.3   2.8   5.1   6.2   5.8   6.1   6.1   4.2   2.5   1.6
25400 1   0.3   0.3   0.5   1.3   3.5   4.1   5.5   5.6   5.5   3.8   0.9   0.4
25400 2   0.3   0.4   0.7   1.9   4.0   4.6   5.6   5.6   5.4   2.5   0.7   0.3
25400 3   0.3   0.4   1.0   2.7   4.0   5.2   5.5   5.6   5.1   1.5   0.4   0.3
25428 1   0.4   0.4   0.6   1.2   3.5   3.9   4.8   5.2   5.1   3.5   1.1   0.5
25428 2   0.3   0.4   0.7   1.7   4.1   4.2   5.0   5.1   4.8   2.4   0.7   0.4
25428 3   0.3   0.4   1.0   2.4   4.2   4.8   4.9   5.1   4.7   1.6   0.5   0.3
25503 1   0.2   0.3   0.5   1.3   3.4   4.1   5.7   5.9   5.2   3.5   0.9   0.3
25503 2   0.3   0.3   0.7   1.9   3.7   4.7   5.7   5.8   5.0   2.4   0.6   0.3
25503 3   0.2   0.3   1.0   2.6   3.9   5.4   5.5   5.5   4.8   1.5   0.4   0.2
25538 1   0.8   0.8   0.9   1.3   3.4   4.5   5.4   5.7   5.2   3.6   1.4   0.8
25538 2   0.8   0.8   1.0   1.6   4.3   4.7   5.7   5.4   4.9   2.5   1.1   0.6
25538 3   0.7   0.7   1.1   2.4   4.7   5.4   5.6   5.3   4.8   1.7   0.8   0.7
25551 1   1.1   0.9   1.1   1.4   3.5   4.6   5.4   5.7   5.2   4.1   2.0   1.2
25551 2   1.0   1.1   1.1   1.7   4.6   4.6   5.7   5.5   5.0   3.0   1.5   1.0
25551 3   0.8   0.9   1.2   2.6   4.9   5.1   5.6   5.5   5.2   2.2   1.2   1.0
25563 1   1.6   1.2   1.4   1.6   3.6   5.5   5.2   5.3   5.3   4.6   2.7   1.6
25563 2   1.3   1.4   1.4   1.9   4.7   5.5   5.3   5.1   5.5   3.8   2.2   1.4
25563 3   1.2   1.2   1.4   2.8   5.3   5.5   5.2   5.4   5.7   2.9   1.7   1.4
25594 1   2.2   1.8   1.8   2.2   4.0   5.7   5.8   5.2   5.6   5.1   3.6   2.3
25594 2   1.8   1.9   1.7   2.5   4.9   5.9   5.6   5.3   5.6   4.5   3.2   1.9
25594 3   1.7   1.6   1.8   3.3   5.3   6.2   5.4   5.6   5.5   3.7   2.4   2.0
25677 1   2.3   1.7   1.7   2.0   3.8   5.6   6.3   6.3   6.1   5.0   3.3   2.4
25677 2   1.8   1.9   1.6   2.3   4.7   5.9   6.5   5.8   5.9   4.3   3.0   2.0
25677 3   1.7   1.7   1.7   3.2   5.3   6.3   6.1   6.2   6.1   3.7   2.4   2.0
25705 1   0.3   0.4   0.6   1.4   3.6   4.2   5.6   5.6   5.1   3.6   0.9   0.4
25705 2   0.3   0.4   0.7   2.0   4.0   4.8   5.6   5.5   4.9   2.5   0.7   0.3
25705 3   0.3   0.4   1.1   2.9   4.1   5.1   5.5   5.4   4.7   1.6   0.4   0.3
25927 1   1.5   1.4   1.6   2.4   4.6   6.1   5.2   6.0   5.5   5.8   3.1   2.0
25927 2   1.4   1.3   1.9   3.0   5.2   5.8   5.8   5.8   5.5   4.9   2.6   1.8
25927 3   1.3   1.4   2.1   3.8   5.7   5.2   5.8   5.5   5.8   4.1   2.2   1.4
25932 1   2.1   1.9   2.3   2.9   4.6   5.9   5.8   5.6   5.6   5.9   3.7   2.5
25932 2   2.0   1.9   2.3   3.2   5.2   5.9   6.1   5.5   5.7   5.2   3.2   2.1
25932 3   1.8   1.9   2.5   3.9   5.5   5.7   5.9   5.4   6.1   4.5   2.7   1.9
25954 1   2.0   1.8   2.2   2.6   4.8   5.9   5.3   6.0   5.3   5.6   3.3   2.3
25954 2   2.0   1.9   2.3   3.0   5.4   5.4   5.7   5.7   5.1   4.9   2.8   1.9
25954 3   1.7   1.8   2.2   3.8   5.9   5.1   5.8   5.6   5.6   3.9   2.2   1.7
25956 1   2.4   2.0   2.4   2.8   4.9   6.3   5.7   5.8   5.6   5.8   3.3   2.5
25956 2   2.2   2.1   2.4   3.0   5.6   6.1   5.7   5.6   5.5   4.9   3.0   2.2
25956 3   2.0   2.1   2.3   3.8   6.2   5.7   5.8   5.7   6.0   3.8   2.5   2.0
26063 1   3.7   3.4   4.1   5.0   4.4   5.0   6.6   7.3   5.9   5.2   5.7   4.8
26063 2   3.9   3.4   4.3   4.7   4.6   5.3   6.7   6.6   5.5   5.5   5.5   4.2
26063 3   3.4   3.8   4.8   4.4   4.7   6.0   7.1   6.3   5.2   5.7   4.9   4.0
26157 1   3.8   3.5   4.1   5.1   4.6   5.2   6.3   6.9   5.9   5.3   5.9   4.9
26157 2   4.0   3.4   4.3   4.8   4.8   5.5   6.5   6.5   5.6   5.7   5.8   4.3
26157 3   3.6   3.8   4.8   4.4   4.8   6.0   6.9   6.1   5.2   5.9   5.1   4.1
26275 1   3.6   3.3   4.0   4.9   4.5   5.1   6.1   6.6   5.5   5.1   5.5   4.5
26275 2   3.7   3.2   4.3   4.5   4.6   5.3   6.2   6.1   5.1   5.7   5.5   3.9
26275 3   3.3   3.7   4.8   4.3   4.7   5.6   6.4   5.7   5.1   5.7   4.8   3.8
26359 1   3.7   3.6   4.1   4.8   4.6   5.3   6.3   6.8   5.8   5.4   5.8   4.6
26359 2   3.8   3.4   4.3   4.6   5.0   5.6   6.5   6.4   5.6   5.9   5.6   4.1
26359 3   3.6   3.8   4.7   4.2   4.9   6.0   6.7   6.0   5.4   5.8   5.0   4.1
26781 1   3.5   3.3   4.0   5.2   4.8   5.6   6.5   6.8   5.7   5.6   5.5   4.4
26781 2   3.5   3.2   4.3   4.7   5.2   5.8   6.7   6.5   5.5   5.8   5.5   3.9
26781 3   3.4   3.7   4.7   4.4   5.3   6.2   6.8   5.9   5.4   5.8   4.9   3.9
26997 1   3.6   3.5   4.1   5.3   4.9   5.8   7.0   7.1   5.7   5.5   5.5   4.4
26997 2   3.5   3.5   4.5   4.9   5.2   6.1   7.1   6.7   5.4   5.7   5.5   4.1
26997 3   3.5   3.8   5.0   4.8   5.4   6.7   7.0   6.0   5.4   5.6   5.0   4.1
27037 1   2.8   2.5   3.4   4.7   4.6   5.2   6.6   6.6   5.7   5.4   5.0   3.7
27037 2   2.8   2.6   3.7   4.7   4.8   5.5   6.5   6.2   5.7   5.8   4.7   3.1
27037 3   2.5   3.0   4.2   4.5   4.7   5.9   6.6   6.0   5.5   5.5   4.0   3.0
27051 1   2.6   2.3   3.2   4.4   4.3   4.7   6.0   5.7   5.0   5.2   4.7   3.5
27051 2   2.6   2.5   3.5   4.6   4.4   4.9   5.8   5.5   5.3   5.6   4.4   3.0
27051 3   2.3   2.9   4.0   4.4   4.4   5.4   5.8   5.7   5.3   5.4   3.8   2.6
27333 1   3.0   2.7   3.5   4.8   4.7   5.4   7.0   6.9   5.9   5.4   5.0   3.8
27333 2   2.9   2.7   3.8   4.8   5.0   5.8   7.0   6.5   5.7   5.7   4.8   3.3
27333 3   2.7   3.2   4.3   4.5   5.1   6.3   7.1   6.2   5.6   5.6   4.2   3.1
27459 1   3.0   2.6   3.4   4.8   4.4   5.3   6.9   6.7   5.8   5.0   5.0   3.7
27459 2   2.9   2.7   3.8   4.6   4.8   5.8   6.9   6.4   5.6   5.6   4.7   3.3
27459 3   2.7   3.1   4.3   4.2   5.0   6.3   7.0   5.9   5.4   5.4   4.2   3.0
27595 1   2.7   2.3   3.1   4.9   4.1   5.0   6.9   6.2   5.1   4.8   4.8   3.4
27595 2   2.5   2.4   3.6   4.8   4.6   5.7   6.8   5.9   4.9   5.4   4.5   3.0
27595 3   2.4   2.7   4.2   4.4   4.6   6.3   6.8   5.4   4.9   5.3   3.9   2.7
27612 1   3.3   3.1   3.8   4.9   4.4   5.3   6.6   6.7   5.5   5.1   5.2   4.1
27612 2   3.3   3.1   4.2   4.5   4.8   5.7   6.6   6.3   5.3   5.4   5.1   3.7
27612 3   3.2   3.5   4.5   4.3   4.9   6.1   6.7   5.9   5.2   5.4   4.6   3.6
27648 1   3.0   2.7   3.5   5.1   4.9   5.7   7.3   7.2   6.0   5.3   5.1   3.8
27648 2   2.9   2.8   3.9   5.0   5.3   6.2   7.2   6.7   5.8   5.7   4.9   3.4
27648 3   2.8   3.1   4.4   4.7   5.5   6.7   7.3   6.2   5.5   5.5   4.4   3.2
27675 1   2.8   2.5   3.3   5.1   4.2   5.1   7.1   6.5   5.5   5.0   4.9   3.5
27675 2   2.8   2.6   3.8   4.9   4.6   5.8   7.0   6.1   5.3   5.6   4.7   3.2
27675 3   2.6   3.0   4.5   4.4   4.8   6.3   6.9   5.8   5.3   5.4   4.1   2.9
27707 1   3.4   3.1   3.8   5.1   4.4   5.1   6.1   6.2   5.1   5.2   5.3   4.2
27707 2   3.3   3.1   4.2   4.6   4.7   5.4   6.1   5.7   5.1   5.6   5.2   3.7
27707 3   3.2   3.5   4.6   4.4   4.8   5.7   6.0   5.3   4.9   5.6   4.7   3.7
27823 1   3.2   2.8   3.6   5.4   4.7   5.7   7.1   7.0   5.8   5.3   5.1   4.0
27823 2   3.1   3.0   4.0   5.1   5.0   6.0   7.1   6.4   5.6   5.7   5.0   3.6
27823 3   3.0   3.3   4.6   4.6   5.3   6.5   6.9   5.9   5.4   5.5   4.6   3.4
27857 1   3.2   2.7   3.5   5.4   4.5   5.4   7.1   6.8   5.5   5.0   5.1   3.9
27857 2   3.0   2.9   4.0   5.0   4.9   6.0   7.0   6.3   5.3   5.6   5.0   3.5
27857 3   2.9   3.2   4.6   4.6   4.9   6.5   7.1   5.8   5.2   5.5   4.5   3.3
27995 1   2.8   2.4   3.2   5.2   3.9   5.3   7.4   6.9   5.1   4.5   4.9   3.5
27995 2   2.6   2.5   3.7   4.8   4.5   6.2   7.3   6.2   5.0   5.2   4.7   3.1
27995 3   2.5   2.8   4.5   4.3   4.8   6.8   7.1   5.7   5.1   5.2   4.2   2.9
28009 1   2.2   2.0   3.0   4.2   4.4   4.8   6.9   6.2   5.6   5.3   4.2   3.0
28009 2   2.2   2.1   3.3   4.4   4.6   5.3   6.6   6.0   5.7   5.4   3.9   2.6
28009 3   2.0   2.5   3.7   4.4   4.7   5.9   6.7   6.0   5.8   5.0   3.4   2.2
28064 1   1.6   1.5   2.5   3.5   4.1   4.7   6.6   6.1   5.5   4.8   3.2   2.1
28064 2   1.6   1.6   2.7   4.0   4.2   5.3   6.7   5.9   5.5   4.6   3.3   2.0
28064 3   1.5   1.9   3.4   4.1   4.2   5.8   6.8   5.7   5.5   4.3   2.6   1.7
28138 1   1.8   1.6   2.6   3.8   4.2   4.8   6.4   5.9   5.6   5.2   3.4   2.4
28138 2   1.8   1.8   2.8   4.3   4.4   5.1   6.2   5.9   5.8   5.0   3.4   2.2
28138 3   1.7   2.1   3.4   4.3   4.5   5.6   6.3   5.8   5.8   4.5   2.8   1.9
28224 1   2.3   2.0   2.9   4.2   4.2   5.0   6.9   6.3   5.4   5.1   4.1   2.9
28224 2   2.2   2.2   3.2   4.5   4.4   5.5   6.7   6.1   5.5   5.3   3.9   2.6
28224 3   2.0   2.3   3.8   4.4   4.5   6.0   6.8   5.8   5.6   5.0   3.3   2.3
28255 1   1.8   1.6   2.6   4.0   4.1   4.8   6.9   6.3   5.5   4.9   3.6   2.4
28255 2   1.7   1.8   2.9   4.4   4.2   5.6   6.8   6.2   5.5   4.9   3.5   2.2
28255 3   1.7   2.0   3.7   4.2   4.3   6.2   6.9   5.9   5.4   4.7   2.8   1.9
28275 1   1.6   1.5   2.3   3.7   4.3   5.0   7.1   6.4   5.7   4.9   3.5   2.1
28275 2   1.5   1.6   2.6   4.3   4.2   5.7   7.1   6.3   5.5   4.8   3.3   2.0
28275 3   1.5   1.8   3.5   4.3   4.4   6.2   7.2   5.7   5.5   4.6   2.7   1.7
28418 1   2.4   2.1   3.0   4.6   4.3   4.9   7.4   6.5   5.2   5.0   4.4   3.1
28418 2   2.3   2.2   3.4   4.8   4.5   5.6   7.2   6.1   5.3   5.3   4.1   2.7
28418 3   2.1   2.5   4.1   4.5   4.7   6.2   7.2   5.8   5.4   5.3   3.7   2.4
28434 1   2.1   1.8   2.6   4.2   4.4   5.1   7.0   6.4   5.4   5.1   4.0   2.7
28434 2   1.9   1.9   3.0   4.6   4.6   5.7   6.8   6.2   5.4   5.1   3.8   2.4
28434 3   1.8   2.1   3.8   4.5   4.8   6.2   7.0   5.9   5.5   4.9   3.2   2.1
28493 1   1.6   1.5   2.1   3.7   4.0   5.1   6.8   6.3   5.7   4.8   3.5   2.1
28493 2   1.5   1.5   2.5   4.2   3.9   5.9   7.0   6.2   5.3   4.7   3.2   1.9
28493 3   1.4   1.7   3.5   4.1   4.1   6.2   7.0   5.6   5.2   4.6   2.7   1.6
28552 1   1.9   1.8   2.6   4.3   4.1   4.7   7.0   6.3   5.1   4.7   3.8   2.5
28552 2   1.8   1.9   3.0   4.5   4.2   5.6   6.9   6.2   5.0   4.7   3.6   2.3
28552 3   1.8   2.1   3.9   4.0   4.1   6.2   6.9   5.7   5.1   4.7   3.1   2.0
28573 1   1.6   1.6   2.2   4.1   4.1   4.9   7.0   6.3   5.3   4.6   3.6   2.2
28573 2   1.6   1.6   2.7   4.5   4.0   5.7   7.1   6.2   5.2   4.7   3.3   2.0
28573 3   1.5   1.8   3.7   4.1   4.2   6.2   7.1   5.6   5.3   4.7   2.8   1.7
28666 1   1.7   1.7   2.3   4.3   4.1   4.8   6.9   6.3   4.9   4.6   3.8   2.4
28666 2   1.6   1.7   2.8   4.7   4.0   5.6   7.0   6.0   4.9   4.7   3.5   2.1
28666 3   1.6   1.9   3.9   4.2   4.1   6.3   6.9   5.4   5.0   4.7   2.9   1.8
28698 1   1.7   1.6   2.2   4.2   3.9   4.8   6.6   6.3   5.2   4.5   3.7   2.2
28698 2   1.6   1.6   2.7   4.4   3.8   5.6   6.8   6.0   5.0   4.7   3.4   2.1
28698 3   1.5   1.8   3.8   4.1   4.0   6.1   6.9   5.4   5.0   4.7   2.8   1.8
28704 1   2.6   2.2   3.0   5.2   4.3   5.5   7.4   6.9   5.5   4.9   4.8   3.3
28704 2   2.4   2.3   3.5   5.2   4.8   6.3   7.3   6.3   5.3   5.4   4.5   3.0
28704 3   2.3   2.6   4.3   4.7   5.0   6.9   7.1   5.8   5.4   5.3   4.0   2.7
28722 1   2.3   2.1   2.8   4.7   4.2   5.3   7.3   6.8   5.4   5.0   4.4   3.0
28722 2   2.2   2.1   3.3   4.9   4.7   6.1   7.3   6.4   5.3   5.1   4.1   2.6
28722 3   2.0   2.4   4.2   4.6   4.9   6.6   7.3   5.9   5.3   5.1   3.6   2.4
28748 1   1.9   1.8   2.5   4.5   3.8   4.5   6.6   6.2   4.5   4.5   3.9   2.5
28748 2   1.8   1.8   3.0   4.5   4.1   5.3   6.6   5.7   4.6   4.6   3.5   2.2
28748 3   1.7   2.1   4.0   3.9   4.1   5.9   6.7   5.2   4.7   4.5   3.0   2.0
29111 1   1.5   1.4   2.1   3.2   4.1   5.0   6.7   6.3   5.8   4.9   3.2   1.9
29111 2   1.4   1.5   2.4   3.7   4.0   5.6   7.0   6.3   5.8   4.8   3.0   1.8
29111 3   1.3   1.7   3.3   3.9   4.2   6.0   7.1   5.8   5.4   4.3   2.4   1.5
29231 1   1.4   1.4   2.0   3.2   4.0   5.0   6.7   6.5   5.6   4.8   3.3   1.8
29231 2   1.3   1.4   2.3   3.7   4.0   5.7   7.0   6.3   5.7   4.6   2.9   1.7
29231 3   1.2   1.6   3.1   3.8   4.1   6.1   7.2   5.7   5.2   4.3   2.3   1.5
29263 1   1.4   1.3   1.9   3.2   4.1   4.8   6.5   6.5   5.6   4.8   3.2   1.6
29263 2   1.3   1.4   2.3   3.6   4.0   5.5   7.1   6.2   5.3   4.4   2.7   1.6
29263 3   1.1   1.5   2.9   3.9   4.1   6.1   7.0   5.7   5.1   4.0   2.1   1.4
29282 1   1.1   1.1   1.8   3.1   3.9   4.5   6.1   6.3   5.3   4.7   2.9   1.4
29282 2   1.0   1.2   2.1   3.5   4.0   5.1   6.8   5.8   5.1   4.1   2.4   1.3
29282 3   1.0   1.3   2.8   3.8   3.9   5.8   6.7   5.4   5.0   3.7   1.9   1.2
29313 1   1.6   1.5   2.0   3.4   4.0   4.8   6.1   5.9   5.3   4.8   3.5   2.0
29313 2   1.4   1.4   2.4   3.8   3.9   5.4   6.4   5.9   5.4   4.7   3.0   1.8
29313 3   1.3   1.7   3.3   3.9   4.0   5.7   6.5   5.3   5.1   4.5   2.5   1.5
29328 1   1.6   1.5   2.0   3.4   3.9   5.0   6.6   6.4   5.6   4.8   3.5   1.9
29328 2   1.4   1.5   2.4   3.9   3.9   5.7   6.9   6.3   5.5   4.6   3.1   1.8
29328 3   1.3   1.7   3.3   4.0   4.1   6.1   7.1   5.8   5.1   4.5   2.5   1.6
29379 1   1.3   1.4   2.0   3.4   3.1   1.7   1.6   1.6   2.5   4.3   3.4   1.5
29379 2   1.3   1.6   2.3   3.4   2.5   1.6   1.6   1.7   3.3   4.2   2.5   1.4
29379 3   1.2   1.5   3.1   3.4   2.0   1.6   1.6   2.0   4.2   4.0   2.1   1.4
29570 1   1.6   1.6   2.1   3.2   3.7   4.5   6.2   6.3   5.3   4.4   3.2   1.9
29570 2   1.5   1.6   2.5   3.5   3.6   5.3   6.8   6.0   5.3   4.2   2.7   1.8
29570 3   1.4   1.7   3.1   3.6   3.9   6.0   6.9   5.6   4.9   3.9   2.4   1.7
29594 1   1.5   1.5   2.1   3.4   4.0   4.6   6.4   6.6   5.5   4.6   3.2   1.8
29594 2   1.4   1.6   2.4   3.6   3.9   5.2   7.2   6.2   5.4   4.2   2.6   1.6
29594 3   1.3   1.7   3.0   3.8   4.0   6.0   7.2   5.7   5.1   3.9   2.3   1.6
29612 1   1.6   1.6   2.1   4.0   4.1   5.1   6.9   6.5   5.4   4.8   3.7   2.1
29612 2   1.5   1.5   2.5   4.5   4.1   6.0   7.2   6.2   5.2   4.9   3.3   2.0
29612 3   1.3   1.7   3.7   4.3   4.4   6.4   7.1   5.6   5.1   4.7   2.7   1.7
29645 1   1.7   1.7   2.1   3.9   4.1   5.2   6.7   6.6   5.3   4.8   3.7   2.1
29645 2   1.6   1.6   2.7   4.3   4.0   5.9   7.2   6.4   5.3   4.9   3.1   1.9
29645 3   1.4   1.8   3.6   4.4   4.3   6.6   7.2   5.7   5.1   4.6   2.6   1.7
29752 1   1.6   1.6   1.9   2.9   3.8   4.3   4.6   4.6   5.2   4.2   2.9   1.9
29752 2   1.6   1.6   2.1   3.4   3.7   4.6   4.5   4.9   5.1   3.8   2.5   1.9
29752 3   1.4   1.6   2.7   3.6   3.9   4.9   5.0   4.8   4.7   3.4   2.1   1.7
29789 1   1.3   1.3   1.7   2.8   3.8   4.8   5.7   5.9   5.4   4.0   2.6   1.6
29789 2   1.2   1.4   2.0   3.2   4.0   5.1   6.0   5.7   5.3   3.5   2.1   1.4
29789 3   1.1   1.4   2.4   3.4   4.3   5.7   6.3   5.5   4.6   3.2   1.9   1.3
29866 1   1.6   1.4   2.1   3.5   3.9   5.0   6.4   6.6   5.4   4.7   3.4   1.9
29866 2   1.4   1.6   2.8   3.7   4.1   5.8   6.9   6.3   5.3   4.5   2.9   1.7
29866 3   1.2   1.7   3.4   3.9   4.3   6.4   7.1   5.7   5.0   4.2   2.4   1.6
29939 1   1.9   1.9   2.2   4.2   4.3   5.6   6.9   6.8   5.3   4.8   3.9   2.3
29939 2   1.7   1.8   2.8   4.5   4.2   6.4   7.4   6.4   5.2   4.9   3.4   2.1
29939 3   1.5   1.9   3.9   4.4   4.7   7.0   7.3   5.6   5.1   4.8   2.9   1.9
30054 1   0.7   0.8   1.4   2.6   4.0   4.6   6.2   6.6   5.6   4.7   2.2   0.9
30054 2   0.6   0.8   1.6   3.2   4.1   5.2   7.0   6.3   5.6   3.9   1.7   0.9
30054 3   0.8   1.1   2.1   3.7   4.3   5.7   6.7   5.7   5.2   3.2   1.3   0.8
30089 1   0.4   0.5   1.0   2.3   3.7   4.8   6.4   6.3   5.5   4.2   1.8   0.6
30089 2   0.4   0.5   1.3   2.9   3.9   5.2   6.5   6.2   5.2   3.4   1.1   0.5
30089 3   0.5   0.7   1.7   3.2   4.4   5.7   6.4   5.8   4.8   2.6   0.8   0.4
30230 1   0.9   0.9   1.4   2.8   3.8   4.5   6.5   6.6   5.6   4.6   2.4   1.1
30230 2   0.7   0.9   1.7   3.2   3.9   5.2   7.4   6.3   5.7   3.9   1.9   1.1
30230 3   0.8   1.1   2.2   3.5   4.2   5.8   6.9   5.8   5.3   3.3   1.5   0.9
30252 1   0.6   0.7   1.3   2.9   3.9   4.7   6.5   6.8   5.6   4.7   2.1   0.8
30252 2   0.5   0.8   1.7   3.4   4.0   5.4   7.4   6.4   5.7   3.9   1.6   0.7
30252 3   0.6   1.0   2.3   3.7   4.4   5.8   7.1   5.9   5.4   3.0   1.2   0.6
30309 1   1.3   1.3   1.9   3.2   4.0   4.3   6.0   6.3   5.2   4.6   3.2   1.7
30309 2   1.2   1.4   2.2   3.5   3.9   4.8   6.7   5.8   5.3   4.3   2.7   1.6
30309 3   1.2   1.6   2.8   3.8   3.8   5.5   6.6   5.4   4.9   4.0   2.2   1.4
30372 1   0.4   0.5   0.9   2.1   3.5   4.5   5.9   6.1   5.2   3.7   1.5   0.6
30372 2   0.3   0.5   1.1   2.7   3.8   4.9   6.4   5.9   5.0   2.9   1.0   0.5
30372 3   0.4   0.7   1.6   3.1   4.2   5.4   6.3   5.4   4.5   2.1   0.8   0.4
30385 1   0.4   0.5   1.0   2.3   3.5   4.7   6.5   6.4   5.4   3.9   1.5   0.6
30385 2   0.4   0.6   1.3   2.9   3.8   5.2   6.8   6.1   5.3   3.1   1.0   0.4
30385 3   0.4   0.8   1.8   3.2   4.2   5.7   6.7   5.7   4.7   2.3   0.7   0.4
30393 1   0.5   0.6   1.0   2.2   3.7   4.3   5.6   5.7   5.3   3.7   1.5   0.6
30393 2   0.4   0.6   1.2   2.7   3.9   4.6   5.8   5.4   5.1   2.9   1.0   0.5
30393 3   0.5   0.8   1.7   3.2   4.2   5.0   5.8   5.1   4.5   2.2   0.8   0.4
30433 1   1.0   0.9   1.4   2.7   4.1   4.3   5.6   6.2   4.7   4.2   2.4   1.3
30433 2   0.8   1.0   1.7   3.2   4.2   4.7   6.5   5.7   4.8   3.8   2.0   1.3
30433 3   0.8   1.1   2.1   3.6   4.2   5.2   6.4   5.1   4.6   3.2   1.7   1.1
30521 1   0.8   0.8   1.5   3.1   4.0   4.9   6.5   6.7   5.8   4.7   2.6   1.1
30521 2   0.7   1.0   1.9   3.5   4.1   5.5   7.2   6.3   6.0   4.1   2.0   0.9
30521 3   0.7   1.2   2.5   3.8   4.3   6.2   7.2   6.0   5.3   3.5   1.6   0.8
30554 1   0.5   0.6   1.1   2.2   3.2   4.1   5.5   5.7   4.7   3.3   1.6   0.7
30554 2   0.5   0.7   1.3   2.6   3.3   4.6   6.0   5.4   4.4   2.8   1.2   0.6
30554 3   0.5   0.8   1.7   2.9   3.8   5.2   6.0   5.2   3.9   2.2   1.0   0.5
30612 1   1.0   0.9   1.6   3.4   3.8   4.4   6.4   6.7   5.3   4.6   3.2   1.5
30612 2   0.8   1.1   2.0   3.7   3.8   5.0   7.0   6.3   5.4   4.4   2.5   1.2
30612 3   0.8   1.2   2.7   3.8   3.8   5.7   7.2   5.8   4.9   3.9   2.0   1.0
30636 1   0.8   0.8   1.5   2.9   3.7   4.3   6.0   6.5   5.0   4.4   2.7   1.3
30636 2   0.6   0.9   1.9   3.3   3.6   5.0   6.9   5.9   5.2   4.0   2.2   1.1
30636 3   0.6   1.2   2.4   3.5   3.9   5.6   6.9   5.5   4.9   3.5   1.8   0.9
30650 1   0.7   0.8   1.2   2.3   3.2   4.2   5.7   6.1   5.1   3.6   2.0   1.0
30650 2   0.6   0.9   1.5   2.7   3.2   4.8   6.4   5.8   4.8   3.1   1.6   0.9
30650 3   0.7   1.0   1.9   2.9   3.8   5.4   6.5   5.4   4.1   2.6   1.3   0.7
30673 1   0.5   0.7   1.2   2.6   3.6   4.7   6.5   6.4   5.3   3.7   1.7   0.7
30673 2   0.5   0.7   1.5   3.0   3.6   5.2   6.8   6.1   4.9   3.1   1.2   0.6
30673 3   0.6   0.9   2.1   3.4   4.2   5.7   6.8   5.7   4.4   2.5   0.9   0.5
30710 1   1.5   1.4   2.0   3.2   3.8   4.6   6.5   6.7   5.6   4.7   3.5   1.9
30710 2   1.3   1.5   2.4   3.4   3.7   5.3   7.1   6.3   5.6   4.5   2.8   1.7
30710 3   1.2   1.7   2.8   3.7   4.1   6.0   7.3   6.0   5.2   4.1   2.4   1.6
30758 1   0.7   0.9   1.5   2.3   3.0   3.9   5.9   6.5   4.9   3.7   2.2   1.1
30758 2   0.6   1.0   1.8   2.6   3.0   4.7   6.7   6.0   4.8   3.2   1.7   0.9
30758 3   0.7   1.2   2.1   2.8   3.5   5.4   6.9   5.4   4.2   2.8   1.3   0.7
30777 1   0.5   0.7   1.3   2.5   3.0   4.4   6.7   6.9   5.2   3.6   2.0   0.8
30777 2   0.5   0.8   1.7   2.7   3.0   5.2   7.4   6.4   5.0   3.1   1.5   0.7
30777 3   0.5   1.0   2.1   2.9   3.9   5.9   7.5   5.9   4.2   2.7   1.1   0.5
30844 1   0.8   0.9   1.5   2.6   3.4   4.4   5.9   6.3   5.2   3.9   2.3   1.2
30844 2   0.7   1.0   1.8   3.0   3.5   5.1   6.6   5.9   5.0   3.5   1.8   1.0
30844 3   0.7   1.1   2.2   3.2   4.0   5.6   6.7   5.6   4.3   3.0   1.4   0.8
30879 1   0.6   0.7   1.4   3.0   3.6   4.7   6.8   6.8   5.3   3.9   2.2   0.9
30879 2   0.6   0.9   1.9   3.2   3.4   5.3   7.3   6.3   5.1   3.5   1.6   0.8
30879 3   0.6   1.1   2.4   3.5   4.2   6.1   7.5   5.8   4.5   3.0   1.2   0.6
30925 1   1.0   1.2   1.9   2.7   3.3   4.0   5.7   6.0   4.9   4.0   2.8   1.4
30925 2   0.9   1.4   2.3   2.9   3.3   4.7   6.2   5.5   4.8   3.8   2.1   1.2
30925 3   1.0   1.5   2.6   3.1   3.7   5.4   6.6   5.2   4.3   3.3   1.7   1.1
30935 1   0.7   0.9   1.6   2.9   3.4   4.3   6.1   6.5   5.3   4.1   2.6   1.2
30935 2   0.6   1.0   2.1   3.1   3.5   5.1   6.7   6.0   5.2   3.7   1.9   1.0
30935 3   0.7   1.2   2.6   3.3   4.0   5.8   6.9   5.6   4.5   3.2   1.5   0.8
30949 1   0.9   1.0   1.6   2.4   3.1   4.1   5.7   6.3   4.9   3.8   2.4   1.2
30949 2   0.8   1.2   1.8   2.7   3.2   4.8   6.5   5.7   4.7   3.3   1.8   1.1
30949 3   0.9   1.3   2.1   3.0   3.7   5.5   6.7   5.4   4.2   3.0   1.5   0.9
30965 1   0.7   0.8   1.5   2.6   3.3   4.3   6.5   6.8   5.1   3.7   2.3   1.0
30965 2   0.6   1.0   1.9   3.0   3.3   5.1   7.1   6.3   4.9   3.3   1.7   0.9
30965 3   0.7   1.2   2.3   3.1   3.9   5.9   7.5   5.8   4.3   2.9   1.4   0.7
31004 1   0.7   0.7   1.2   2.3   3.8   4.5   5.8   5.9   5.5   3.9   1.7   0.8
31004 2   0.6   0.7   1.4   2.9   4.0   4.8   5.9   5.6   5.3   3.1   1.3   0.8
31004 3   0.7   0.9   1.8   3.2   4.3   5.2   5.9   5.4   4.6   2.4   1.0   0.7
31088 1   0.9   1.0   1.3   2.7   4.9   6.3   5.4   6.5   5.5   4.8   2.0   1.2
31088 2   0.9   1.0   1.6   3.6   5.6   6.0   5.9   6.2   5.2   3.8   1.6   0.9
31088 3   0.9   1.0   2.1   4.3   6.2   5.3   6.1   5.8   4.9   2.9   1.2   0.9
31137 1   0.3   0.3   0.7   1.9   3.9   4.9   6.0   6.0   5.2   3.7   1.1   0.4
31137 2   0.2   0.4   0.9   2.6   4.1   5.0   6.1   5.7   5.0   2.8   0.7   0.3
31137 3   0.3   0.5   1.3   3.3   4.4   5.3   6.2   5.4   4.5   1.9   0.5   0.2
31168 1   1.0   0.9   1.3   2.9   4.9   6.1   5.3   6.0   5.2   4.3   2.2   1.3
31168 2   0.9   1.0   1.8   3.6   5.3   5.9   5.7   5.8   4.8   3.9   1.6   1.0
31168 3   0.9   1.1   2.3   4.3   5.8   5.2   5.9   5.6   4.6   3.2   1.4   1.0
31174 1   1.2   1.2   1.5   3.0   5.0   5.8   5.9   6.4   5.8   4.8   3.2   1.8
31174 2   1.1   1.1   1.9   3.7   5.3   6.1   6.0   6.3   5.3   4.6   2.5   1.3
31174 3   1.1   1.3   2.3   4.5   5.7   5.9   6.2   6.4   5.2   4.2   2.1   1.2
31253 1   0.4   0.6   1.1   2.6   3.9   5.1   7.0   6.8   5.4   4.0   1.8   0.6
31253 2   0.4   0.7   1.4   3.2   3.8   5.5   7.0   6.4   4.9   3.5   1.1   0.5
31253 3   0.5   0.8   2.0   3.6   4.5   6.0   7.2   5.8   4.4   2.7   0.8   0.4
31329 1   0.4   0.6   1.2   2.8   4.4   5.1   6.6   6.7   5.7   4.5   2.1   0.7
31329 2   0.4   0.7   1.5   3.4   4.2   5.4   6.8   6.3   5.6   3.9   1.3   0.5
31329 3   0.5   0.9   2.1   4.0   4.9   6.0   7.2   5.9   5.1   3.1   0.9   0.4
31369 1   1.0   1.1   1.5   3.2   5.1   5.4   6.4   6.8   5.7   5.2   3.2   1.5
31369 2   1.0   1.1   2.0   3.9   5.2   5.6   6.7   6.5   5.6   5.0   2.3   1.1
31369 3   0.9   1.3   2.5   4.7   5.4   5.7   7.1   6.1   5.5   4.5   1.8   1.1
31416 1   0.7   0.9   1.4   3.1   4.4   5.5   6.9   7.2   5.8   4.7   2.7   1.1
31416 2   0.7   0.9   1.8   3.7   4.4   5.9   7.1   6.9   5.5   4.5   1.8   0.7
31416 3   0.7   1.1   2.4   4.0   5.1   6.2   7.6   6.4   5.1   3.8   1.4   0.7
31439 1   1.0   1.0   1.5   3.4   4.9   5.1   6.8   7.6   5.9   5.0   3.2   1.4
31439 2   0.9   1.0   2.1   4.1   4.8   5.5   7.3   7.2   5.5   4.9   2.2   1.0
31439 3   0.9   1.3   2.6   4.5   5.0   5.9   7.7   6.8   5.4   4.5   1.7   1.0
31478 1   0.4   0.6   1.0   2.3   4.0   4.7   6.0   6.0   5.4   4.1   1.8   0.6
31478 2   0.4   0.6   1.2   2.9   4.1   4.9   6.1   5.7   5.2   3.4   1.1   0.4
31478 3   0.5   0.8   1.7   3.6   4.6   5.4   6.6   5.6   4.9   2.7   0.9   0.4
31707 1   1.0   1.2   1.9   3.6   4.4   6.0   8.9   9.3   6.4   4.6   3.2   1.4
31707 2   0.9   1.3   2.4   4.0   4.4   7.0   9.4   8.4   5.7   4.2   2.4   1.1
31707 3   1.0   1.6   3.1   4.4   5.0   7.8  10.0   7.6   4.9   3.9   1.8   1.0
31770 1   1.4   1.4   2.0   3.9   5.4   5.6   5.9   7.3   5.9   4.6   3.7   1.9
31770 2   1.3   1.5   2.6   4.5   5.6   5.4   6.6   7.2   5.4   4.4   2.8   1.4
31770 3   1.3   1.8   3.2   5.1   5.8   5.4   7.0   6.8   4.9   4.4   2.4   1.5
31829 1   1.6   1.7   2.5   4.4   6.0   6.2   6.4   8.2   6.9   4.5   3.7   2.1
31829 2   1.6   1.8   3.0   5.0   6.5   5.6   7.2   8.1   6.2   4.2   2.8   1.6
31829 3   1.5   2.1   3.7   5.7   6.5   5.8   7.8   7.9   5.2   4.2   2.5   1.7
31960 1   1.6   1.7   2.6   4.3   5.2   5.6   7.5   9.6   7.3   4.8   3.8   2.4
31960 2   1.5   2.0   3.2   4.9   5.1   6.0   8.5   9.3   6.4   4.3   3.5   2.0
31960 3   1.5   2.4   3.8   5.1   5.1   6.8   9.6   8.5   5.4   4.0   3.0   1.7
31961 1   1.4   1.5   2.6   4.1   4.6   5.8   7.8   9.7   7.0   5.1   3.8   2.1
31961 2   1.2   1.9   3.2   4.4   4.6   6.5   8.7   9.3   6.4   4.5   3.3   1.7
31961 3   1.3   2.2   3.7   4.5   5.0   7.2   9.9   8.3   5.5   4.2   2.7   1.5
31989 1   1.9   1.9   2.8   4.5   5.3   5.1   6.6   8.7   7.1   4.7   3.7   2.6
31989 2   1.7   2.2   3.3   5.0   5.2   5.5   7.5   8.7   6.4   4.2   3.5   2.1
31989 3   1.7   2.5   3.9   5.3   5.2   6.0   8.5   7.8   5.3   3.9   3.1   2.0
32027 1   1.4   1.3   1.7   3.6   5.8   5.6   5.9   7.1   6.0   5.1   3.9   2.0
32027 2   1.3   1.2   2.3   4.4   6.1   5.2   6.5   7.1   5.4   5.7   2.8   1.5
32027 3   1.2   1.5   2.8   5.1   6.5   5.4   6.9   6.8   5.3   5.3   2.3   1.4
32061 1   1.6   1.6   2.0   3.8   5.2   5.1   5.9   7.1   5.5   4.8   4.0   2.5
32061 2   1.5   1.5   2.6   4.4   5.4   5.1   6.5   6.8   5.2   5.0   3.2   2.0
32061 3   1.4   1.8   3.1   4.8   5.3   5.4   7.1   6.5   5.1   4.9   2.9   1.8
32076 1   1.7   1.6   2.0   3.7   5.4   6.3   5.7   6.3   5.7   5.3   4.2   2.3
32076 2   1.6   1.5   2.6   4.4   5.8   6.4   6.0   6.2   5.7   5.2   3.2   1.8
32076 3   1.5   1.8   3.1   5.0   6.1   6.2   6.2   6.1   5.5   5.1   2.8   1.8
32098 1   1.6   1.5   2.1   4.1   5.8   6.0   5.9   7.3   6.0   5.0   4.2   2.3
32098 2   1.4   1.5   2.8   4.8   6.2   5.4   6.5   7.1   5.7   4.9   3.3   1.7
32098 3   1.4   1.8   3.4   5.4   6.3   5.5   7.1   6.8   5.4   4.9   2.8   1.7
32099 1   2.5   2.1   2.6   4.5   5.7   6.8   6.0   6.2   6.1   5.1   5.4   3.8
32099 2   2.2   2.1   3.2   5.0   6.1   7.0   5.8   6.4   5.7   5.6   4.7   3.1
32099 3   2.1   2.4   3.8   5.4   6.5   6.9   6.0   6.3   5.4   6.0   4.4   2.8
32150 1   2.4   2.0   2.6   4.4   4.9   4.5   4.2   5.1   4.4   4.3   4.6   3.3
32150 2   2.0   2.0   3.3   4.7   4.8   4.1   4.6   5.2   4.5   4.4   4.2   2.8
32150 3   2.0   2.5   3.7   4.9   4.8   4.0   5.2   4.8   4.3   4.7   3.9   2.7
32165 1   3.6   3.0   3.5   5.0   6.4   6.3   5.7   7.6   7.2   5.3   4.8   4.6
32165 2   3.3   3.0   4.0   5.5   6.6   5.8   6.3   7.7   6.5   4.8   5.0   4.1
32165 3   3.1   3.4   4.4   6.1   6.8   5.7   7.3   7.6   5.9   4.8   4.9   3.8
32213 1   3.9   3.6   3.8   4.6   5.7   7.2   6.6   5.4   5.3   5.8   6.0   4.6
32213 2   3.7   3.5   4.0   4.8   6.2   7.7   6.0   5.5   5.3   6.8   5.3   4.3
32213 3   3.6   3.5   4.1   5.3   6.7   7.7   5.5   5.5   5.5   6.9   4.9   3.9
32252 1   1.7   1.7   2.0   3.1   5.0   6.1   4.5   4.9   4.8   5.9   4.0   2.5
32252 2   1.6   1.7   2.2   3.6   5.6   5.5   4.6   4.9   5.0   5.7   3.4   2.2
32252 3   1.5   1.7   2.4   4.3   5.9   4.9   4.5   4.7   5.5   4.9   2.8   1.7
32287 1   2.1   2.0   2.3   3.4   5.1   6.0   5.3   6.1   5.6   5.9   4.3   2.8
32287 2   2.0   1.9   2.6   3.8   5.5   5.7   5.7   6.0   5.5   5.7   3.6   2.5
32287 3   1.8   2.0   2.8   4.5   5.9   5.4   5.8   5.8   5.8   5.0   3.1   2.1
32389 1   1.9   2.0   2.5   3.3   4.7   4.7   5.5   6.4   5.4   5.2   3.6   2.5
32389 2   2.0   2.0   2.7   3.6   4.8   4.7   6.1   6.0   5.2   5.0   3.1   2.2
32389 3   1.8   2.0   2.7   4.1   4.8   5.1   6.3   5.7   5.3   4.5   2.6   1.8
32477 1   2.1   2.0   2.3   3.6   5.3   6.1   5.5   6.4   5.8   5.7   4.5   2.9
32477 2   2.0   2.0   2.6   4.1   5.7   5.8   6.0   6.2   5.6   5.8   3.8   2.5
32477 3   1.9   2.0   3.0   4.7   6.0   5.5   6.2   6.1   5.9   5.3   3.1   2.0
32509 1   2.8   2.9   3.1   3.9   5.5   6.3   5.6   6.2   5.4   4.8   4.1   3.3
32509 2   2.9   2.8   3.4   4.2   5.8   5.9   5.9   6.0   5.0   5.0   3.5   3.0
32509 3   2.8   2.7   3.5   4.8   6.3   5.7   6.2   5.8   5.0   4.9   3.4   2.7
32562 1   2.4   2.3   2.7   3.9   5.4   6.3   5.3   6.2   5.7   5.7   4.8   3.3
32562 2   2.3   2.3   3.0   4.4   5.8   6.1   5.7   6.1   5.6   5.9   4.1   2.9
32562 3   2.2   2.4   3.4   4.9   6.1   5.6   6.0   6.0   5.7   5.6   3.5   2.3
32618 1   4.1   4.0   4.2   4.8   5.8   7.1   4.9   4.4   4.4   5.0   5.9   4.6
32618 2   4.2   4.0   4.4   5.0   6.3   7.0   4.4   4.4   4.2   5.6   5.3   4.4
32618 3   3.9   4.0   4.3   5.3   6.7   6.2   4.2   4.4   4.8   6.1   5.0   4.1
34110 1   3.5   3.2   3.9   5.2   4.5   5.5   6.8   6.6   5.3   5.2   5.2   4.3
34110 2   3.3   3.4   4.4   4.7   4.8   5.9   6.7   6.2   5.2   5.5   5.3   3.9
34110 3   3.4   3.6   5.0   4.5   5.0   6.4   6.7   5.7   5.0   5.5   5.0   3.9
34123 1   3.4   3.1   3.8   5.0   4.3   5.5   7.0   6.8   5.3   4.8   5.2   4.2
34123 2   3.3   3.3   4.2   4.5   4.6   5.9   6.8   6.3   5.1   5.3   5.2   3.9
34123 3   3.3   3.5   4.8   4.4   4.9   6.4   6.8   5.7   4.9   5.3   4.9   3.7
34152 1   3.3   2.9   3.6   5.2   4.3   5.4   6.9   6.5   5.1   4.6   5.0   4.0
34152 2   3.0   3.1   4.1   4.7   4.7   5.9   6.7   6.0   4.9   5.3   5.1   3.6
34152 3   3.0   3.2   4.7   4.5   4.8   6.4   6.7   5.4   4.8   5.2   4.7   3.5
34163 1   3.0   2.6   3.2   5.1   4.1   5.0   6.5   6.2   4.8   4.4   4.9   3.7
34163 2   2.7   2.7   3.8   4.7   4.5   5.6   6.4   5.8   4.9   5.3   4.8   3.3
34163 3   2.7   2.9   4.5   4.4   4.4   5.9   6.4   5.2   4.7   5.1   4.4   3.1
34186 1   2.9   2.5   3.3   5.2   3.9   4.8   6.4   6.0   4.5   4.2   5.0   3.6
34186 2   2.7   2.7   3.9   4.7   4.3   5.5   6.2   5.5   4.5   5.1   4.8   3.2
34186 3   2.6   2.9   4.6   4.3   4.3   6.0   6.2   4.9   4.5   5.1   4.4   3.1
34579 1   3.7   3.1   3.8   4.3   4.0   4.6   6.0   5.8   4.5   3.9   4.8   4.3
34579 2   3.3   3.3   4.3   4.2   4.2   5.3   5.8   5.5   4.5   4.6   5.1   4.0
34579 3   3.1   3.5   4.7   4.1   4.3   5.7   5.9   4.9   4.4   4.8   5.1   3.8
34720 1   4.7   4.2   4.9   5.1   5.3   6.7   8.0   7.5   6.4   5.0   5.4   5.6
34720 2   4.3   4.5   5.3   4.6   5.7   7.1   7.9   7.4   6.0   5.1   5.9   5.1
34720 3   4.2   4.5   5.5   4.9   6.2   7.7   7.9   6.9   5.5   5.1   5.9   5.0
34740 1   4.7   4.0   4.6   4.6   4.7   6.0   6.9   6.5   5.4   4.7   5.4   5.5
34740 2   4.2   4.4   5.0   4.5   5.2   6.3   6.6   6.5   5.2   4.9   5.7   5.0
34740 3   4.1   4.3   5.0   4.6   5.6   6.7   6.7   6.0   5.0   5.2   5.8   4.8
34866 1   4.4   3.7   4.4   4.7   4.9   5.9   7.1   6.6   5.5   4.6   5.0   5.1
34866 2   4.0   4.0   4.7   4.7   5.1   6.5   6.9   6.5   5.3   5.0   5.5   4.8
34866 3   3.8   4.2   5.0   4.9   5.5   6.7   7.0   6.0   4.9   5.0   5.7   4.6
34880 1   4.3   3.6   4.2   4.5   4.7   6.0   7.7   7.4   6.0   4.6   5.0   5.0
34880 2   3.9   3.8   4.6   4.4   5.2   6.8   7.5   7.3   5.6   4.9   5.5   4.8
34880 3   3.7   4.0   4.8   4.6   5.5   7.1   7.7   6.6   5.3   5.1   5.6   4.5
34927 1   4.9   4.6   4.7   4.6   5.5   7.0   8.3   8.0   6.6   5.5   5.5   5.6
34927 2   4.7   4.8   5.1   4.8   6.2   7.3   8.1   8.1   6.0   5.4   5.6   5.3
34927 3   4.5   4.6   4.9   5.0   6.6   7.8   8.4   7.4   5.9   5.6   6.0   5.1
34949 1   4.5   4.0   4.5   4.8   4.9   5.7   6.7   6.6   5.7   5.0   5.4   5.2
34949 2   4.2   4.3   5.0   4.7   5.1   6.1   6.6   6.7   5.2   5.1   5.4   4.8
34949 3   4.0   4.2   5.0   4.9   5.4   6.3   6.7   6.2   5.2   5.3   5.6   4.6
35011 1   2.5   2.2   2.9   5.0   3.8   4.9   6.7   6.0   4.5   4.4   4.7   3.2
35011 2   2.3   2.3   3.5   4.9   4.2   5.7   6.6   5.4   4.6   5.0   4.4   2.8
35011 3   2.2   2.5   4.4   4.2   4.5   6.1   6.5   4.8   4.7   5.1   3.9   2.6
36038 1   2.1   2.0   2.3   4.1   4.0   4.8   5.9   5.8   4.9   4.4   3.7   2.5
36038 2   1.9   1.9   2.8   4.2   3.9   5.4   6.4   5.7   4.8   4.5   3.3   2.3
36038 3   1.6   2.0   3.7   4.0   4.4   6.1   6.4   4.9   4.6   4.4   2.9   2.1
36064 1   2.4   2.4   2.6   3.8   4.5   5.4   6.2   6.4   5.2   4.6   3.8   2.8
36064 2   2.2   2.3   3.0   4.3   4.5   5.8   6.7   6.1   5.2   4.6   3.4   2.7
36064 3   2.1   2.3   3.5   4.4   5.0   6.2   6.7   5.5   5.1   4.5   3.1   2.5
36096 1   0.5   0.6   1.3   3.0   3.0   4.0   5.5   5.8   4.6   4.0   2.8   0.9
36096 2   0.5   0.8   2.0   3.1   3.0   4.6   6.1   5.3   4.5   3.9   1.9   0.7
36096 3   0.5   1.0   2.9   2.9   3.4   5.4   6.2   5.0   4.1   3.4   1.3   0.6
36229 1   1.3   1.3   2.0   3.5   3.9   4.7   5.5   5.4   4.8   4.4   3.2   1.7
36229 2   1.1   1.5   2.4   3.9   4.0   5.1   5.8   5.3   4.8   4.3   2.6   1.4
36229 3   1.0   1.6   3.3   3.8   4.5   5.5   5.7   4.9   4.6   3.9   2.0   1.3
36259 1   0.7   0.7   1.3   2.6   3.2   3.5   3.8   3.7   3.7   3.3   2.0   1.0
36259 2   0.6   0.9   1.7   3.0   3.2   3.7   3.9   3.9   3.8   3.1   1.5   0.8
36259 3   0.5   1.0   2.3   3.0   3.5   4.0   4.0   3.8   3.6   2.7   1.2   0.8
36307 1   0.4   0.4   0.9   2.8   2.7   3.2   4.1   4.6   3.5   3.2   2.4   0.9
36307 2   0.3   0.5   1.3   3.1   2.6   3.4   4.4   4.3   3.6   3.2   1.7   0.6
36307 3   0.3   0.7   2.0   2.8   2.9   4.1   4.6   4.0   3.4   2.9   1.2   0.5
37001 1   4.5   5.0   4.7   4.3   4.9   6.3   7.8   7.9   6.4   5.2   5.2   5.3
37001 2   4.8   4.9   5.2   4.1   5.5   7.0   7.8   7.9   6.1   5.2   5.3   5.1
37001 3   4.6   4.8   4.9   4.4   5.9   7.4   7.9   7.4   5.7   5.1   5.5   5.0
37061 1   4.8   4.1   4.9   4.7   4.3   4.8   5.4   5.6   4.9   4.1   5.1   5.5
37061 2   4.4   4.5   5.2   4.3   4.5   5.2   5.4   5.8   4.6   4.1   5.7   5.2
37061 3   4.2   4.7   5.1   4.4   4.8   5.5   5.5   5.3   4.4   4.7   6.0   4.9
37107 1   5.5   5.1   5.2   5.0   5.3   6.1   7.3   8.0   6.8   5.5   5.2   5.5
37107 2   5.1   5.2   5.5   4.9   5.6   6.5   7.9   7.8   5.9   5.4   5.5   5.7
37107 3   5.1   5.2   5.2   5.0   5.8   6.9   8.1   7.4   5.7   5.5   5.5   5.5
37126 1   2.6   2.4   3.0   4.4   5.6   5.6   5.2   4.9   5.3   4.7   3.8   3.0
37126 2   2.4   2.7   3.3   4.7   5.7   5.2   5.2   4.9   5.1   4.5   3.4   2.7
37126 3   2.3   2.7   3.8   5.2   5.5   5.2   5.4   5.0   5.0   4.3   3.4   2.7
37228 1   4.2   3.7   4.3   4.1   2.9   2.8   3.2   3.3   2.9   3.0   4.8   4.6
37228 2   4.1   3.8   4.7   3.7   2.5   2.8   3.5   3.2   2.6   3.3   4.7   4.3
37228 3   3.7   4.0   4.5   3.3   2.7   2.8   3.4   3.1   2.8   4.3   5.0   4.1
37470 1   6.0   5.7   6.0   5.2   5.3   7.4   9.0   9.5   8.5   6.3   4.9   5.7
37470 2   5.8   5.8   6.2   4.8   6.0   8.0   9.4   9.7   7.6   6.1   5.4   5.9
37470 3   5.7   5.9   6.0   5.0   6.6   8.3   9.7   9.0   7.2   5.4   5.4   6.2
37472 1   5.6   5.1   5.8   5.4   5.4   7.2   8.7   9.2   8.1   6.0   5.1   5.6
37472 2   5.3   5.5   6.1   4.9   6.0   7.8   9.1   9.4   7.3   5.9   5.6   5.8
37472 3   5.2   5.6   6.0   5.1   6.4   8.1   9.6   8.8   6.9   5.5   5.7   5.9
37663 1   3.7   3.6   4.2   5.1   5.2   6.0   7.1   7.4   6.4   5.2   5.2   4.4
37663 2   3.6   3.8   4.6   5.1   5.2   6.5   7.4   7.3   5.7   5.0   5.0   3.9
37663 3   3.5   3.8   4.8   5.3   5.4   6.6   7.6   6.8   5.3   5.4   4.8   3.7
31152 1   0.3   0.4   0.9   2.2   4.0   4.8   6.1   6.2   5.3   4.1   1.4   0.4
31152 2   0.3   0.5   1.2   2.9   4.2   5.0   6.2   5.7   5.1   3.1   0.8   0.3
31152 3   0.3   0.6   1.7   3.6   4.5   5.3   6.2   5.5   4.8   2.3   0.6   0.3
