20069 1945 2014
20087 1936 2012
20292 1936 2012
20476 1977 2012
20667 1934 2014
20674 1936 2014
20744 1936 2014
20891 1928 2014
20982 1936 2014
21432 1936 2014
21802 1936 2014
21908 1942 2014
21921 1909 2014
21931 1936 2014
21946 1944 2014
21982 1926 2014
22113 1936 2014
22165 1915 2014
22217 1912 2014
22235 1932 2014
22471 1966 2014
22520 1916 2014
22550 1881 2014
22619 1966 2014
22641 1936 2014
22676 1959 2014
22768 1884 2014
22802 1945 2014
22820 1936 2014
22837 1881 2014
23022 1936 2014
23032 1914 2014
23058 1959 2014
23074 1906 2012
23205 1926 2014
23242 1936 2014
23256 1936 2014
23274 1936 2014
23324 1904 2014
23330 1882 2014
23383 1939 2014
23405 1892 2014
23445 1959 2014
23463 1959 2014
23472 1960 2014
23552 1936 2014
23631 1936 2014
23662 1947 2014
23678 1911 2014
23711 1888 2014
23724 1936 2014
23734 1936 2014
23867 1936 2014
23884 1936 2014
23891 1936 2014
23914 1888 2014
23921 1934 2014
23933 1892 2014
23955 1936 2014
23966 1955 2014
23986 1941 2014
24125 1937 2014
24136 1938 2014
24143 1937 2014
24266 1885 2014
24329 1940 2014
24343 1936 2014
24382 1937 2014
24507 1928 2014
24606 1951 2014
24641 1898 2014
24661 1938 2014
24671 1966 2014
24688 1943 2014
24713 1914 2014
24738 1936 2014
24790 1937 2014
24817 1936 2014
24908 1932 2014
24959 1888 2014
24966 1897 2014
24967 1942 2014
25062 1959 2014
25138 1936 2014
25173 1936 2013
25206 1936 2014
25248 1944 2014
25282 1967 2014
25325 1936 2012
25356 1946 2014
25378 1955 2014
25399 1966 2014
25400 1936 2014
25428 1944 2014
25503 1936 2014
25538 1966 2012
25551 1894 2014
25563 1898 2014
25594 1936 2013
25677 1959 2013
25705 1955 2014
25745 1950 2014
25927 1936 2014
25932 1949 2013
25954 1929 2012
25956 1936 2014
26063 1881 2014
26157 1966 2014
26275 1936 2014
26359 1966 2014
26781 1944 2014
26997 1959 2014
27037 1938 2014
27051 1883 2014
27333 1925 2014
27459 1881 2014
27595 1881 2014
27612 1948 2014
27648 1886 2014
27675 1891 2014
27707 1959 2014
27823 1936 2014
27857 1881 2014
27995 1904 2014
28009 1959 2014
28064 1936 2014
28138 1888 2014
28224 1882 2014
28255 1936 2014
28275 1884 2014
28418 1923 2014
28434 1936 2014
28493 1936 2014
28552 1936 2014
28573 1936 2014
28666 1936 2014
28698 1916 2014
28704 1936 2014
28722 1900 2014
28748 1936 2014
29111 1913 2014
29231 1936 2014
29263 1884 2014
29282 1930 2014
29313 1927 2014
29328 1936 2014
29379 1988 2014
29570 1914 2014
29594 1925 2014
29612 1900 2014
29645 1955 2014
29752 1933 2014
29789 1936 2014
29866 1910 2014
29939 1936 2014
30054 1928 2014
30089 1939 2014
30230 1892 2014
30252 1959 2014
30309 1901 2014
30372 1938 2014
30385 1938 2014
30393 1936 2014
30433 1932 2014
30521 1937 2014
30554 1936 2014
30612 1936 2014
30636 1898 2014
30650 1936 2014
30673 1910 2014
30710 1882 2014
30758 1890 2014
30777 1936 2014
30844 1936 2014
30879 1881 2014
30925 1895 2014
30935 1913 2014
30949 1927 2014
30965 1901 2014
31004 1937 2014
31088 1891 2014
31137 1962 2014
31168 1931 2014
31174 1924 2014
31253 1909 2014
31329 1914 2014
31369 1881 2014
31416 1936 2014
31439 1936 2014
31478 1966 2014
31707 1936 2014
31770 1913 2014
31829 1936 2010
31960 1914 2014
31961 1911 2014
31989 1959 2014
32027 1936 2014
32061 1881 2014
32076 1936 2014
32098 1908 2014
32099 1949 2014
32150 1947 2014
32165 1947 2014
32213 1966 2014
32252 1936 2014
32287 1932 2014
32389 1914 2014
32477 1937 2014
32509 1936 2014
32562 1966 2014
32618 1899 2014
34110 1889 2014
34123 1918 2014
34152 1958 2014
34163 1881 2014
34186 1936 2014
34579 1936 2014
34720 1905 2014
34740 1939 2014
34866 1937 2014
34880 1881 2014
34927 1938 2014
34949 1966 2014
35011 1959 2014
36038 1901 2014
36064 1931 2014
36096 1943 2014
36229 1936 2014
36259 1934 2014
36307 1949 2014
37001 1959 2014
37061 1924 2014
37107 1936 2014
37126 1959 2014
37228 1881 2014
37470 1936 2014
37472 1882 2014
37663 1910 2014
31152 1939 2014
