22113                       10        15   25   25   32   45   37   44   58   57   65   62   64   73   68   70   73   60   45   39   25                      126  175   67
22165                        7             14   14   17   20   19   25   26   27   26   29   30   31   33   34   33   33   29   27   23                       76  135   50
22471                        9    9   11   12   17   21   23   27   31   31   34   38   38   40   42   42   39   36   26   25   17                            69  110   38
22619                            10   11   14   18   22   26   31   35   39   43   48   49   51   54   52   48   40   29                                      75  104   31
22676                        6    8   10   12   18   22   26   30   34   37   41   45   47   48   49   47   42   33   24                                      74  103   27
22768                             7   10   12   17   19   24   29   32   35   38   43   45   46   46   44   36   26   18                                      67   88   23
22802                                  6    9   11   15   19   25   29   31   37   43   46   48   45   45   41   28   18                                      74  163   29
22837                             7   10   10   14   18   22   26   28   31   35   37   40   43   40   40   34   23   12                                      63  114   20
23256                       11             20             24             27             27        33   27   32   30   25   21   23   19                       58   84   38
23324                   8   12   16   21   26   28   30   34   37   39   40   42   43   46   47   48   49   50   49   44   41   35   31                      116  142   86
23330                   9   14   17   22   26   28   31   34   36   39   39   42   43   42   43   44   44   46   46   43   39   36   28                      100  150   59
23405                   7   10   13   16   17   21   27   29   33   37   39   44   47   47   49   52   52   49   44   33   29   31                            76  100   39
23711                   7    7   14   17   22   32   35   42   47   53   57   61   65   68   70   71   71   67   57   40   29   17                            98  140   56
24688                   6    9   11   14   16   18   20   22   24   24   25   26   28   30   31   31   32   31   29   27   21   16                            38   64   25
25563                       10             18             20             22             24   24   24   24   25   25   23   21   17                            58   80   30
26157                                       3    6    8    9   12   13   13   17   20   20   22   21   20   13    9                                           37   74   15
26275                                       6   11   10   14   15   16   16   21   24   23   26   23   22                                                     46   84   11
26359                                  4    6    8    8   10   13   15   16   19   21   23   25   22   21   12                                                46   84   15
26997                                       5    5    7   10   11   13   15   17   17   19   19   18   16                                                     36   70   15
27051                             9   11   13   21   23   26   33   39   43   49   51   53   55   56   54   46   35   26                                      73   98   38
27333                             6    6    6   13   13   18   23   27   30   35   36   37   39   38   38   28   23   12                                      66  110   23
27648                                       9   10   11   14   18   22   24   28   29   31   34   31   31   27   20                                           54   90   25
27675                                  4    5    6    8   11   14   16   18   21   23   25   26   26   25   23   17                                           42   66   19
27707                                  4    6    5    7    9   10   14   16   17   17   20   19   20   18   15   13                                           45   97   19
27823                                       6    5    7   11   13   16   19   22   24   26   28   27   24   20   12                                           52  132   19
27995                                  5         8   11   12   15   19   22   22   27   26   27   28   27   21   15                                           55   75   35
28224                        4    8   13   15   20   25   28   33   43   45   48   54   54   54   57   54   45   36   18                                      81  112   55
28418                             6   10   13   17   23   25   30   36   40   44   47   48   51   52   51   44   35   19                                      87  123   53
28493                             7    8   13   16   21   24   28   33   35   37   41   41   42   44   44   36   29   19                                      71   98   40
28573                             7    8   11   13   17   20   21   24   26   29   31   32   33   33   35   30   23                                           56   75   37
28698                             4    8   11   15   18   21   25   28   29   32   35   35   37   38   37   24   15                                           62   87   39
28704                                  6    7    9   12   13   18   22   26   28   31   34   36   36   36   31   26                                           67  113   40
28748                             4    6    7   10   11   14   16   19   21   22   23   24   24   24   21   15   10                                           59   94   29
29313                            11   12   16   20   26   29   34   37   40   42   45   48   48   50   49   43   36   24                                      68   95   44
29328                        5    8   10   15   18   23   26   31   34   37   39   41   41   42   43   43   37   31   19                                      68  115   41
29570                        3    6    8   10   13   15   15   16   17   17   17   19   19   19   17   17   12   10                                           61  135   31
29594                   3    4    6    8   11   15   19   20   22   25   27   26   30   29   29   28   26   17   12    8                                      62  110   34
29612                             4    7   10   14   17   19   22   26   26   27   30   29   30   31   30   21   15                                           54   75   34
29866                                  7    6    7    8    9    9   11   12   11   11   11   11   10    7                                                     29   48   14
29939                             4    9   11   13   21   21   26   34   32   35   39   39   41   42   37   27   20                                           71  120   39
30054                        8   13   20   28   35   39   45   49   54   58   60   64   64   66   68   65   61   56   45   36                                 94  130   57
30230                        5    8   12   19   23   27   34   36   38   40   43   46   47   48   48   49   45   40   31                                      71   98   49
30612                        3    2    4    6    9   14   15   17   20   20   21   23   23   23   23   22   19   11    6                                      44   60   25
30650                   4    3    5    5    6    7    9    9   11   12   12   13   13   14   13   13   13   11    8    5    7    6                            23   40    8
30777                        4    5    6    8   10   11   12   14   15   15   15   17   16   17   16   13    7    4    4                                      28   37   15
30879                        4    6    6    7    9   11   13   14   16   15   16   18   18   18   19   18   14   10    5                                      28   42   11
30935                        3    3    3    4    5    8    9   10   12   13   13   14   13   12   11    7         2    3                                      24   48    9
30949                        4         3    3         4    2    3    4    3    3    4    4         3    3         5    3                                      11   28    3
30965                        2    3    3    3    4    5    6    6    8    7    8    8    8    8    7    4         3    3                                      23   39   13
31088                                                     24             28             31   33   33   37   37   38                                           66  126   23
31478                       13   21   30   32   36   39   40   41   42   42   44   45   45   46   48   48   47   48   44   34   26                            77  137   49
31961                                       7    9   11   12   12   14   14   13   12   13   13   13   10                                                     36   58   11
32061                                 10   17   21   31   38   42   47   49   53   58   60   59   65   63   57   55   42                                      99  147   70
32287                            15   20   25   28   31   32   31   35   34   35   36   35   37   37   35   35   32   30   28   28                            66   93   39
32477                                 22   30   37   42   48   51   57   57   60   63   66   68   69   70   72   67   59   45   42                           120  160   83
32562                                 18   23   29   35   43   46   48   51   54   55   58   60   60   61   63   55   49   43   37                           121  180   55
34152                                       7    8   11   13   15   18   21   25   26   27   27   28   25                                                     53   90   24
34163                                            8    9   10   12   14   17   20   22   21   23   24   24   18   15                                           44   72   20
34186                                       7    7   10   11   14   17   19   20   23   23   24   25   23        19                                           50   73   32
34740                                                 6    6    5    8    7    8    9    9    8    7    6                                                     28   71    7
35011                                  5    5    6   10   11   14   18   18   20   24   22   23   23   18   11   10                                           50   82   27
36038                             7   10   13   15   20   21   23   28   26   27   31   31   34   34   34   26   18                                           66  153   22
36229                                  6    8   11   13   15   17   20   21   22   23   23   22   20   17   10    8                                           36   65   15
36259                                  4    5    4    4    5    5    5    6    6    6    6    6    5    5                                                     20   40    4
36307                                  5    7    9   11   12   14   15   15   16   16   17   17   17   17   16   12                                           24   35   13
37126                                  8    8    9   11   12   11   12   14   16   17   18   16   17   19   16                                                44  120   10
