20069 1977 2013
20087 1977 2012
20476 1977 2012
20667 1977 2014
20674 1976 2014
20891 1976 2014
20982 1976 2014
21432 1976 2014
21802 1976 2014
21908 1976 2014
21921 1976 2014
21931 1976 2014
21946 1976 2014
21982 1984 2014
22113 1976 2014
22165 1976 2014
22217 1976 2014
22235 1976 2014
22471 1976 2014
22520 1976 2014
22550 1976 2014
22619 1976 2014
22641 1976 2014
22676 1976 2014
22768 1976 2014
22802 1976 2014
22820 1976 2014
22837 1976 2014
23022 1976 2014
23032 1977 2014
23058 1976 2014
23074 1976 2012
23205 1976 2014
23242 1976 2014
23256 1976 2014
23274 1976 2014
23324 1976 2014
23330 1976 2014
23383 1976 2014
23405 1976 2014
23445 1976 2014
23463 1976 2014
23472 1976 2014
23552 1976 2014
23631 1976 2014
23662 1976 2014
23678 1976 2014
23711 1976 2014
23724 1976 2014
23734 1976 2014
23867 1976 2014
23884 1976 2014
23891 1976 2014
23914 1976 2014
23921 1976 2014
23933 1976 2014
23955 1976 2014
23966 1976 2014
23986 1976 2014
24125 1976 2014
24136 1976 2014
24143 1976 2014
24266 1976 2014
24329 1976 2014
24343 1976 2014
24382 1976 2014
24507 1976 2014
24606 1976 2014
24641 1976 2014
24661 1976 2014
24671 1976 2014
24688 1976 2014
24713 1976 2014
24738 1976 2014
24790 1976 2014
24817 1976 2014
24908 1976 2014
24959 1976 2014
24966 1976 2014
24967 1977 2014
25062 1977 2014
25138 1976 2014
25173 1976 2012
25206 1976 2014
25248 1976 2014
25282 1977 2014
25325 1976 2012
25356 1976 2014
25378 1976 2014
25399 1977 2014
25400 1976 2014
25428 1976 2014
25503 1976 2014
25538 1976 2012
25551 1976 2014
25563 1976 2014
25594 1976 2012
25677 1976 2012
25705 1976 2014
25745 1976 2014
25927 1976 2014
25932 1976 2012
25954 1976 2012
25956 1977 2014
26063 1976 2014
26157 1976 2014
26275 1976 2014
26359 1976 2014
26781 1976 2014
26997 1976 2014
27037 1976 2014
27051 1976 2014
27333 1976 2014
27459 1976 2014
27595 1976 2014
27612 1976 2014
27648 1976 2014
27675 1976 2014
27707 1976 2014
27823 1976 2014
27857 1976 2014
27995 1976 2014
28009 1977 2014
28064 1976 2014
28138 1976 2014
28224 1976 2014
28255 1976 2014
28275 1976 2014
28418 1976 2014
28434 1976 2014
28493 1976 2014
28552 1976 2014
28573 1976 2014
28666 1976 2014
28698 1976 2014
28704 1976 2014
28722 1976 2014
28748 1976 2014
29111 1976 2014
29231 1976 2014
29263 1976 2014
29282 1976 2014
29313 1976 2014
29328 1976 2014
29379 1988 2014
29570 1976 2014
29594 1976 2014
29612 1976 2014
29645 1976 2014
29752 1976 2014
29789 1976 2014
29866 1976 2014
29939 1976 2014
30054 1976 2014
30089 1976 2014
30230 1976 2014
30252 1976 2014
30309 1976 2014
30372 1976 2014
30385 1976 2014
30393 1976 2014
30433 1976 2014
30521 1976 2014
30554 1976 2014
30612 1976 2014
30636 1976 2014
30650 1976 2014
30673 1976 2014
30710 1976 2014
30758 1976 2014
30777 1976 2014
30844 1976 2014
30879 1976 2014
30925 1976 2014
30935 1976 2014
30949 1976 2014
30965 1976 2014
31004 1976 2014
31088 1976 2014
31137 1976 2014
31168 1976 2014
31174 1976 2014
31253 1976 2014
31329 1976 2014
31369 1976 2014
31416 1976 2014
31439 1976 2014
31478 1976 2014
31707 1976 2014
31770 1976 2014
31829 1976 2010
31960 1976 2013
31961 1976 2013
31989 1976 2013
32027 1976 2014
32061 1976 2014
32076 1976 2014
32098 1976 2014
32099 1976 2014
32150 1976 2014
32165 1976 2014
32213 1976 2014
32252 1976 2014
32287 1976 2014
32389 1976 2014
32477 1976 2014
32509 1977 2014
32562 1976 2014
32618 1976 2014
34110 1976 2014
34123 1976 2014
34152 1976 2014
34163 1976 2014
34186 1976 2014
34579 1976 2014
34720 1976 2014
34740 1976 2014
34866 1976 2014
34880 1976 2014
34927 1976 2014
34949 1977 2014
35011 1976 2014
36038 1977 2014
36064 1976 2014
36096 1976 2014
36229 1976 2014
36259 1977 2014
36307 1976 2014
37001 1976 2014
37061 1977 2014
37107 1976 2014
37126 1976 2014
37228 1976 2014
37470 1976 2014
37472 1976 2014
37663 1976 2014
31152 1976 2014
