20891                     0.15           0.18           0.20           0.24 0.23 0.24 0.23 0.26 0.25 0.25 0.27 0.27 0.25 0.27 0.28 0.27 0.27               
21802                     0.15           0.16           0.18           0.20 0.20 0.20 0.20 0.21 0.21 0.21 0.21 0.22 0.23 0.23 0.24 0.24 0.25 0.28 0.27     
21908                     0.12           0.14           0.14           0.15 0.17 0.16 0.17 0.17 0.17 0.18 0.19 0.21 0.20 0.21 0.21 0.24 0.25               
21921                0.14 0.18      0.17 0.19 0.19 0.19 0.21 0.22 0.21 0.22 0.22 0.22 0.23 0.24 0.23 0.24 0.25 0.25 0.25 0.27 0.27 0.29 0.31               
21931                0.12 0.14      0.15 0.17 0.17 0.18 0.19 0.20 0.19 0.19 0.19 0.20 0.20 0.20 0.20 0.20 0.21 0.21 0.22 0.23 0.23 0.25                    
22217                                    0.16           0.17           0.19 0.20 0.20 0.21 0.21 0.21 0.21 0.22 0.24 0.25 0.27 0.30                         
22235                                    0.14           0.17           0.19 0.20 0.20 0.21 0.21 0.21 0.23 0.23 0.24 0.25 0.27 0.29 0.32                    
22641                                    0.14           0.18           0.19 0.20 0.20 0.20 0.21 0.22 0.23 0.25 0.27 0.29 0.29 0.31 0.31                    
22768                                    0.15           0.17           0.19 0.19 0.20 0.20 0.21 0.22 0.23 0.26 0.29 0.29 0.34                              
22820                                    0.15           0.17           0.20 0.20 0.21 0.21 0.21 0.22 0.23 0.26 0.27 0.28 0.30                              
22837                                    0.16           0.19           0.21 0.22 0.23 0.23 0.24 0.25 0.26 0.29 0.30 0.32 0.31                              
23205                                    0.16           0.18           0.20 0.21                0.22 0.23 0.25 0.25 0.26 0.29 0.31 0.32 0.29               
23274                     0.13           0.17           0.19      0.20 0.20 0.21 0.21 0.22 0.22 0.22 0.23 0.24 0.23 0.25 0.27 0.28 0.31 0.35 0.35          
23383                     0.11           0.15           0.17           0.18 0.20 0.20 0.22 0.22 0.22 0.23 0.24 0.24 0.25 0.26 0.27 0.28 0.29               
23405                     0.13           0.16           0.18           0.19 0.20 0.21 0.21 0.21 0.22 0.22 0.23 0.24 0.25 0.29 0.30 0.32                    
23445                                    0.16           0.18           0.19           0.21      0.22 0.22 0.22 0.24 0.25 0.26 0.28 0.30                    
23463                                    0.15           0.19           0.19 0.20 0.20 0.20 0.20 0.21 0.22 0.22 0.22 0.23 0.25 0.27 0.29 0.31               
23472                     0.14           0.17           0.20           0.21 0.21 0.21 0.22 0.23 0.22 0.24 0.24 0.25 0.26 0.28 0.30 0.33 0.35               
23552                     0.14           0.16           0.24           0.21 0.23 0.22 0.23 0.24 0.24 0.25 0.25 0.26 0.27 0.29 0.29 0.31 0.30               
23631                     0.14      0.16 0.16 0.15      0.17 0.19      0.18 0.19 0.19 0.20 0.21 0.21 0.21 0.22 0.23 0.25 0.29 0.29 0.30                    
23662                     0.13           0.16           0.18           0.20 0.21 0.21 0.22 0.22 0.22 0.23 0.24 0.24 0.25 0.27 0.28 0.31                    
23678                     0.14           0.15           0.19           0.20 0.21 0.22 0.23 0.24 0.24 0.25 0.25 0.26 0.28 0.29 0.30 0.33 0.35               
23711                     0.14           0.16           0.19           0.20 0.22 0.22 0.22 0.23 0.24 0.25 0.26 0.28 0.30 0.34 0.35 0.33                    
23724                     0.15           0.16           0.17           0.18 0.19 0.19 0.19 0.20 0.20 0.21 0.23 0.25 0.27 0.30                              
23734                     0.15           0.17           0.18           0.19 0.20 0.20 0.21 0.21 0.21 0.22 0.24 0.24 0.27 0.30 0.32 0.30                    
23867                                    0.15           0.16           0.18 0.19 0.19 0.20 0.21 0.20 0.21 0.23 0.24 0.27 0.29                              
23884                                    0.15           0.18           0.20 0.22 0.21 0.22 0.22 0.23 0.24 0.25 0.26 0.29 0.32 0.32 0.36                    
23891                     0.12           0.14           0.16           0.18 0.19 0.19 0.20 0.20 0.21 0.21 0.22 0.23 0.24 0.27 0.26 0.27                    
23914                                    0.17           0.22           0.24 0.24 0.25 0.24 0.24 0.26 0.27 0.29 0.32 0.34 0.37 0.38 0.33                    
23921                                    0.17           0.17           0.18 0.19 0.19 0.20 0.20 0.20 0.21 0.23 0.24 0.27 0.28                              
23933                                    0.16           0.18           0.18 0.20 0.20 0.21 0.21 0.22 0.22 0.24 0.25 0.29 0.31 0.30 0.31                    
23955                                    0.16           0.19           0.19 0.20 0.20 0.21 0.22 0.22 0.23 0.24 0.25 0.28 0.32 0.31 0.33                    
23966                                    0.15           0.17           0.18 0.19 0.19 0.20 0.20 0.20 0.21 0.22 0.23 0.26 0.28 0.29 0.27                    
23986                     0.14           0.16           0.18           0.19 0.20 0.20 0.20 0.20 0.21 0.21 0.22 0.23 0.24 0.26 0.29 0.31                    
24125                     0.14           0.17           0.17           0.18 0.18 0.18 0.18 0.18 0.18 0.18 0.19 0.20 0.21 0.21 0.23 0.26 0.25               
24136                     0.13           0.15           0.15           0.16 0.16 0.17 0.17 0.17 0.17 0.17 0.18 0.18 0.19 0.19 0.20 0.22                    
24143                     0.14           0.16           0.18           0.21 0.19 0.19 0.20 0.20 0.21 0.21 0.21 0.22 0.23 0.23 0.25 0.27                    
24266                     0.12           0.12           0.13           0.14 0.14 0.14 0.15 0.15 0.16 0.16 0.16 0.17 0.18 0.19 0.21 0.25                    
24329                     0.14           0.14           0.16           0.16 0.16 0.16 0.17 0.17 0.18 0.18 0.18 0.19 0.19 0.21 0.23 0.24                    
24343                     0.15           0.16           0.17           0.18 0.19 0.19 0.19 0.20 0.20 0.20 0.21 0.21 0.22 0.23 0.25 0.27                    
24382                     0.11           0.14           0.13           0.14 0.14 0.14 0.15 0.15 0.15 0.16 0.17 0.17 0.19 0.20 0.22 0.28                    
24507                     0.12           0.14           0.15           0.16 0.17 0.17 0.18 0.18 0.18 0.19 0.19 0.20 0.22 0.24 0.25 0.27                    
24606                     0.12           0.14           0.15           0.16 0.16 0.17 0.17 0.17 0.18 0.18 0.18 0.19 0.20 0.23 0.26 0.27                    
24641                     0.16           0.14           0.15           0.16 0.16 0.16 0.17 0.17 0.17 0.18 0.18 0.19 0.21 0.24 0.25                         
24661                     0.12           0.15           0.16           0.16 0.17 0.17 0.18 0.18 0.18 0.19 0.19 0.19 0.20 0.23 0.26 0.29                    
24671                     0.12           0.14           0.15           0.15 0.16 0.16 0.17 0.17 0.17 0.17 0.18 0.18 0.20 0.21 0.20 0.23                    
24713                     0.12           0.14           0.16           0.16 0.16 0.16 0.17 0.17 0.17 0.17 0.17 0.18 0.19 0.22 0.25 0.29                    
24738                     0.12           0.14           0.15           0.15 0.16 0.17 0.16 0.17 0.18 0.17 0.18 0.19 0.20 0.23 0.23                         
24790                     0.11           0.13           0.15           0.16      0.17 0.17 0.18 0.18 0.18 0.19 0.20 0.20 0.22 0.22 0.22                    
24817                     0.12           0.14           0.16           0.16 0.17 0.17 0.18 0.19 0.18 0.19 0.19 0.19 0.21 0.27 0.30 0.32                    
24908                     0.15           0.14           0.15           0.16 0.17 0.17 0.18 0.18 0.19 0.20 0.21 0.21 0.23 0.27 0.31 0.33                    
24959                     0.11           0.13           0.14           0.15 0.15 0.15 0.16 0.16 0.17 0.17 0.18 0.19 0.21 0.26                              
24966                     0.12           0.14           0.15           0.16 0.16 0.16 0.17 0.17 0.17 0.18 0.19 0.19 0.22 0.26                              
24967                     0.11           0.12           0.14           0.15 0.15 0.15 0.16 0.16 0.16 0.17 0.18 0.18 0.21 0.26                              
25138                     0.13           0.14           0.15           0.16      0.16 0.17 0.16 0.17 0.18 0.18 0.19 0.19 0.21 0.22 0.26                    
25206                     0.13           0.14           0.15           0.15 0.16 0.16 0.16 0.16 0.17 0.17 0.17 0.18 0.19 0.20 0.23 0.26                    
25325                     0.12           0.14           0.15 0.18      0.15 0.15 0.16 0.17 0.17 0.17 0.18 0.19 0.19 0.20 0.21 0.22 0.26                    
25356                     0.12           0.14           0.15           0.16      0.16 0.17 0.18 0.18 0.19 0.20 0.20 0.21 0.22 0.24 0.29                    
25400                     0.11           0.13           0.15           0.16 0.16 0.16 0.17 0.17 0.17 0.18 0.18 0.19 0.20 0.21 0.22 0.24                    
25428                     0.11           0.14           0.14           0.15 0.15 0.15 0.16 0.16 0.17 0.17 0.18 0.18 0.19 0.21 0.23 0.25                    
25503                     0.12           0.13           0.14           0.15      0.16 0.16 0.16 0.17 0.17 0.18 0.18 0.19 0.21 0.23 0.23                    
25551                0.11 0.12           0.16           0.18           0.20      0.21 0.22 0.23 0.23 0.24 0.25 0.24 0.26 0.27 0.27 0.30 0.30               
25705                     0.13           0.16           0.18           0.18      0.18 0.19 0.19 0.19 0.20 0.21 0.21 0.22 0.25 0.26 0.30                    
27051                                    0.14      0.15 0.17      0.21 0.20 0.21 0.23 0.22 0.23 0.25 0.24 0.26 0.29 0.31 0.32                              
27333                                    0.16           0.18           0.20 0.20 0.22 0.23 0.24 0.25 0.26 0.29 0.31 0.31 0.32                              
28009                                    0.17           0.18           0.19 0.20 0.21 0.21 0.21 0.22 0.22 0.25 0.28 0.30 0.31                              
28064                                    0.15           0.18           0.18 0.19 0.19 0.19 0.20 0.20 0.21 0.23 0.24 0.28 0.29                              
28138                                    0.17           0.20           0.22 0.22 0.23 0.25 0.26 0.26 0.27 0.28 0.28 0.31 0.36 0.37 0.39                    
28224                                    0.16           0.18           0.19 0.20 0.21 0.21 0.22 0.22 0.24 0.26 0.27 0.29                                   
28275                                    0.15           0.16           0.18 0.19 0.19 0.20 0.20 0.21 0.22 0.25 0.27 0.30                                   
28418                                    0.14           0.19           0.21 0.23 0.23 0.24 0.24 0.25 0.25 0.26 0.28 0.28                                   
29111                               0.11 0.15 0.13 0.14 0.16 0.16 0.16 0.17 0.18 0.18 0.19 0.18 0.19 0.19 0.22 0.24 0.27 0.29                              
29231                                    0.14           0.16           0.17 0.18 0.18 0.19 0.19 0.19 0.20 0.22 0.23 0.25 0.29 0.30 0.28                    
29282                                    0.13           0.16           0.17 0.17 0.18 0.18 0.19 0.18 0.19 0.20 0.22 0.24 0.34                              
29313                               0.16 0.17 0.18      0.17           0.18 0.19 0.19 0.20 0.20 0.25 0.25 0.26 0.24 0.26 0.31                              
29570                                    0.15           0.17           0.18 0.19 0.19 0.19 0.19 0.21 0.21 0.23 0.24 0.25                                   
29594                                    0.14           0.16           0.17 0.18 0.18 0.19 0.19 0.19 0.20 0.22 0.24 0.26                                   
29752                     0.17           0.24           0.27           0.30 0.32 0.32 0.33 0.33 0.33 0.33 0.34 0.33 0.34 0.37 0.38 0.40 0.44               
29789                     0.09           0.13           0.14           0.14 0.14 0.15 0.14 0.15 0.15 0.16 0.17 0.17 0.18 0.14                              
30054                     0.10           0.14           0.19           0.19 0.20 0.20 0.21 0.21 0.22 0.23 0.23 0.24 0.26 0.29                              
30089                                    0.12      0.11 0.14 0.12 0.13 0.15 0.15 0.16 0.16 0.17 0.17 0.18 0.18 0.20 0.22 0.24                              
30230                     0.15           0.12           0.15           0.16 0.17 0.17 0.18 0.18 0.19 0.19 0.20 0.21 0.24 0.28 0.29                         
30252                     0.11           0.13           0.15           0.16 0.17 0.18 0.18 0.18 0.18 0.19 0.19 0.21 0.24 0.28                              
30309                     0.12           0.14           0.15           0.17 0.17 0.17 0.18 0.18 0.18 0.19 0.20 0.22 0.26 0.26                              
30372                0.19 0.12           0.13           0.13           0.14 0.13 0.16 0.14 0.17 0.15 0.15 0.17 0.17 0.15 0.20                              
30385                                    0.14           0.13           0.14 0.14 0.14 0.14 0.14 0.15 0.15 0.15 0.17 0.19 0.22                              
30393                     0.19           0.15           0.16           0.16 0.17 0.17 0.18 0.18 0.19 0.19 0.19 0.20 0.21 0.24 0.23 0.26                    
30433                     0.11      0.13 0.15 0.13      0.15 0.15 0.15 0.16 0.16 0.16 0.17 0.17 0.17 0.18 0.20 0.21 0.23 0.25 0.20 0.16                    
30521                               0.24 0.14           0.13           0.14 0.15 0.15 0.15 0.15 0.16 0.17 0.18 0.20 0.23                                   
30554                0.10 0.12      0.23 0.13 0.13 0.13 0.13 0.14 0.14 0.14 0.14 0.15 0.15 0.15 0.16 0.16 0.18 0.17 0.18 0.16                              
30636                               0.14 0.13 0.15 0.16 0.17 0.17 0.19 0.18 0.19 0.19 0.20 0.19 0.20 0.21 0.22 0.25 0.28                                   
30673                0.16 0.12      0.11 0.12           0.15      0.13 0.13 0.14 0.14 0.14 0.14 0.14 0.14 0.16 0.17 0.18                                   
30758                                    0.13           0.14           0.14 0.15 0.15 0.15 0.16 0.19 0.15      0.17 0.14                                   
30844                     0.14           0.14           0.14           0.14 0.14 0.15 0.15 0.15 0.15 0.16 0.19 0.18 0.19 0.15 0.16                         
30925                     0.16      0.17 0.15 0.14 0.15 0.14 0.16 0.15 0.15 0.16 0.15 0.14 0.15 0.16 0.18 0.19 0.14                                        
31137                     0.14           0.15           0.16           0.17 0.17 0.18 0.18 0.18 0.18 0.19 0.19 0.19 0.21 0.23 0.25 0.28                    
31168                                    0.21           0.22           0.23 0.23 0.23 0.22 0.24 0.24 0.24 0.25 0.25 0.28 0.31 0.30 0.35                    
31174                                    0.18           0.21           0.23 0.23 0.23 0.22 0.24 0.24 0.24 0.24 0.25 0.26 0.29 0.32 0.33                    
31253                               0.15 0.16 0.16 0.16 0.16 0.16 0.17 0.17 0.17 0.17 0.17 0.17 0.17 0.18 0.18 0.18 0.22 0.22                              
31329                                    0.16           0.15           0.16 0.16 0.17 0.17 0.18 0.17 0.18 0.19 0.22 0.25 0.24                              
31416                                    0.14           0.15           0.15 0.15 0.16 0.16 0.17 0.18 0.17 0.19 0.22 0.23 0.27                              
31439                                    0.14           0.17           0.19 0.19 0.20 0.20 0.20 0.21 0.21 0.22 0.24 0.26 0.28                              
31829                                                   0.20           0.18 0.19 0.20 0.19 0.18 0.21 0.22 0.23 0.25 0.28 0.24                              
32027                                    0.16           0.18           0.19 0.20 0.20 0.22 0.21 0.22 0.23 0.24 0.25 0.28 0.29                              
32150                                    0.15           0.19      0.22 0.21 0.24 0.23 0.24 0.24 0.25 0.26 0.28 0.31 0.32 0.34                              
32389                                    0.17 0.19 0.19 0.19 0.19 0.21 0.22 0.21 0.23 0.23 0.24 0.25 0.26 0.28 0.30 0.31 0.34 0.34 0.36                    
34123                                                   0.16           0.19 0.21 0.22 0.22 0.24 0.26 0.28 0.29                                             
36064                                    0.16           0.17           0.21 0.20 0.21 0.22 0.21 0.23 0.23 0.25 0.24 0.24                                   
31152                                    0.16           0.17           0.18 0.18 0.18 0.18 0.19 0.19 0.19 0.20 0.21 0.23 0.27                              
