20069   1   3   5   9  12  15  17  17  17  19  20  20  20  22  22  23  24  25  26  27  28  29  30  32  33  34  35  35  28  13  38  65  14
20087   1   3   5   9  12  14  15  16  17  20  20  22  23  24  25  26  26  27  28  29  30  32  33  36  37  38  41  43  40  29  44  70  16
20476       1   1   3   5   7   7   8   9   9  10  11  12  12  13  13  13  14  14  15  16  16  18  20  21  23  24  20  11   2  27  52   5
20667               3   6  11  14  18  21  24  28  30  30  33  35  38  40  42  44  46  48  51  54  58  59  60  60  54  37  16  62  90   1
20674           2   5   9  12  15  17  19  19  20  20  20  19  19  20  20  21  22  23  24  25  27  29  31  32  31  24  14   4  35  84  17
20891       1   3   6  11  14  17  20  22  24  25  26  27  29  31  34  35  37  38  40  42  42  42  41  38  29  15   2          47  79  26
20982       1   3   8  14  18  23  27  31  34  37  40  42  45  50  53  55  57  60  63  64  65  66  67  69  65  56  30   7   1  75 114  30
21432   1   2   4   6   7   8   9   9   9   9  10  10  11  12  12  13  13  13  12  13  13  13  14  14  14  14  13   9   2      19  40   7
21802           2   5  10  13  16  17  19  21  22  24  24  25  26  27  28  29  31  31  32  34  34  34  34  32  26  14   2   1  38  99  11
21908       1   3   6  11  16  20  23  25  27  28  29  31  32  33  34  36  36  37  38  40  41  41  39  35  25  13   1          45  65  26
21921           3  11  19  24  28  29  31  33  35  36  36  37  39  40  41  42  43  45  48  49  49  47  42  31  12   1          55  96  31
21931           2   5  10  12  16  18  19  20  20  20  21  22  22  23  24  25  25  25  26  26  26  24  17   9   2   1          32  51  16
21946       1   3   6  10  14  17  20  21  23  24  25  27  28  30  32  34  35  37  38  39  41  41  41  40  36  23   7   1      46  81  26
21982               1   2   4   4   6   6   6   6   6   6   7   6   7   7   7   7   8   8   8   8   8   8   8   5   2          14  39   4
22113                   2   6   8  11  14  16  20  22  24  25  26  27  26  26  29  28  28  25  18  10   4   1                  41  68  16
22165                   1   3   5   7  12  15  18  26  31  37  41  43  48  53  58  63  65  68  69  67  59  45  26   8   1      76 139  33
22217                   1   3   6  10  15  20  24  30  36  41  47  53  55  58  61  62  61  56  42  21   4                      66 100  41
22235                   2   6   8  12  17  22  27  31  36  39  43  47  50  52  55  57  59  59  51  38  20   6   1              62  91  34
22471               1   3   5   8  10  14  18  23  29  33  36  40  43  46  47  50  50  50  45  33  18   7   2                  55 108  32
22520                       1   3   5   9  10  13  15  17  19  22  24  26  27  28  28  26  19  12   5   2   1                  34  72  14
22550                   2   5   7  10  14  18  22  27  31  34  38  41  44  46  48  48  44  34  18   6   1   1                  52  66  33
22619                   1   2   3   5   9  11  16  20  24  28  32  37  40  43  44  45  43  34  22  10   2                      51  78  25
22641                   1   3   6   9  14  17  21  26  31  35  40  45  48  50  51  51  47  33  15   4                          56  78  30
22676                   2   4   6   9  14  20  25  30  35  40  44  48  50  52  54  54  52  40  24  11   1                      58  89  32
22768                   1   3   5   8  13  17  22  28  33  38  42  47  51  53  53  52  48  34  16   5                          59  88  38
22802                       1   3   4   7   9  15  20  24  28  34  40  43  45  45  45  41  29  11   2                          52  93  18
22820                       1   4   7  10  12  15  20  23  24  28  33  35  36  36  37  33  13   5   1                          42  64  25
22837                       2   6   8  11  14  18  22  26  28  31  34  36  38  37  34  29  15   4   1                          45  74  23
23022                   1   2   4   5   7   7   7   7   7   8   8   9  10  10  10  11  12  13  12  13  13  11   7   4   1      30  48  17
23032               1   3   5   8  10  11  12  12  12  12  13  13  14  15  15  16  17  17  18  19  19  18  16  12   6   1      24  50  11
23058           1   3   8  14  21  27  30  32  34  36  36  37  38  39  40  40  41  41  43  44  45  45  43  39  28  11   1      50  75  30
23074           1   6  11  20  29  36  43  47  52  57  60  62  67  70  72  74  77  80  81  82  83  81  80  73  52  18   2      91 153  38
23205               1   3   7  11  14  19  25  29  34  40  44  47  50  54  55  57  60  62  63  58  46  33  18   7   1          67  90  36
23242               2   6  14  21  25  28  32  35  39  40  43  45  47  50  51  53  56  58  60  61  58  58  52  37  16   2      68  93  34
23256               3   6  11  17  21  24  27  30  33  33  35  36  38  40  42  44  47  49  51  52  48  45  35  19   5   1      58 112  20
23274           1   4  10  18  26  31  39  44  47  53  56  60  63  68  71  73  76  78  80  81  80  75  67  52  24   3          87 135  47
23324               2   6  11  15  20  23  27  30  33  37  39  40  42  44  47  48  50  51  50  44  31  20  10   5   2          57  84  33
23330           1   2   5  10  16  21  24  28  32  34  37  40  43  45  46  46  49  49  50  50  46  38  31  20  10   2          58 119  32
23383           1   4  10  18  24  31  37  42  47  52  54  57  61  64  66  67  70  70  71  69  68  63  58  45  21   3          75 111  42
23405               1   4   7  12  15  21  28  32  38  44  49  54  59  63  65  67  70  70  65  53  32  15   5   1              74 127  39
23445           1   2   6  12  20  27  33  38  42  48  52  56  60  64  67  69  71  73  75  77  72  57  44  23   9   1          82 118  56
23463           1   3   9  18  26  34  41  47  52  58  61  65  68  71  74  76  78  79  81  82  77  67  54  36  13   1          86 111  62
23472           1   3   9  17  26  34  44  50  57  64  68  73  78  84  87  90  95  97  99  98  93  81  63  34   8             105 151  64
23552           1   2   5  11  18  24  31  37  43  49  53  57  61  65  68  72  74  76  77  81  75  62  46  25   7              84 147  53
23631               2   4   9  15  20  25  31  35  39  44  47  50  54  57  57  59  61  61  58  49  31  18   6   1              68  99  40
23662           1   2   5  12  20  28  36  42  47  53  57  61  65  69  70  73  75  77  78  77  69  55  38  17   5              83 114  55
23678               1   6  13  19  29  38  46  53  59  64  69  74  78  82  84  86  87  89  86  76  59  37  13   3              94 138  67
23711               1   2   6  11  16  23  33  39  44  51  58  62  66  71  73  75  75  74  64  46  22   6                      80  99  50
23724               1   3   6  12  15  19  26  30  34  41  46  48  51  54  55  55  55  52  42  27  12   2                      62  94  35
23734           1   2   5  10  17  25  32  39  45  50  57  62  66  68  72  74  76  77  76  74  61  39  19   3                  81 107  50
23867               1   3   6  11  18  24  30  36  40  45  49  52  54  58  60  60  62  61  55  41  25  12   2   1              65  88  37
23884               1   4  10  19  29  39  47  55  61  68  73  78  82  84  87  88  88  87  82  68  49  26   5   1              93 124  70
23891               2   6  15  25  33  41  47  53  58  63  67  71  73  75  78  80  81  82  80  70  53  30   7                  87 118  60
23914           1   1   2   4   9  15  22  31  37  45  54  62  67  74  78  81  83  83  81  67  42  18   3                      89 119  53
23921               1   3   4  10  14  17  23  26  28  33  38  39  43  45  46  47  45  42  31  15   6   1                      53  88  29
23933               1   2   5   8  13  17  23  28  32  37  41  45  48  51  53  54  54  52  42  24   9   2                      59  85  39
23955               1   3   6  10  15  21  26  31  35  38  42  45  47  49  50  51  51  50  41  26  12   4                      54  68  40
23966               1   4   9  16  24  33  40  46  51  56  60  64  67  70  72  73  74  73  69  55  36  19   3   1              77 107  57
23986           1   4  11  18  28  38  47  55  61  66  70  73  77  82  86  89  92  97  99 102  96  80  59  25   3             110 163  59
24125           3   5   9  13  17  22  25  27  28  30  31  32  34  36  38  38  39  41  42  43  45  45  42  34  17   3          51  81  29
24136           1   5  10  14  19  22  25  27  29  31  31  32  34  36  36  37  38  40  40  40  38  34  25  13   4              43  62  27
24143       1   1   7  16  19  22  25  26  29  31  33  34  36  37  38  40  41  43  45  45  46  44  40  33  18   6   1          51  84  24
24266           1   2   5   8  10  13  14  15  17  18  19  20  21  22  23  23  24  24  24  23  19  11   3                      26  36  15
24329           2   5   9  14  18  20  23  25  26  28  29  30  32  33  34  35  35  36  35  35  34  28  19   8   2              39  53  27
24343           1   6  14  20  25  28  31  33  36  38  40  41  42  44  45  46  48  49  51  52  51  45  35  16   3              56  90  29
24382       1   2   4   6   8  10  12  14  15  16  17  18  19  21  22  23  24  24  23  21  20  17  12   5   1                  27  49  11
24507               3   6  12  17  21  26  30  32  36  37  39  41  44  45  46  46  46  45  39  25  12   3   1                  49  63  31
24606           1   3   7  13  18  22  25  28  31  33  35  37  39  40  42  43  43  44  44  41  38  27  14   2                  47  64  32
24641               2   6  11  17  22  27  29  32  34  36  38  40  42  43  44  45  46  45  42  34  19   6                      49  72  31
24661           2   7  17  23  27  29  31  32  32  33  35  35  35  35  35  36  37  37  37  38  34  23   9   1                  50  79  21
24671           1   3   8  12  16  18  19  20  20  21  22  22  23  23  24  25  25  26  26  27  26  21  10   1                  30  48  15
24688           1   2   6   9  12  15  17  19  20  22  23  24  25  27  28  29  30  30  30  29  26  18   7   1                  32  52  15
24713               2   7  12  18  23  26  29  31  34  36  38  40  42  43  44  46  47  46  45  39  29  16   3                  50  66  29
24738               1   4   9  14  18  22  25  28  30  32  34  36  38  39  40  41  42  41  38  29  14   2                      44  60  30
24790       1   2   5   8  12  14  15  16  17  18  18  19  19  20  19  19  19  19  19  18  16  11   6   2                      26  43   9
24817               2   5  10  17  22  27  31  34  37  39  41  44  46  48  49  50  51  50  48  41  31  15   2                  54  75  34
24908               2   4  10  16  21  26  31  35  40  42  45  48  50  52  53  54  54  53  50  40  26  11   1                  57  83  41
24959               1   4   8  13  17  19  22  23  25  26  28  29  31  32  33  33  34  33  31  23   8   1                      35  49  21
24966               2   5  13  18  23  26  29  31  33  35  37  39  41  43  44  45  45  43  37  18   5   1                      48  62  34
24967               1   5   8  12  18  20  22  25  27  29  31  33  34  36  37  37  37  36  34  27  13   2                      39  62  24
25062       1   2   3   7  11  13  16  16  18  21  22  24  25  27  27  28  29  30  30  30  31  32  34  35  32  22   8   2      39  59  20
25138       1   2   4   7  10  12  15  18  19  21  23  25  26  27  28  29  29  30  31  31  30  28  22  10   2                  35  49  24
25173       1   3   9  21  31  36  43  48  53  57  58  62  64  67  69  68  71  70  70  67  68  69  67  68  65  50  25   7      84 157  32
25206       1   2   5  10  14  20  23  27  30  32  34  36  38  40  42  45  46  48  49  49  49  45  35  18   4   1              53  77  37
25248           1   3   5   8  11  15  18  22  25  27  32  32  33  34  35  35  36  36  37  36  36  34  30  21   4              45  67  26
25282   1   1   1   2   4   6   9  12  13  15  17  19  21  23  24  27  31  31  34  36  36  38  39  41  41  37  27  12   2   1  45  86  15
25325           1   3   7  11  16  19  22  25  27  30  33  35  36  38  41  41  43  42  41  41  40  38  30  14   2              46  61  34
25356               2   6  10  13  16  17  18  19  21  23  25  27  28  30  31  34  34  34  33  32  31  27  16   4   1          42  79  21
25378               1   2   3   5  11  12  12  13  17  19  19  20  24  27  28  30  30  31  29  29  27  22  13   4              52 121  10
25399   2   2   2   2   3   5   8  15  18  20  22  26  33  37  44  44  50  56  60  62  65  69  71  74  72  66  49  27   9   1  80 140  26
25400       1   3   6  10  14  19  22  25  27  29  31  32  34  36  39  41  43  43  44  43  42  36  23   8   2                  47  68  31
25428           2   4   8  12  17  20  24  26  28  30  32  34  35  36  38  39  39  39  40  40  38  36  25   8   1              44  60  26
25503           2   3   8  11  18  23  26  29  32  35  38  40  43  46  49  50  52  53  52  50  47  43  30  10   1              54  74  30
25538               2   7  11  18  23  27  29  33  38  42  44  45  49  51  51  53  55  57  57  57  58  54  42  14   1          61  91  40
25551               2   7  14  21  27  33  38  42  46  51  55  58  60  63  66  69  70  71  71  71  72  66  40  10              79 104  41
25563           1   1   3   5   5   7   8  10  12  13  15  17  17  18  18  18  19  19  18  19  18  18  13   8   1              26  53  10
25594                   2   2   7  16  19  20  26  31  37  41  45  44  48  51  59  63  65  66  67  66  56  38  16   4          78 145  42
25677               2   4   9  11  15  17  21  26  28  33  38  39  44  47  52  55  54  54  55  54  51  43  31  13   1          68 274  16
25705       1   4  10  18  25  35  41  47  51  55  59  63  67  70  74  78  79  83  84  85  83  77  64  40  13   1              89 123  63
25745               1   7  13  19  25  30  33  37  41  44  44  46  47  48  51  53  53  53  54  54  52  44  22   4              66 100  21
25927                   2   7  12  21  32  41  45  49  50  53  55  57  61  64  70  73  77  79  79  77  71  53  28   6   1      92 193  33
25932                   1   3   7  11  12  16  17  18  18  17  18  19  19  18  16  15  14  16  14  12   8   3                  29  51  10
25954                   1   2   5   9  11  14  15  17  19  22  23  24  26  28  31  33  34  35  32  25  11   2                  41  81  11
25956                   1   2   4   8  12  21  27  30  37  43  48  50  55  59  64  68  76  78  80  78  72  48  18   2          80 147   9
26063                       1   2   3   4   5   9  12  14  15  17  20  21  22  21  17  10   1                                  29  68   9
26157                           1   1   3   4   7  11  14  15  18  22  25  28  26  23  17   5   1                              34  77   5
26275                       1   1   2   4   6   9  11  13  13  16  19  21  21  20  15   9   2                                  29  49   9
26359                       1   1   3   4   6  10  12  15  16  19  23  24  25  24  20  13   4   1                              33  53   9
26781                       1   2   5   6   8  11  13  17  19  22  25  28  30  30  27  21   7   1                              37  62  15
26997                               2   3   4   7   9  10  12  15  17  18  17  16  13   7   1                                  25  55   8
27037                       2   3   5   8  13  17  20  24  27  31  35  37  39  39  36  29  13   3                              44  60  18
27051                   1   2   4   6  11  16  21  27  35  39  44  49  52  55  55  54  50  35  13   3                          61  86  41
27333                       2   3   4   8  11  17  23  30  35  39  43  45  47  47  45  42  25  10   1                          54  99  10
27459                           1   2   3   4   6   9  11  12  14  17  18  19  19  19  18  10   3   1                          46  87   1
27595                       1   3   5   7  11  16  22  28  32  38  42  45  47  48  48  42  24   5                              52  98  16
27612                       1   2   4   5   8  13  16  21  24  29  34  36  38  36  31  23   9   1                              44  67  10
27648                       1   2   3   5   7  12  16  20  23  27  31  34  36  35  31  26  11   1                              41  73  12
27675                       1   1   3   5   7  10  13  16  19  25  28  30  32  31  29  24  11   1                              38  78  12
27707                           1   3   4   5   9  12  13  15  18  21  22  22  20  17  12   5   1                              28  64  10
27823                           1   3   4   5   8  11  14  17  21  25  28  29  29  24  20   8   1   1                          33  62   8
27857                       1   1   3   5   7  12  15  19  20  24  28  29  30  29  24  18   7                                  37  65  17
27995                           1   3   5   8  14  17  21  27  32  36  39  41  41  38  28  11   1                              46  65  23
28009                   1   2   6   9  13  19  24  30  37  43  46  51  54  54  55  56  52  37  16   5                          61  91  34
28064               1   3   4   8  14  18  23  27  31  36  40  42  46  49  50  51  50  48  38  20   8   2                      55  80  34
28138           1   2   4   5  12  19  27  35  43  50  59  66  71  76  78  80  83  87  86  73  48  21   4                      93 150  39
28224                   1   3   8  13  17  25  30  36  43  50  53  58  62  63  64  63  58  39  15   4                          68 106  47
28255                   2   3   6  11  16  22  26  32  39  43  46  51  54  55  56  55  50  32  10   4                          61 102  40
28275                   1   2   5   8  10  15  17  20  24  27  29  32  34  34  35  34  30  19   6   2                          39  60  19
28418                       2   4   8  11  17  22  27  34  40  45  51  55  56  58  58  54  37  13   3                          63 115  24
28434                   1   2   6   9  14  19  22  27  33  37  41  44  47  48  48  46  39  21   6   1                          53  87  22
28493                   1   2   5   8  12  18  22  27  32  37  39  42  45  47  48  49  44  29  10   1                          51  81  21
28552                   1   2   4   7   8  12  14  18  22  25  27  29  31  31  31  28  20   7                                  35  57  20
28573                   1   1   4   8  11  15  19  22  26  30  32  36  39  40  40  40  35  21   4   1                          43  77  26
28666                   1   1   4   7   9  12  15  17  19  19  20  22  23  23  22  21  15   8   1                              28  47  12
28698                   1   2   5   8  13  17  21  25  29  33  36  38  41  42  43  43  33  13   1                              46  71  29
28704                       1   2   3   4   7   9  13  17  20  23  27  30  32  32  30  24  12   3   1                          36  72  14
28722                   1   2   4   6   9  14  17  23  28  32  35  39  43  45  44  43  35  17   2                              49  82  23
28748                   1   1   4   6   8  11  14  17  20  23  24  25  27  28  27  25  14   4                                  32  55  17
29111                   3   5  11  16  21  27  31  35  39  44  46  49  52  54  54  55  52  41  23   9   3                      57  81  37
29231               1   1   4   7  11  17  23  28  33  39  43  45  48  51  53  54  55  52  39  21   7   1                      58  83  36
29263               1   2   5  10  16  23  30  35  40  44  48  51  54  57  58  58  57  51  33  15   4                          61  78  38
29282                   1   3   6   9  13  17  21  23  25  27  29  31  33  34  33  31  25  11   3   1                          37  67  17
29313               1   1   4   8  13  18  24  29  34  39  43  47  49  52  52  52  53  49  35  15   3                          55  71  30
29328               1   1   4   7  11  16  23  29  37  44  50  54  57  60  63  65  67  62  49  27   6   1                      68 105  24
29379                   1   2   6  11  16  21  27  30  34  37  39  42  45  47  48  49  46  35  20   6                          52  98  30
29570               1   1   2   5   8   9  12  14  15  14  14  14  16  17  17  16  15  10   3   1                              28  57  10
29594               1   1   3   5   8  11  14  17  19  21  24  24  25  26  25  23  21  15   5   2                              30  53  16
29612                   1   2   5   8  13  18  21  24  27  29  30  32  33  33  34  33  24   9   2                              38  71  21
29645                   1   2   5  10  16  25  31  37  42  47  51  54  56  59  60  60  54  36  15   1                          64 108  33
29752       1   4  10  19  28  40  44  43  44  44  47  53  56  59  59  62  62  65  70  74  81  77  65  48  24   8   2          93 199  42
29789           1   1   2   3   6   7   9  10  12  13  14  15  16  16  17  17  16  16  13   7   4   2   1   1                  20  36  10
29866                       1   3   4   6   6   8   9  10  11  11  12  12  11  10   6   2                                      16  28   4
29939                       2   5   9  13  20  25  30  34  38  40  43  46  48  48  45  34  15   3                              55  99  15
30054               1   5  11  19  27  35  41  46  52  56  60  64  67  70  71  71  72  69  61  44  22   4                      75 104  49
30089               1   3   7  11  18  23  26  30  33  36  39  43  45  47  48  49  49  48  45  36  18   3                      50  65  35
30230               1   2   4   8  14  19  24  28  32  33  36  38  40  43  43  42  42  39  30  16   5                          46  66  27
30252                   2   5  10  15  20  24  28  32  35  38  41  43  45  45  45  42  32  15   4   1                          47  68  32
30309                   1   2   6  11  15  20  24  28  31  33  36  38  40  41  42  42  38  24   8   1                          45  67  29
30372           1   2   3   5   7   9  10  10  11  12  12  13  14  14  14  14  14  13  10   5   1   1   1   1                  18  36   7
30385               1   3   5   7  10  11  13  15  16  17  18  19  20  21  22  22  22  20  12   5   1   1                      25  40  16
30393       1   4   7  13  19  23  27  29  32  34  36  38  40  41  43  44  44  45  45  44  42  35  22   9   3                  49  84  26
30433                   2   5   8  10  12  14  16  18  21  23  25  27  30  31  32  32  29  20  10   3                          36  57  23
30521                   1   2   5   9  14  18  21  25  28  30  32  34  35  35  34  32  27  13   3                              37  53  28
30554               1   2   3   4   5   6   6   7   7   8   9   9   9   9   9   8   7   5   3   1   1   1                      12  25   5
30612                   1   1   2   5   8  10  13  16  17  19  20  21  22  23  22  20  15   5   1                              24  37  13
30636                   1   2   7  13  21  27  33  38  41  42  42  42  42  41  41  39  33  18   6                              49  80  35
30650                   1   1   4   5   7   8   9  10  12  13  14  14  15  15  15  14  12   8   4   3   1                      18  41   4
30673               1   2   4   6   8   9  11  11  12  14  14  15  15  15  16  14  11   5   1   1   1                          19  34   7
30710                   1   2   5   8  11  14  18  21  23  25  26  28  29  29  26  20   9   1   1   1                          31  50  18
30758                       1   2   3   4   4   6   6   7   7   8   7   7   6   4   1       1                                  11  20   3
30777                       1   4   5   7   9  10  11  13  13  14  14  14  15  14  10   5   1                                  17  28  10
30844                   1   2   3   5   6   7   7   8   8   8   8   8   8   7   5   3   1   1       1                          11  18   6
30879                       3   5   7   9  11  12  13  15  16  16  17  18  18  18  15   9   2   1   1                          21  41   9
30925                   1   1   2   3   4   5   6   7   7   8   8   8   7   5   2   1   1                                      11  21   5
30935                       1   2   4   5   6   8   9  11  11  12  13  13  11   7   3   1                                      15  31   6
30949                       1   1   2   2   3   3   3   3   3   3   3   2   2   1   1   1                                       6  16   1
30965                       1   2   2   3   4   6   6   7   7   8   7   7   7   5   2   1   1                                  10  20   3
31004       1   4   8  16  23  28  35  39  42  46  50  53  57  60  63  66  68  72  74  71  60  35  11   3   2   1              77 103  48
31088               1   3   6  10  13  16  19  20  21  22  24  24  25  26  26  26  28  28  25  19  13   5   1                  38  68  12
31137       2   4   9  14  21  27  30  32  34  37  39  41  42  44  46  47  48  49  49  48  49  49  40  22   7                  56  93  37
31168                   2   5  14  20  24  29  35  37  39  39  44  49  50  50  51  55  59  60  58  51  40  19   7              84 136  29
31174                   3   7  12  21  25  32  39  41  44  48  52  57  58  58  60  62  64  65  65  56  37  15   2              76 139  34
31253               1   3   9  16  19  21  24  25  26  28  28  29  29  30  31  32  33  31  27  20   7   2                      38  54  22
31329                   4  11  20  24  28  30  33  35  36  37  39  40  41  42  43  44  42  33  20   6   1                      50  68  31
31369                   2   5  12  19  28  38  43  48  54  59  64  71  74  73  74  77  80  76  67  46  20   4                  90 142  43
31416                   2   4  10  14  17  20  23  24  25  26  27  29  30  30  30  30  28  22  13   3   1                      38  64  15
31439                       1   5  10  13  18  22  22  23  25  27  28  29  29  29  29  28  21  11   3                          39  85  16
31478               2   6  13  22  26  29  31  33  34  35  35  35  36  37  38  38  39  38  33  26  14   2                      45  64  29
31707                       1   1   4   6   7   7   8   8   8   8   7   7   7   6   5   3   1                                  14  31   3
31770                           1   4  10  17  24  28  33  35  39  43  47  50  51  51  50  39  21   9   3                      63 116  14
31829                               1   3   3   3   3   3   3   2   2   2   2   2   2   3   2   1                               8  34   1
31960                           1   1   2   3   3   4   4   5   5   4   3   4   3   3   1                                      11  37   1
31961                       1   1   2   5   8   9  10  13  13  14  14  12  12   8   5   2                                      23  46   5
31989                                   1   2   2   3   4   4   3   2   3   3   2   2   1   1                                   8  23   2
32027                       1   4   9  14  17  19  22  24  26  29  34  36  37  39  43  48  49  47  36  19   7   2              57 145  20
32061                       1   3   6   9  11  16  20  23  27  31  35  39  42  43  43  41  29  14   3                          49  76  25
32076                       1   4  10  21  30  39  48  56  60  65  71  75  78  82  86  91  89  83  66  46  21   5             104 155  52
32098                       1   2   3   8  14  21  28  35  39  45  52  56  61  62  63  60  47  30  13   3   1                  75 127   7
32099                               2   3   5   8  10  12  11  12  12  13  15  15  14  12  10   8   4   1                      19  69   3
32150                           1   3   8  13  21  29  39  43  45  50  52  54  53  48  38  21   7   2                          62 101  28
32165                               1   2   3   6   8  10  14  16  18  19  20  19  17  14   8   2                              27  57   9
32213                           1   3  10  15  26  35  40  47  53  59  65  68  73  71  73  71  70  61  42  17   3              78 133  25
32252                   1   5  12  22  29  33  38  42  44  45  46  50  52  53  54  54  54  55  50  42  29  12   3              61 100  29
32287                   1   4  13  27  34  42  48  50  52  51  52  52  54  57  58  56  55  50  38  22   7   2                  73 119  39
32389                   1   2   5  15  26  31  39  51  63  72  81  86  93  96  99 101 100  99  89  69  28   4                 112 176  65
32477                       3  11  20  29  37  44  49  54  56  60  62  64  67  71  71  72  68  58  41  18   5                  79 116  55
32509                           1   3   6  11  14  19  21  25  27  29  28  29  32  31  30  27  24  13   4   1                  46 104  15
32562   1   3   4   4   3   3   6  12  20  28  37  42  51  55  62  65  68  70  75  78  78  69  48  22   8   2   2   2   2   2  88 123  42
32618                           1   2   6   9  13  16  19  22  25  29  31  34  35  36  34  31  23  11   4   1                  44  91  10
34110                       1   1   2   3   4   6   8   9  11  13  15  14  14  13  11   6   2                                  20  38   8
34123                           2   3   3   6   8  11  13  15  19  21  22  22  21  18  11   3                                  30  65  10
34152                           1   3   4   7  11  14  16  19  23  26  26  26  25  21  14   4                                  34  62  11
34163                           2   4   4   7  11  14  16  21  26  28  30  33  33  30  21   7   1                              39  63  14
34186                           1   2   3   6   9  12  15  19  23  27  30  33  35  34  25  13   1                              41  82  11
34579                               1   1   2   3   5   6   7   8  10  10   9   6   3   1                                      16  46   2
34720                                   1   1   2   2   3   4   5   5   5   5   5   3   1                                      11  42   3
34740                                   1   1   2   3   4   5   5   6   5   4   3   2   1                                      12  29   1
34866                                   1   1   1   2   3   3   3   4   4   2   1   1   1                                       8  31   1
34880                               1   1   1   1   2   2   2   2   3   2   2   2   2   1                                       8  28   1
34927                                   1   1   2   3   3   3   4   4   3   2   3   1                                          11  40   1
34949                           1   2   3   4   5   5   8   9  10  14  15  11   7   5   1                                      23  72   4
35011                       1   2   4   6   9  12  16  19  23  25  27  28  28  28  24  15   4                                  33  51  15
36038                   1   2   5   9  15  21  26  30  35  37  38  41  45  46  47  44  33  15   2   1                          54 125  18
36064                   1   3   5   8  11  13  15  16  17  17  18  19  21  22  22  20  14   7   4   1                          29  56  14
36096                           2   4   7   9  12  15  17  19  20  21  21  21  19  11   2                                      23  34  14
36229                       2   3   6  10  13  16  18  21  23  24  25  25  26  24  19   9   2   1                              30  57  13
36259                       1   1   2   3   3   4   5   5   5   5   6   6   5   5   3   1                                       8  14   2
36307                       1   2   5   7  10  12  13  15  16  16  17  17  17  16  14   9   2                                  20  28  11
37001                                           1       1   1   1   1   1   1   1                                               5  23   1
37061                               1   1   2   2   4   5   4   5   6   5   3   2   1                                          12  27   1
37107                               2   4   9  11  14  21  30  37  41  37  35  27  18   9   2                                  61 167   7
37126               1       1   2   4   5   6   7   9  10  11  12  14  15  15  16  16  14   9   4   2   1                      24  68   4
37228                           1   2   2   4   5   6   6   7   8   8   8   7   5   3   1                                      16  44   5
37470                               1       1   1   1   1   1   1   2   2   1                                                   7  31   1
37472                           1   2   1   2   2   2   2   2   2   3   3   3   1   1                                          11  34   1
37663                           1   1   1   1   2   2   2   2   2   2   2   2   1   1                                           8  17   2
31152           2   4   8  16  20  26  29  32  36  38  40  44  46  48  51  52  52  52  52  48  40  20   3   1                  57  91  32
