20069                  23   29        41   48   54   61   66   73   80   81   93  100   94  121  120  104  126  129  111  142  146  127  139  122   97     
20087        15             27        33   35             42   36   43   45   47   49   54   62   65   57   75   77   65   86   86   73   85   76   67   44
20292                  34   42                       84   83   93  101   92  106  117  107  124  139  119  137  152  133  153  164  144  153  165  123   98
20476                       15        15   21   16   17   24   22   22   28   26   32   32   37   37   35   42   45   41   46   50   47   39               
20982                  21   33        50   63   71   78   84   94  102  105  106  121  124  126  132  134  133  136  137  143  151  154  126  113          
21946                  13   22        29   37   37   38   51   47   47   59   53   57   71   63   64   76   70   71   79   81   81   75   50               
22113                       26             62            119            160  165  183  186  195  220  207  211  230  206  171  153  107                    
22165                                 29   34   37   53   59   65   75   82   94   95   95  101  108  123  124  118  122  105  105   91   94               
22235                                 22   28   38   48   59   71   77   92   93  100  112  114  122  129  136  141  138  118   90   52                    
22471                       24        31   29   36   46   55   63   71   76   81   93   94  102  112  112  112  110   85   86   78   61                    
22619                                 18   20   31   39   47   58   67   76   86   99  102  107  118  116  115  109   90   71                              
22676                       14        20   23   34   43   53   62   71   77   86   99   99  107  113  110  108   98   80   64                              
22768                       11        21   21   33   39   50   58   68   71   81   92   95  102  106  103   95   76   58   66                              
22802                                 19   24   25   29   41   58   60   73   89   96  114  120  114  122  112   85   62                                   
22837                                 19   26   32   40   50   60   62   69   85   89   90  102   99  100   99   67   44                                   
23022                                                79   83   93  108  104  106                                139  138  138  112  125   94               
23032                  17   15        26   31   33   34   36   36   44   41   40   48   45   51   53   51   52   57   53   53   56   47   43               
23058                  14   25                       82   90  101  114  119  127                                171  174  181                              
23242                                 47   58   66   72   87   97  101  106  110  114  123  123  133  133  138  142  141  132  122  119   97               
23256                       20             38             48             55             57        73   55   67   67   56   54   57   46   34               
23324                  13   23        38   52   57   63   71   78   83   90   97  100  106  107  115  115  122  124  120  116  100   98                    
23330                  15   26        39   48   53   61   69   75   81   84   86   97   97  100   99  103  112  117  113  115  105   96   92               
23405                  14   22        27   33   40   51   58   68   77   83   96  107  107  113  126  124  122  119   96  100   83                         
23711                  14   16        31   43   59   70   91  100  131  129  143  153  163  174  178  181  177  164  132   90   75                         
23914                       28        34   46   67   81  107  124  146  162  182  205  206  218  225  233  221  216  174  117                              
24688                  10   14        19   23   25   27   30   32   33   36   38   41   45   46   47   51   51   50   47   44   47   60                    
24738                   7   12        21   28   34   40   44   48   54   57   61   66   70   70   74   74   74   74   65   50                              
25173                                 58   75   88   88  103  107  106  111  110  110  119  118  138  122  129  124  136  136                              
25282                                 40   41   49   52   52   62   71   69   76   87   86   91  107   95  109  109  100  115                              
25538                                 35   44   53   57   68   72   86   94  102  107  119  127  128  136  135  130  135  136  129   94   53               
25563                       27        36   39   52   51   47   51   41   57   51   68   63   67   66   65   70   65   65   61                              
25927                                                     51             63        49   62   62   77   67   71   79   68   75   78   49                    
25932                                                     61             48             44             42                                                  
26157                                 13   15   20   20   21   28   34   29   40   45   47   54   57   57   35                                             
26275                                 11   14   20   20   25   33   35   35   49   48   51   61   61   62   47                                             
26359                                 13   20   22   23   22   30   34   35   42   50   54   59   59   54   45                                             
26997                                                23   32   36   43   43   49   50   53   60   57   69   65                                             
27037                                 15   17   28   34   44   53   64   68   79   88   89   95  100  104   86   56   18                                   
27051                                 21   22   36   42   58   67   83   93  114  127  125  137  145  137  128  104   74                                   
27333                                 23   21   26   32   42   54   63   72   86   96   99  108  111  108   84   74   37                                   
27648                                 19   18   22   24   35   39   47   54   66   71   79   91   89   90   85                                             
27675                                      14   15   18   28   35   35   43   48   55   62   70   70   72   76                                             
27707                                                21   24   25   31   34   38   44   49   49   55   50   42                                             
27823                                 12   18   22   28   40   36   44   48   57   68   73   77   79   73   57   50                                        
27857                                                21   25   34   43   50   48   62   64   73   71   66   58                                             
27995                                                21   27   32   40   48   51   65   66   75   80   74   74   45                                        
28064                                 24   31   38   44   50   58   68   70   77   89   91   93   99   96   93   87   72   27                              
28224                                 18   30   39   48   57   68   88   96  109  123  125  130  141  138  118  119   62                                   
28255                                 23   28   34   40   51   52   64   69   78   83   88   91   92   90   79   74   75                                   
28275                                 23   30   35   41   48   54   66   76   84   94  102  106  109  114  108   89   84                                   
28418                                 19   23   34   44   52   65   83   98  111  121  125  137  141  141  123  113   87                                   
28434                                 24   30   36   44   51   61   74   82   89  101  105  112  112  114   98   92   63                                   
28493                       17        21   27   34   44   53   63   72   80   86   95  101  103  106  109   97   86   70                                   
28552                                 23   26   28   32   41   48   54   64   70   77   83   90   89   88   77   64                                        
28573                                 20   23   27   34   41   47   51   58   64   72   75   77   81   84   78   67                                        
28666                                 20   23   26   31   37   44   50   57   59   63   66   68   71   71   56   54                                        
28698                                 19   22   30   36   45   54   59   64   72   79   84   86   90   90   65   46                                        
28704                                 21   19   26   29   39   51   56   68   78   90   99  108  108  111  103   94                                        
28722                                 22   27   28   39   45   62   77   86   97  110  110  118  127  123  106   96   62                                   
28748                                 14   16   22   24   35   38   43   46   49   54   57   58   59   53   42                                             
29313                       12        22   34   41   48   55   66   75   82   91   96  104  110  133  135  128  102   72   50                              
29328                       12        21   29   36   43   51   57   67   73   80   88   91   97   98   95  100   95   76                                   
29570                                 17   16   21   22   21   27   29   25   27   32   28   30   31   27   25                                             
29594                       15        20   21   27   32   39   44   51   53   56   65   62   63   68   59   40   40   23                                   
29612                                 17   21   27   34   39   48   57   55   60   72   70   71   76   77   65   48   33                                   
29645                                 19   26   36   47   57   73   81   96  104  113  117  124  129  129  114   91   83                                   
29866                                 26   15   17   18   20   19   23   25   24   23   22   24   23   18                                                  
29939                                 20   24   27   42   42   52   72   69   75   87   85   91  100   93   84   88                                        
30054                  15   13        32   46   58   67   82   92  103  117  126  135  140  146  153  151  143  140  123   98                              
30230                       10        19   30   39   46   60   66   72   78   84   90   94   98  104  107  102   97   81   59                              
30612                                 12   14   16   21   24   28   32   33   36   42   41   41   44   40   39   26   18                                   
30650                                 11   12   11   12   13   14   15   15   16   18   18   18   18   18   16   14   11   15   16                         
30777                                 12   12   14   16   16   19   21   20   22   25   24   25   25   21   18   13   12   15                              
30879                       15        13   14   16   18   19   20   25   25   24   28   30   31   32   30   26   24   12                                   
30935                                  9    8   12   14   15   16   18   20   21   23   23   25   22   26                                                  
30949                                                12             15             14             14             13                                        
30965                                 11   11   11   12   13   12   13   14   13   15   14   14   15   16             11                                   
31088                                                     54             70             84   92   89   94   95                                             
31478                  20   20        38   42   50   59   59   63   66   67   68   74   73   75   82   80   84   89   89   88                              
31707                                      20   26   21   24   26   23   22   19   19   21   18   19   22                                                  
32061                                 19   26   33   55   76   92  112  114  122  142  145  146  167  160  148  149  116                                   
32287                                 36   57   67   83   87   88   99   96  105  109  103  112  115  115  117  102   98  130  205  160                    
32477                                 36   57   80  102  116  128  145  148  153  165  169  173  183  179  190  184  158  133                              
32562                                 33   44   62   84  110  125  131  150  162  160  185  191  188  206  204  180  165  127                              
32618                                                     66            116            177       121  198       159  139  102                              
34110                                                18   20   24   31   34   42   42   46   51   49   47   48                                             
34123                                                26   21   29   38   41   50   55   65   69   70   67   65                                             
34152                                                31   35   41   49   54   68   75   77   79   89   87                                                  
34163                                                23   28   34   41   46   56   60   65   74   76   85   89                                             
34186                                      16   18   25   26   33   39   43   48   56   59   65   70   66   57                                             
34579                                                12   15   16   19   17   20   24   24   27   29   29                                                  
34740                                                14   11   25   25   22   25   29   32   34   26   19                                                  
34949                                                31   29   46   43   39   39   38   42   40   38   16                                                  
35011                                 17   17   25   27   32   42   47   46   52   65   63   66   67   61   42   43                                        
36038                                 29   27   30   47   51   56   69   68   67   77   80   92   93   99   96   69   80                                   
36096                                  7   10   13   16   18   22   27   27   28   31   30   31   32   25                                                  
36229                                 13   17   20   21   26   32   38   40   44   47   46   45   42   38   30                                             
36259                                                12   16   16   16   17   17   17   18   19   17   18                                                  
36307                                                18   18   21   22   23   25   25   27   28   29   30   31   22                                        
37061                                                24   18   20   20   11   16   23   18                                                                 
37126                                                28   25   28   28   33   40   43   55   50   48   58   37                                             
37663                                                17    8   12   10   14   11   17   11   10   16   11                                                  
