20891                       32             56             84            112  100  126  119  136  146  156  160  170  159  167  174  163  108               
21802                       24             37             55             68   73   75   77   81   82   86   91   96   98  104  106  103   92   91   98     
21908                       22             40             53             65   73   71   79   83   85   94  100  110  109  119  102  105   78               
21921                  39   46        70   82   92  100  109  121  119  126  134  130  145  153  153  172  184  181  184  197  192  177  136               
21931                  15   22        36   41   46   54   56   63   69   70   74   81   81   81   86   86   93   94   98   98   90   70                    
22217                                      30             56             90  118  114  129  138  134  145  153  152  142   99   67                         
22235                                      31             64             94  110  113  132  141  138  156  166  164  162  148  126  116                    
22641                                      29             62             97  113  123  126  139  151  156  157  156  143  122  105   73                    
22768                                      18             44             69   80   90   93  103  109  106  104   92   71   48                              
22820                                      26             40             65   74   80   87   89   93   97   99   85   72   54                              
22837                                      22             51             75   89   97  104  109  112  113  108   94   64   44                              
23205                                      40             74            117  127                 173  168  187  188  187  179  159  118   67               
23274                       29             82            136       169  174  199  197  217  231  230  247  266  256  285  291  278  269  178  136          
23383                       23             64            107            125  156  159  182  193  193  214  227  215  232  227  216  188  129               
23405                       28             49             91            125  144  161  164  176  184  190  190  191  177  145  108   99                    
23445                                      52             86            111            150       156  162  165  176  171  160  136  114                    
23463                                      70            131            156  175  176  194  200  204  219  232  233  250  242  234  201  134               
23472                       39             94            155            196  220  220  237  256  257  279  288  291  308  291  266  207  109               
23552                       20             57             97            142  174  163  187  205  206  227  234  233  247  235  202  187  134               
23631                       25        54   52   82        81  112       101  116  126  140  145  148  155  157  160  156  139  124  110                    
23662                       20             62            101            139  165  167  187  195  192  208  212  211  208  196  162  138                    
23678                       27             68            125            172  209  204  231  245  251  265  274  285  284  261  232  177  156               
23711                       20             49             96            141  164  167  188  199  199  211  214  210  187  151  111   54                    
23724                       27             42             66             96  106  112  119  122  127  131  133  128  114  107                              
23734                       26             60             91            124  140  148  163  171  168  181  192  186  179  172  142   94                    
23867                                      30             53             86   99  105  117  123  120  130  130  132  128  118                              
23884                                      53            100            145  176  173  189  199  201  218  219  220  217  188  143   88                    
23891                       21             59             92            125  137  141  151  155  170  176  182  185  176  148  115   82                    
23914                                      49            122            191  218  233  241  241  262  271  279  269  230  179  147   75                    
23921                                      31             54             81   92   92  102  108  108  111  109  103   91   67                              
23933                                      33             58             83  100  104  117  119  124  131  135  134  123   97   86   62                    
23955                                      40             77            106  118  125  138  144  150  160  157  157  136  110   88   68                    
23966                                      44             74            108  120  125  138  140  148  154  156  160  149  133  114   88                    
23986                       25             62            102            132  139  149  152  160  177  180  187  193  188  162  140   94                    
24125                       26             47             63             73   82   83   87   89   89   93   95  103  108  112  106   91   50               
24136                       22             43             55             64   62   71   74   77   83   83   90   91   91   90   77   66                    
24143                       40             62             82            103   97  105  111  115  119  123  130  136  134  135  118  101                    
24266                       12             20             27             34   36   38   41   42   46   48   50   48   52   47   39   36                    
24329                       25             39             54             63   64   69   68   71   78   77   81   87   83   85   81   61                    
24343                       35             72             95            107  116  119  127  132  136  143  148  152  156  156  140  108                    
24382                       15             22             30             33   35   38   41   46   48   50   52   51   54   50   44   42                    
24507                       19             40             61             78   88   96  100  106  102  105  114  119  117   99   78  105                    
24606                       20             41             56             69   72   77   80   83   90   88   96   98   99   89   73   40                    
24641                       15             32             47             56   63   64   68   72   72   77   79   78   74   60   44                         
24661                       32             52             65             73   80   81   91   94   90  103  107  101  111   97   75   80                    
24671                       16             29             38             41   46   47   52   53   55   57   59   61   67   62   49   48                    
24713                       20             44             63             75   83   86   92   94   98  102  105  102   99   96   79   56                    
24738                       16             31             45             55   64   68   66   74   78   74   77   76   69   58   45                         
24790                       18             32             42             51        63   61   69   68   73   73   73   74   71   47   44                    
24817                       16             38             60             76   85   88   94  100  100  107  107  106   98   87   72   47                    
24908                       13             28             50             67   76   79   89   92   95  100  101  101   95   76   55   44                    
24959                       11             21             29             34   38   38   42   44   48   50   52   55   49   39                              
24966                       17             39             54             64   69   72   77   80   82   86   86   84   76   56                              
24967                       20             25             41             52   57   60   63   65   69   70   73   73   69   63                              
25138                       21             34             49             62        71   77   81   86   89   94   94   94   92   86   65                    
25206                       24             39             55             67   69   78   83   86   90   87   89   99   94   95   92   69                    
25325                       15             34             52   71        69   75   87   85   89   95   97  100   98  103   97   94   74                    
25356                       23             42             58             75        88   97  107  111  120  123  122  134  134  133  105                    
25400                       25             45             65             87   95  103  109  114  119  120  121  132  127  121  106   95                    
25428                       16             35             47             61   66   70   75   77   82   82   88   90   88   89   80   60                    
25503                       19             37             53             70        96   92   95   99  101  102  108  103  100   94   82                    
25551                  21   22             72            116            158       182  206  225  227  245  261  252  273  278  261  222  168               
25705                       40             86            110            136       161  161  172  178  185  188  192  196  176  148  132                    
27051                                      23        31   56        91  100  118  135  129  145  154  149  145  130  112   90                              
27333                                      18             36             66   81   90   95  107  107  110  103   87   69   52                              
28009                                      26             53             90  103  117  119  128  134  136  133  128   98   85                              
28064                                      31             54             81   83   99  101  108  110  108  107  109   83   66                              
28138                                      70            133            196  217  235  259  276  283  300  316  314  299  244  199  124                    
28224                                      23             58             95  110  117  123  130  137  140  131  115   85                                   
28275                                      26             46             73   77   89   95   98  103  108  102  102   79                                   
28418                                      18             43             80   97  105  115  121  124  124  114  101   70                                   
29111                                 16   42   37   49   70   67   80  101  106  114  121  121  128  131  137  130  107   93                              
29231                                      27             52             77   89   92   99  108  110  111  116  114  108  104   86   65                    
29282                                      24             48             68   73   81   82   88   90   89   89   96   80   67                              
29313                                 20   38   54        64             94  105  107  118  125  155  159  156  126  109   82                              
29570                                      23             44             66   72   74   81   86   86   92   84   76   61                                   
29594                                      16             35             54   59   64   68   70   73   73   67   65   55                                   
29752                       66            195            310            424  433  496  510  516  527  496  540  580  546  513  477  341  201               
29789                        7             14             18             19   20   23   22   24   22   23   19   18   18   12                              
30054                       11             41             83            109  123  130  138  145  151  158  156  153  143  128                              
30089                                      22        33   38   41   47   52   58   63   66   69   75   75   74   75   65   47                              
30230                       15             25             48             71   78   79   91   92   96   99   99   97   90   75   52                         
30252                       14             26             48             65   72   77   80   82   86   85   81   79   66   49                              
30309                       14             26             45             64   67   72   77   80   82   84   84   79   63   34                              
30372                  13   12             17             20             22   21   23   22   23   26   24   25   27   14   17                              
30385                                      20             30             36   35   41   40   40   44   44   43   44   45   50                              
30393                       37             59             76             87   89   99   97  102  115  111  112  122  105   94   91   55                    
30433                       17        13   25   27        38   43   43   54   60   60   76   70   76   80   83   83   77   75   37   30                    
30521                                 10   14             30             43   46   49   50   50   54   58   56   55   46                                   
30554                  15   14        16   12   14   13   14   16   15   17   16   19   18   19   20   18   20   22   18   19                              
30636                                 16   23   34   45   51   70   72   70   73   79   82   80   82   84   78   76   66                                   
30673                  11   15        10   18             23        22   29   28   30   30   31   32   32   30   27   19                                   
30758                                      13             13             13   13   14   15   15   13   10        18   10                                   
30844                       13             14             18             21   21   23   24   24   23   23   24   21   19   14   13                         
30925                       17        17   16   21   20   15   23   19   17   18   19   19   20   19   18   15   12                                        
31137                       31             50             64             76   79   85   85   90   94   94   97  100   97   99   89   64                    
31168                                      65            105            122  118  140  137  152  161  163  172  185  198  196  179  152                    
31174                                      67            115            161  170  192  183  208  206  211  217  230  234  220  201  163                    
31253                                 31   38   41   46   49   53   61   54   59   60   61   60   64   67   66   66   70   62                              
31329                                      38             53             62   67   68   71   75   76   77   76   77   73   62                              
31416                                      30             42             53   60   64   68   72   76   76   87   83   74   56                              
31439                                      29             64             95  105  115  127  128  122  130  134  135  123  118                              
31829                                                     39             48   46   56   57   64   73   80   88  100   74   58                              
32027                                      25             43             71   70   80  107   91   95  114  110  107  110   99                              
32150                                      20             58       126  123  148  165  169  184  190  198  211  216  188  128                              
32389                                      52   58   70  112  103  133  193  209  244  264  278  299  329  323  334  331  279  216  119                    
34123                                                     26             52   66   72   88   95   94   99   77                                             
36064                                      28             55             84   87   97  104  105  110  110   88   68   49                                   
31152                                      47             63             81   84   90   99   97   98  103  101  102   93   62                              
