21802                       14             23             29             35   36   37   38   39   39   41   42   43   42   44   44   41   38   33             80  119   36
22641                                      15             31             47   53   55   59   61   65   65   61   57   46   36   26                            87  130   48
22768                                      15             22             35   40   43   46   47   48   47   42   32   24                                      62   80   27
22820                                      11             21             30   34   36   39   39   39   41   39   29   23                                      57   96   11
23274                       20             48             72             85   93   96  101  104  107  109  110  110  111  104   96   81   47   32            141  185  104
23383                       18             44             59             69   74   75   78   81   83   86   87   85   88   84   73   63   36                 109  155   70
23405                       15             29             49             65   70   75   78   81   83   84   82   79   67   51   38   33                      103  128   53
23445                       15             30             45             56             66        70   70   74   73   66   54   46   38                      100  128   72
23472                       23             56             79             94  102  104  107  112  114  116  117  117  114   98   86   61   25                 148  220  104
23552                       12             35             52             66   74   73   79   84   82   88   90   90   85   75   66   57                      130  190   85
23631                       13             31             44             53   58   62   64   67   68   70   69   67   59   48   41   32                       95  140   67
23662                       12             38             56             69   74   76   80   82   83   84   85   83   75   65   54   43                      107  138   74
23678                       13             43             66             82   92   91   96  100  101  102  104  102   96   84   71   53                      128  166   85
23711                        9             27             48             65   70   73   79   82   81   83   80   71   60   44   31                           105  142   50
23734                       17             33             49             64   68   71   75   76   76   76   76   75   65   54   45   30                      102  128   70
23867                        6             21             34             47   52   53   57   59   59   63   59   56   48   36   26   18                       74  116   42
23884                       14             35             56             71   78   80   84   86   86   87   86   82   73   52   39   25                      106  140   76
23933                        6             18             31             43   48   50   53   54   55   57   57   51   42   31   25                            76  113   52
23955                       10             23             40             54   57   60   65   65   66   68   64   59   48   33   28                            87  105   60
23966                                      27             42             57   62   63   67   69   70   72   69   64   54   46   37   33                       86  130   57
23986                       14             38             56             66   71   74   76   80   82   83   84   85   77   60   46   29                      105  160   82
24136                       16             29             36             40   41   43   44   46   48   48   49   49   48   45   37   28                       64   91   46
24266                        7             15             20             23   24   25   26   26   27   27   28   27   28   22   19                            34   56   19
24343                       26             46             55             59   61   63   65   67   68   70   71   71   69   63   53   39                       96  140   76
24382                        9             15             21             23   25   26   28   29   29   30   30   29   28   23   18                            39   64   29
24507                       13             28             39             47   51   52   55   57   55   56   56   56   50   41   28                            69   94   44
24606                       14             26             36             41   43   44   46   47   48   46   49   48   44   35   27                            60   85   45
24641                        8             22             30             35   37   38   40   41   42   42   42   41   36   25   17                            54   76   37
24661                       24             37             42             45   48   47   50   52   51   53   54   53   51   42   29                            73  106   37
24671                       11             22             26             28   30   31   32   33   33   34   34   34   34   29   20                            44   63   24
24713                       13             29             39             45   48   49   50   51   54   55   55   53   48   40   30   19                       64   83    1
24738                        8             22             30             35   40   40   41   43   44   43   43   41   36   25   17                            58   74   39
24790                       14             24             29             33        38   37   39   39   40   40   38   37   28   19                            54   90   33
24908                        5             19             32             40   44   45   49   50   49   51   49   46   40   25   15                            64   94   42
24959                        6             16             21             24   25   27   27   28   30   29   29   29   23   14   10                            38   58   23
24966                       11             28             35             40   42   44   46   47   48   48   47   44   36   19   13                            56   75   35
25138                       13             24             32             40        51   46   49   49   51   51   49   49   43   37   24                       64   91   41
25206                       15             27             36             44   47   49   53   55   55   56   57   56   53   49   40   29                       68  103   46
25325                       12             26             35             45        56   51   55   57   56   56   54   53   49   42   26                       63   85   49
25356                       12             29             37             50        61   58   62   64   66   65   63   65   62   58   43                       80  127   48
25428                       10             25             34             42   49   50   47   50   51   49   51   50   48   45   36   23                       65  106   42
25503                       12             28             38             48        62   58   60   60   61   59   59   54   48   40   31                       72  100   43
25705                       26             49             60             72        81   83   86   88   90   89   91   86   73   56   40                      109  160   67
27051                                      14             28             44   51   54   55   59   58   57   55   44   37                                      73  100   39
27333                                       6             18             32   37   39   40   43   42   42   37   29   22                                      64  105   25
28224                        4             15             31             48   51   55   58   59   60   59   52   39   25                                      80  110   58
28418                                      10             23             38   42   46   49   50   51   50   46   36   22                                      68  108   40
29111                                      25             42             55   56   59   62   63   65   65   59   52   38   29   21                            86  120   51
29231                        3             17             32             45   48   49   53   55   56   56   53   48   41   32   25                            73   98   44
29282                                      18             31             41   42   46   47   48   49   47   47   44   33                                      65  100   44
29313                                      20             36             50   53   55   58   60   60   62   59   52   42   27                                 84  105   61
29570                        5             14             27             35   37   39   42   43   42   43   35   30   22                                      59  100   39
29752                       30             81            111            142  143  155  156  161  165  161  170  177  162  142  129   87   52                 277  380  144
30089                        4             17             27             35   38   40   40   42   43   42   41   38   31   16                                 56   69   43
30252                        4             18             30             39   43   44   44   47   47   46   42   38   26                                      57   78   32
30372                   7    6             11             13             16   16   17   17   17   18   16   13   12    8         8    7                       32   54   20
30385                       14             17             23             26   26   29   28   29   30   29   29   28   24                                      41   63   26
30393                       23             40             49             54   54   59   57   58   63   60   61   64   53   41   32   19                       86  114   58
30433                        6    5    5   15             23             32   35   36   41   40   42   43   42   39   32   21   12                            52   75   27
30554                        6    7    7    7    8    8    9   10   10   11   11   12   12   15   12   12   11   10    7         6                            22   43   10
30636                   2    2    3    5   16             32             40   41   43   43   43   42   42   36   30   21                                      54   83   36
30673                   8    7             13             18             21   21   22   23   23   23   23   19   15    9                                      34   53   20
30758                                  2    3              6              8    8    9    9    8    7    5         5    4                                      18   38    7
30844                   3    3              6             11             14   14   15   15   15   15   14   11    8    6    5    3                            22   38   13
30925                        4         5    5              8             11   11   12   12   12   10    9    4    4    3                                      21   75   11
31329                       11             27             35             39   41   41   42   43   45   45   42   39   33                                      60   91   38
31439                                      18             38             51   55   60   62   63   62   63   62   60   49   35   22                            81  120   47
32150                                       8             29             59   63   70   73   77   76   78   75   73   56        35                           118  195   60
36064                                      19             33             40   42   45   49   50   49   48   37   29   20                                      72  144   43
31152                       17             28             38             46   48   50   53   53   54   55   53   52   43   23   22                            67  127   40
