20069 Ï  Í    3.0   2.6   2.7   2.6  10.6  15.0  14.6  15.0  15.3   7.4   4.0   3.8  96.6
20069 Ï  Î    9.3   8.5   9.5  10.1  22.7  24.2  21.8  22.8  24.5  21.0  11.1  10.1 195.4
20069 ß  Í   19.8  18.2  21.1  19.6   5.0   3.9   4.2   4.2   3.3   7.2  15.0  18.6 140.0
20069 ß  Î    7.1   6.5   5.8   5.6   1.8   1.6   1.9   1.7   1.8   2.4   5.1   7.2  48.3
20087 Ï  Í    2.6   2.1   2.6   2.4   8.8  12.9  12.1  12.8  13.5   7.5   3.8   3.2  84.3
20087 Ï  Î   10.2   9.1  10.2  11.4  18.8  22.7  21.5  22.4  23.1  18.6  11.0  11.7 190.8
20087 ß  Í   21.0  19.5  22.6  20.1   8.8   5.8   6.0   6.0   4.3  10.2  16.7  19.6 160.5
20087 ß  Î    6.2   5.0   4.9   4.7   2.1   1.7   1.9   1.7   1.3   2.7   5.2   5.4  42.7
20292 Ï  Í    2.1   1.9   1.9   3.3   9.9  12.0  11.6  14.5  16.2   9.0   3.6   2.5  88.5
20292 Ï  Î   13.6  12.5  12.5  13.1  21.0  22.2  19.7  22.6  23.6  21.3  15.8  13.6 211.5
20292 ß  Í   19.1  19.0  21.3  16.5   6.4   2.9   3.9   2.5   2.5   5.2  12.6  18.8 130.8
20292 ß  Î    5.5   4.4   5.3   3.2   2.1   1.8   1.9   1.9   1.6   1.7   3.2   5.5  38.0
20476 Ï  Í    2.1   1.4   2.2   2.3   8.5  13.3  10.6  11.6  13.7   7.9   4.4   3.2  81.2
20476 Ï  Î    7.2   6.6   6.9   7.8  18.0  21.5  18.3  20.2  22.6  16.9  10.4   8.8 165.3
20476 ß  Í   23.8  21.9  23.8  21.1   8.2   4.5   6.5   4.8   3.4   8.9  17.0  21.6 165.4
20476 ß  Î    9.3   8.1   8.7   6.5   2.7   2.3   2.9   2.2   1.1   2.6   7.1   8.2  61.8
20667 Ï  Í    3.8   2.5   2.4   3.3  11.2  10.5   7.3  11.2  13.3  10.3   6.0   4.1  85.9
20667 Ï  Î    9.0   7.9   8.1   8.7  17.7  16.6  13.8  18.8  20.9  18.3  12.2  11.7 163.6
20667 ß  Í   19.1  18.6  20.4  18.0   7.3   6.1   9.6   5.2   3.2   5.6  14.4  18.0 145.4
20667 ß  Î    7.8   7.1   7.2   6.2   2.7   2.3   3.2   2.1   1.1   2.1   5.0   6.5  53.4
20674 Ï  Í    3.1   2.5   2.9   4.6  13.3  15.5  11.0  13.0  16.1  12.3   6.2   4.5 104.8
20674 Ï  Î    8.9   8.6  10.1  11.5  21.5  21.8  17.4  21.0  23.6  20.3  13.2  11.3 189.2
20674 ß  Í   16.3  15.6  17.4  13.7   4.2   4.4   5.9   3.9   2.9   4.4  10.8  14.3 113.7
20674 ß  Î    6.0   5.6   5.5   4.0   1.6   2.1   2.3   1.8   1.4   2.2   4.1   5.3  41.8
20744 Ï  Í    5.5   5.1   5.4   4.7   9.2  10.7   9.7  10.1  10.5   7.9   8.0   6.5  93.2
20744 Ï  Î   12.1  11.5  13.9  11.3  17.8  18.6  16.9  19.2  19.8  16.5  14.1  13.6 185.2
20744 ß  Í   13.2  12.5  13.6  12.5   6.8   6.7   8.2   5.9   4.2   6.8  10.1  12.4 112.9
20744 ß  Î    4.9   4.2   4.8   4.7   2.6   3.0   3.3   2.7   1.6   2.7   3.3   3.9  41.6
20891 Ï  Í    1.5   1.4   1.3   1.4   3.6   6.4   3.8   5.9   7.3   4.9   1.9   1.9  41.4
20891 Ï  Î    8.5   7.8   8.4   8.8  14.6  16.9  15.2  17.8  19.7  16.5  11.4  10.2 155.8
20891 ß  Í   23.9  22.5  25.0  21.9  12.8   9.7  12.9  10.0   7.3  12.2  19.4  24.1 201.6
20891 ß  Î    7.9   6.2   7.3   5.0   3.2   2.2   2.7   2.4   2.4   2.3   5.3   6.9  53.8
20982 Ï  Í    1.8   1.6   2.3   2.5   5.6   9.4   8.8  11.1  11.7   6.7   3.5   2.6  67.5
20982 Ï  Î   11.5  10.2  11.4  12.1  16.6  18.3  17.3  19.9  21.3  18.5  13.7  13.3 184.0
20982 ß  Í   26.2  24.4  25.4  20.8  11.9   6.7   7.6   5.4   4.0  11.6  20.4  24.1 188.4
20982 ß  Î    6.3   6.5   6.4   5.0   3.7   2.4   3.4   2.2   1.5   2.9   4.3   6.2  50.7
21432 Ï  Í    1.3   3.0   1.4   3.1   9.4  13.3  12.7  15.5  16.0   8.7   4.1   2.1  90.6
21432 Ï  Î    8.5   8.1   8.4  11.1  21.6  23.3  21.9  24.1  26.4  22.1  11.0   8.0 194.6
21432 ß  Í   26.8  25.7  27.6  21.7   6.8   3.6   4.3   3.9   2.1   8.5  21.4  27.1 179.6
21432 ß  Î    6.5   5.4   4.8   3.8   1.9   1.7   1.5   2.0   1.3   1.3   4.2   6.3  40.7
21802 Ï  Í    0.0   0.0   1.0   1.5   6.5   7.7   6.5  10.2  12.2   5.2   2.8   1.5  55.2
21802 Ï  Î   10.0   8.8   9.4   9.8  17.4  16.1  15.5  19.0  20.7  18.6  11.1  10.1 166.6
21802 ß  Í   29.7  27.8  30.4  24.9  12.0   7.3   8.7   6.9   5.2  12.0  24.2  29.9 219.1
21802 ß  Î    8.8   6.3   7.3   5.8   2.6   2.0   2.6   2.0   1.5   2.9   5.4   8.2  55.4
21908 Ï  Í    2.3   1.0   0.0   2.8   4.3   7.7   8.1  10.1  10.5   4.3   1.9   3.0  55.9
21908 Ï  Î    5.7   5.9   6.2   8.6  15.5  16.3  15.6  17.9  19.6  16.7   8.5   6.1 142.7
21908 ß  Í   27.8  26.0  28.6  21.7  10.8   4.8   5.8   5.0   3.3  10.3  22.6  27.3 194.1
21908 ß  Î    9.8   8.2   8.5   5.8   3.1   2.0   2.7   2.5   2.1   2.5   6.3   9.6  62.9
21921 Ï  Í    1.0   0.0   1.7   1.1   2.5   4.2   4.7   5.5   5.9   5.6   2.0   1.0  35.2
21921 Ï  Î   12.5  11.0  10.4   8.3  13.9  15.0  14.9  16.6  18.2  19.9  13.8  13.8 168.3
21921 ß  Í   29.8  27.8  29.8  26.6  18.7  11.6  12.5  11.1   7.4  15.0  28.5  30.2 249.0
21921 ß  Î    6.5   5.7   8.0   8.0   4.7   3.1   3.1   4.1   2.6   3.1   4.7   6.0  59.6
21931 Ï  Í    1.3   1.0   0.0   1.2   5.2   7.5   7.3   9.0   8.1   3.2   1.5   1.0  46.4
21931 Ï  Î    8.5   7.9   6.9   7.7  14.7  15.7  16.8  18.4  18.6  15.4   9.9   9.5 150.0
21931 ß  Í   29.0  27.4  30.4  27.3  14.1  10.7  10.5   9.0   9.1  18.9  27.0  29.5 242.9
21931 ß  Î    8.6   7.2   8.6   8.3   3.8   3.3   3.1   2.9   2.2   2.9   6.8   7.7  65.4
21946 Ï  Í    1.9   2.1   2.5   1.8   4.9   6.1   6.5   8.4   9.8   7.0   4.7   2.7  58.5
21946 Ï  Î    8.4   8.2   7.4   6.7  12.3  15.1  16.0  17.9  19.9  17.5  11.1   8.7 149.2
21946 ß  Í   23.1  22.4  25.7  23.6  14.6  10.4  11.1   9.3   5.9  10.4  19.7  23.3 199.5
21946 ß  Î    8.2   7.6   8.3   7.3   3.7   3.0   3.0   3.2   1.9   2.2   5.1   7.8  61.2
21982 Ï  Í    3.9   2.5   2.3   4.0  11.0   8.1   6.5   9.7  10.2  10.5   7.1   3.4  79.1
21982 Ï  Î    9.3   8.0   7.6  10.3  18.8  15.8  15.7  18.4  19.4  18.0  13.1   8.3 162.7
21982 ß  Í   19.5  19.2  24.0  17.7   6.6   7.4   8.6   4.8   3.5   6.0  11.0  19.3 147.7
21982 ß  Î    6.1   5.2   7.3   4.8   2.2   2.8   2.5   1.6   1.9   1.6   3.6   6.7  46.3
22113 Ï  Í    6.1   3.7   3.9   4.7  10.2   9.9   9.3  10.4   9.4  10.8   9.4   7.9  95.7
22113 Ï  Î   14.9  12.8  14.3  14.7  20.4  19.5  18.3  20.2  19.2  20.4  17.9  17.0 209.6
22113 ß  Í    6.2   7.8   8.6   7.0   4.3   3.8   4.5   4.0   3.1   2.6   3.7   4.3  59.8
22113 ß  Î    2.4   2.5   2.5   2.2   1.9   1.5   2.0   2.6   1.5   1.4   1.9   2.3  24.7
22165 Ï  Í    8.2   5.8   6.0   3.8   7.6   6.8   7.4  10.7   9.3  13.6  13.4  11.6 104.3
22165 Ï  Î   13.5  12.6  13.3  11.5  15.8  13.9  13.4  18.0  16.9  19.9  18.4  16.6 183.8
22165 ß  Í    6.1   7.7   8.1   8.6   6.7   8.4   8.8   5.5   4.4   1.9   2.1   3.9  72.1
22165 ß  Î    2.7   3.3   2.8   2.0   1.9   2.4   2.5   2.2   1.5   1.7   1.2   2.2  26.3
22217 Ï  Í    9.0   6.3   6.3   3.6   4.0   3.9   4.1   5.3   6.8  10.3  12.6  11.4  83.7
22217 Ï  Î   14.0  11.2  12.8  10.6  13.1  12.6  12.4  14.3  14.7  16.4  16.7  15.9 164.6
22217 ß  Í    8.0   9.0  10.5  10.8   8.0   7.4   8.1   7.2   4.5   4.6   5.3   7.1  90.4
22217 ß  Î    3.6   3.0   3.2   3.0   2.6   2.2   2.6   2.8   1.8   1.7   2.4   2.9  31.8
22235 Ï  Í    8.2   5.8   6.0   4.1   7.5   6.6   5.9   8.3   8.7  12.3  12.1  10.3  95.8
22235 Ï  Î   15.0  12.6  14.2  12.7  17.7  16.7  15.5  18.3  17.7  18.9  17.4  16.1 192.6
22235 ß  Í    9.3   9.3  10.4  10.0   6.0   7.0   7.4   5.1   4.0   3.9   5.1   7.2  84.8
22235 ß  Î    3.0   2.4   3.2   2.5   1.8   1.6   2.2   2.5   1.5   1.5   1.8   2.8  26.9
22471 Ï  Í    7.8   5.9   6.0   3.4   5.3   4.8   4.5   6.4   5.9  10.0  12.6  11.6  84.3
22471 Ï  Î   17.6  14.8  16.0  13.5  16.7  15.7  14.9  19.4  18.1  20.6  20.2  20.2 207.5
22471 ß  Í    7.8   9.1  10.4  11.8  10.3  11.2  11.9   7.1   5.8   2.9   4.2   5.0  97.5
22471 ß  Î    2.4   2.2   3.0   2.7   1.8   2.0   1.9   1.9   1.6   1.2   1.7   2.1  24.5
22520 Ï  Í    8.8   5.4   5.8   3.9   4.0   3.1   3.4   5.4   5.2   9.6  11.5  10.3  76.2
22520 Ï  Î   14.4  11.2  12.3  10.2  11.1  10.6  10.0  12.5  12.6  17.2  17.5  16.6 156.2
22520 ß  Í    8.9  10.4  11.3  11.8  10.3  10.7  11.2   8.2   6.5   4.5   4.5   6.4 104.8
22520 ß  Î    3.8   3.0   3.9   3.1   2.8   3.0   2.8   2.9   2.1   2.0   2.0   2.7  34.1
22550 Ï  Í    8.9   6.3   6.4   4.3   4.6   3.7   4.0   5.1   6.7  12.0  15.2  13.0  90.1
22550 Ï  Î   18.6  15.6  16.5  13.6  14.7  13.5  12.8  15.7  17.1  21.1  21.9  21.4 202.6
22550 ß  Í    8.5   9.5  10.1  11.3   9.9  10.3  11.0   7.8   5.9   3.5   4.2   5.9  97.9
22550 ß  Î    2.5   2.9   2.5   2.3   2.3   2.1   2.3   2.1   1.8   1.5   1.4   1.8  25.6
22619 Ï  Í   11.4   6.8   7.5   5.0   4.4   3.8   4.2   6.0   7.8  14.0  16.4  13.5 101.0
22619 Ï  Î   16.8  12.9  13.6  12.0  11.4  11.2  10.3  13.1  14.8  19.7  20.9  18.8 175.3
22619 ß  Í    8.3   8.9   9.7   9.7   8.5   8.8   8.8   6.9   4.3   2.6   3.0   5.2  84.7
22619 ß  Î    3.0   2.8   3.6   3.2   3.0   2.9   2.8   3.0   1.8   1.8   1.6   2.0  31.5
22641 Ï  Í    7.9   5.3   4.8   3.6   3.3   1.9   2.7   3.2   4.8  10.9  13.3  12.6  74.3
22641 Ï  Î   17.6  14.4  14.7  12.8  12.9  11.5  10.5  13.2  15.9  20.3  21.7  20.9 186.5
22641 ß  Í    7.8   9.1  10.5  12.8  13.8  14.8  16.4  11.8   7.0   3.6   3.4   5.1 116.2
22641 ß  Î    2.8   3.1   3.0   2.9   2.9   2.5   2.5   2.6   1.8   1.6   1.8   1.8  29.2
22676 Ï  Í   10.4   8.6   8.7   6.1   6.9   5.3   4.7   8.2  10.8  18.5  17.6  14.6 120.4
22676 Ï  Î   19.3  16.3  16.9  14.2  14.4  13.2  12.1  15.7  18.0  23.4  23.8  22.7 209.9
22676 ß  Í    8.5  10.1   8.9   9.0   7.5   6.9   7.1   5.4   3.9   2.5   3.9   5.6  79.4
22676 ß  Î    3.1   2.9   2.7   2.9   2.6   3.0   2.5   2.2   1.9   1.4   2.1   1.8  29.0
22768 Ï  Í    9.2   6.4   5.8   3.8   3.9   3.3   2.9   4.4   5.7  12.6  14.3  11.6  83.8
22768 Ï  Î   18.0  14.3  14.6  11.3  11.1  10.2   9.1  11.7  14.6  20.6  21.2  20.7 177.5
22768 ß  Í   10.2  11.7  11.2  12.7  11.0  11.6  13.0  10.3   6.2   3.6   4.1   7.3 112.9
22768 ß  Î    2.9   3.4   3.3   2.9   3.1   3.1   2.8   2.6   1.9   1.6   1.6   2.2  31.5
22802 Ï  Í   12.0   8.0   7.6   3.9   2.7   1.9   2.1   3.0   4.6  10.6  16.5  14.8  87.6
22802 Ï  Î   19.4  15.1  14.4  12.3  10.5  10.8  10.9  11.9  13.6  18.6  22.0  21.5 181.2
22802 ß  Í    7.4   9.5  11.8  12.8  14.8  13.3  14.1  11.4   7.5   4.9   3.5   5.4 116.4
22802 ß  Î    2.6   3.2   3.4   3.4   4.0   3.8   3.2   3.1   2.1   2.0   1.6   1.7  34.0
22820 Ï  Í    7.9   5.4   5.2   3.5   2.6   2.5   2.8   2.7   4.0   8.8  12.9  11.8  70.1
22820 Ï  Î   19.0  15.6  15.3  13.4  12.2  12.0  11.8  13.2  14.8  20.0  22.3  21.9 191.6
22820 ß  Í    8.4  10.9  11.8  12.8  13.2  12.2  11.8  10.3   7.5   4.7   3.6   4.9 112.1
22820 ß  Î    2.4   2.7   3.4   2.2   3.1   2.6   2.6   2.7   2.0   1.7   1.3   1.4  28.1
22837 Ï  Í   10.7   7.1   6.4   3.9   3.5   3.8   3.8   5.0   6.3  12.7  15.5  13.6  92.2
22837 Ï  Î   18.7  14.7  14.6  11.0   9.6   9.4   9.4  11.0  13.4  19.3  21.8  21.5 174.3
22837 ß  Í    9.1  11.0  10.8  10.7  11.1   9.8  10.3   8.6   5.6   3.5   3.6   5.6  99.7
22837 ß  Î    2.9   3.2   4.0   3.2   4.2   3.4   3.6   2.9   2.6   1.6   2.2   1.8  35.6
23022 Ï  Í    4.1   3.1   2.9   4.2   9.4   7.5   5.7   9.5   9.8  11.3   9.1   6.1  82.8
23022 Ï  Î   11.4   9.2  11.6  11.9  18.2  14.5  12.3  18.4  19.6  20.4  16.9  14.5 178.7
23022 ß  Í   13.8  15.2  14.9  11.5   4.2   6.2   9.6   4.8   3.5   2.8   5.8   9.4 101.6
23022 ß  Î    5.5   4.9   4.5   3.4   1.5   2.6   3.2   2.1   1.5   1.9   2.5   3.4  37.1
23032 Ï  Í    4.7   3.1   3.3   3.5   8.9   8.8   5.9   9.0  10.7   9.1   7.2   4.6  78.8
23032 Ï  Î    8.7   7.5   9.5   9.0  17.7  14.5  10.6  16.8  18.3  17.1  13.0  10.4 153.1
23032 ß  Í   18.5  18.8  18.3  15.9   6.5   7.6  11.8   5.9   4.2   5.4  11.6  14.9 139.2
23032 ß  Î    6.3   6.0   6.3   5.2   2.0   2.9   3.9   2.4   1.5   2.2   4.1   5.2  48.0
23058 Ï  Í    2.5   1.6   1.7   2.6   7.2   8.0   4.1   6.6   8.2   8.1   6.5   3.9  61.1
23058 Ï  Î   10.0   8.0   8.3   8.2  16.9  14.9  12.3  15.8  16.6  15.9  13.4  10.9 151.2
23058 ß  Í   20.6  19.8  20.6  18.4   9.0   8.8  13.7   8.2   6.0   7.2  13.8  17.9 163.7
23058 ß  Î    6.8   7.1   7.8   7.0   2.7   3.3   3.9   2.8   2.3   2.5   5.2   6.8  58.3
23074 Ï  Í    2.4   1.6   1.9   2.8   4.5   6.5   4.9   6.1   9.5  10.4   4.7   3.1  58.5
23074 Ï  Î   14.9  13.4  13.2  11.3  16.2  16.7  13.3  18.0  20.3  20.5  15.4  15.8 188.9
23074 ß  Í   22.4  20.4  21.6  18.4  11.1   9.6  12.5   8.9   5.6   7.9  16.8  20.7 176.0
23074 ß  Î    5.5   6.2   6.5   5.5   3.2   2.8   3.9   2.7   1.9   3.3   4.9   5.8  52.1
23205 Ï  Í    7.1   5.1   6.0   5.2  10.1   9.2   7.9  12.4  10.2  12.6  11.6  11.3 108.7
23205 Ï  Î   15.6  13.0  15.7  14.1  18.6  17.4  15.7  21.0  19.4  19.7  18.3  18.7 207.2
23205 ß  Í    9.7  10.8  10.6   8.9   5.9   6.4   8.6   4.6   3.7   3.7   5.2   6.6  84.6
23205 ß  Î    2.9   3.7   2.8   2.4   1.5   2.1   2.6   1.8   1.6   1.5   2.2   2.4  27.5
23242 Ï  Í    3.1   2.2   2.9   2.9   7.4   6.5   4.8   7.8   8.0   8.5   5.0   3.3  62.4
23242 Ï  Î    8.3   6.5   8.2   9.0  16.3  14.6  11.9  16.2  16.1  16.2  11.4   9.2 143.8
23242 ß  Í   19.9  19.4  19.9  17.0   7.8   7.1  10.7   6.0   4.6   6.0  14.1  17.2 149.5
23242 ß  Î    5.6   5.5   5.3   5.6   2.0   2.7   3.4   2.3   2.0   1.9   4.4   5.3  45.8
23256 Ï  Í    2.4   2.2   2.8   2.9   8.2   8.6   6.0   7.9  10.9  11.0   7.2   4.4  74.4
23256 Ï  Î   13.2  10.6  11.3  10.3  17.4  16.4  13.0  16.8  19.1  18.8  15.4  14.4 176.6
23256 ß  Í   19.8  19.7  19.6  16.3   7.6   7.5  10.3   6.4   4.9   5.2  11.3  15.8 144.5
23256 ß  Î    5.7   5.3   5.3   5.5   2.2   2.2   3.4   2.4   1.9   2.1   3.6   4.7  44.3
23274 Ï  Í    2.8   2.5   2.8   3.1   5.1   5.5   3.7   5.2   9.0  11.2   6.2   4.0  60.9
23274 Ï  Î   17.6  14.2  13.8  11.8  15.0  15.4  12.4  16.3  18.1  21.7  17.6  17.6 191.5
23274 ß  Í   19.6  18.1  20.4  17.2  12.5  10.3  13.9   9.5   6.1   6.5  14.7  17.7 166.5
23274 ß  Î    3.9   4.6   5.3   4.6   3.1   2.5   3.3   2.6   2.2   2.7   4.2   4.0  43.0
23324 Ï  Í    4.4   2.7   3.5   2.7   6.2   6.9   5.3   8.3   7.9  11.0   8.3   7.1  74.5
23324 Ï  Î   13.9  11.7  13.2  12.5  16.6  15.7  13.8  18.3  19.0  21.9  17.4  17.0 191.1
23324 ß  Í   15.3  15.5  16.1  14.5   8.8   9.5  12.0   6.8   5.6   4.8   9.3  11.3 129.5
23324 ß  Î    4.1   4.2   3.6   4.0   2.5   3.3   3.9   2.5   2.6   1.8   3.4   3.4  39.3
23330 Ï  Í    2.3   1.3   1.3   1.3   2.5   2.1   1.9   2.6   4.2   3.5   2.5   2.5  28.0
23330 Ï  Î   18.1  14.8  16.1  14.7  17.0  15.8  14.9  18.8  19.7  20.2  18.2  19.6 207.9
23330 ß  Í   20.1  20.5  20.6  18.3  11.2   9.1  11.2   6.6   4.8   6.5  13.7  17.1 159.6
23330 ß  Î    3.0   2.8   2.4   2.7   2.0   2.7   2.2   1.7   1.3   1.4   2.0   2.3  26.4
23383 Ï  Í    2.4   1.8   2.6   4.0   5.2   6.7   6.2  10.0  12.3   9.8   3.2   2.4  66.6
23383 Ï  Î   13.7  12.1  13.0  13.6  15.6  15.2  13.8  18.7  20.8  21.9  15.3  15.5 189.2
23383 ß  Í   27.4  25.1  22.5  16.1  11.3   7.2   7.6   4.9   3.9   6.3  20.3  25.0 177.6
23383 ß  Î    4.9   4.5   4.9   4.3   2.8   3.3   3.0   2.3   2.5   2.4   4.5   4.4  43.8
23405 Ï  Í    6.9   5.4   5.7   4.3   5.8   4.8   4.6   7.6   9.2  14.6  13.6  10.9  93.4
23405 Ï  Î   16.4  13.0  14.9  13.3  15.0  14.1  13.3  18.6  18.7  22.7  20.4  19.7 200.1
23405 ß  Í    9.8  11.4  10.7  10.9   9.3  10.3  12.2   6.7   4.7   3.6   4.5   6.4 100.6
23405 ß  Î    3.2   4.2   3.5   3.0   2.3   2.9   3.2   2.0   1.8   1.8   2.3   2.3  32.3
23445 Ï  Í    2.5   1.6   1.7   2.2   6.4   7.1   5.3   7.8   8.9   9.3   5.5   2.9  61.1
23445 Ï  Î   13.6  10.3  12.1  11.8  17.9  16.7  13.8  18.3  19.4  20.1  15.7  14.5 184.1
23445 ß  Í   21.0  20.6  19.9  16.7   8.0   6.6   8.0   5.7   5.1   6.4  12.7  17.2 148.1
23445 ß  Î    3.9   4.5   4.3   4.3   2.0   2.3   2.6   1.9   1.8   1.7   2.8   3.4  35.4
23463 Ï  Í    1.9   1.7   2.4   2.8   6.0   6.9   6.3   7.7  10.5   9.9   4.5   4.0  64.5
23463 Ï  Î   12.8   9.9  10.7  10.0  14.6  13.4  11.8  14.8  17.6  19.9  14.7  13.7 163.9
23463 ß  Í   26.2  24.3  22.8  18.3  10.7   7.3   8.9   6.6   5.5   8.9  19.1  23.0 181.4
23463 ß  Î    5.6   6.2   6.8   5.8   3.5   3.6   4.0   3.1   2.4   2.6   5.2   5.3  54.0
23472 Ï  Í    4.4   3.6   3.2   3.8   5.9   6.7   6.4   8.8  12.1  13.9   7.9   6.5  83.2
23472 Ï  Î   23.0  19.1  19.8  16.9  20.6  19.8  18.0  21.7  22.7  25.4  22.1  23.4 252.6
23472 ß  Í   17.1  16.9  16.4  13.5   8.9   6.9   9.2   6.5   4.6   5.3  12.7  14.9 132.9
23472 ß  Î    3.5   2.9   3.1   2.8   1.9   1.8   2.1   1.6   1.4   1.5   2.8   3.2  28.7
23552 Ï  Í    2.7   1.6   2.2   2.6   6.1   5.9   4.6   6.3   8.8  11.3   6.0   3.9  62.1
23552 Ï  Î   14.8  11.6  12.0  11.7  17.5  16.0  13.8  16.9  18.8  21.1  16.1  15.6 185.9
23552 ß  Í   19.2  19.2  18.6  15.5   8.2   7.2   9.2   5.9   5.3   5.4  12.3  16.4 142.4
23552 ß  Î    4.2   4.0   3.9   4.5   2.1   2.2   2.6   2.1   2.1   1.6   3.5   3.6  36.5
23631 Ï  Í    1.8   1.7   1.9   1.9   2.0   3.0   2.9   3.2   3.9   4.9   3.4   1.9  32.6
23631 Ï  Î   14.8  12.7  14.2  13.4  14.9  14.1  12.6  15.7  16.9  17.5  16.3  16.2 179.4
23631 ß  Í   21.3  20.9  19.9  17.0  14.2  15.0  17.2  12.5  10.0  10.2  14.0  17.6 190.0
23631 ß  Î    2.0   2.7   3.2   2.5   2.1   2.7   2.8   2.3   1.5   1.4   3.0   2.5  28.5
23662 Ï  Í    2.0   1.8   2.2   3.1   5.3   6.0   4.9   7.0  10.0  11.0   5.4   3.6  62.2
23662 Ï  Î   12.8  10.5  10.2  10.6  15.2  13.7  11.9  15.0  17.3  20.0  15.8  14.2 167.2
23662 ß  Í   20.3  20.4  19.8  14.8   8.8   6.4   8.8   5.7   4.9   5.6  13.5  18.8 147.7
23662 ß  Î    5.0   5.1   5.1   4.9   2.6   2.9   3.0   2.7   2.3   1.8   4.1   4.0  43.7
23678 Ï  Í    2.7   2.6   2.2   3.0   5.9   5.6   4.3   7.9  12.0  12.7   5.3   3.4  67.7
23678 Ï  Î   14.3  11.7  11.4  10.9  14.5  12.5  11.5  14.1  18.0  21.0  15.8  15.6 171.4
23678 ß  Í   25.1  22.7  20.5  14.5   9.9   8.0   9.6   6.7   5.2   5.8  16.4  22.2 166.7
23678 ß  Î    5.6   4.8   6.2   5.0   2.6   2.9   4.2   3.4   2.4   2.0   4.3   5.2  48.5
23711 Ï  Í    5.2   3.6   3.5   3.3   4.2   3.4   3.1   5.1   7.0  13.2  12.1   8.5  72.3
23711 Ï  Î   19.2  14.5  16.1  13.1  12.7  11.7  11.2  14.9  17.4  23.1  21.9  20.5 196.4
23711 ß  Í   13.9  15.2  13.2  12.9  10.8  10.4  11.7   8.3   6.1   4.3   6.7   9.7 123.1
23711 ß  Î    2.7   3.1   2.8   2.8   2.6   2.7   2.6   2.4   2.0   1.7   2.1   2.6  30.0
23724 Ï  Í    1.8   1.3   1.8   2.9   2.7   3.0   2.2   3.0   3.7   3.6   2.9   1.9  30.8
23724 Ï  Î    9.8   7.7  11.5  11.3  11.3  10.1   9.0  11.2  13.6  13.8  12.5  11.7 133.5
23724 ß  Í   24.4  23.5  20.8  14.8  12.1  11.8  13.3  10.0   8.6  11.9  16.8  21.5 189.5
23724 ß  Î    3.7   4.5   3.5   3.1   2.6   2.6   3.5   2.2   1.7   2.4   3.3   3.8  36.8
23734 Ï  Í    1.7   2.2   1.8   2.0   2.4   2.5   2.7   3.4   4.2   4.7   3.9   2.6  34.2
23734 Ï  Î   15.8  12.6  14.6  13.9  15.9  14.7  14.3  17.0  17.1  17.8  17.0  16.4 187.1
23734 ß  Í   23.5  23.0  20.7  16.0  11.0  10.2  12.6   8.7   8.0   9.2  14.7  20.0 177.6
23734 ß  Î    2.9   2.8   3.1   2.4   1.6   2.0   2.4   1.7   2.3   1.4   2.4   2.9  27.7
23867 Ï  Í    3.0   1.2   1.4   2.1   3.1   3.2   2.3   3.0   4.5   6.6   5.0   2.7  38.1
23867 Ï  Î   15.0  12.1  12.7  12.2  15.3  13.0  11.9  15.1  17.9  21.5  17.0  17.3 180.9
23867 ß  Í   23.0  22.5  21.1  17.2  11.8  10.1  11.7   9.4   8.1   7.7  13.8  19.4 175.9
23867 ß  Î    3.9   4.2   4.2   3.8   2.1   2.4   2.5   2.5   2.1   1.8   2.5   3.2  35.2
23884 Ï  Í    1.7   1.7   2.1   2.5   4.5   4.0   3.4   6.4   9.5  10.8   4.9   2.4  53.9
23884 Ï  Î   17.4  13.5  13.4  12.3  15.6  12.7  11.3  13.7  18.8  22.6  19.8  18.8 190.1
23884 ß  Í   21.5  20.4  18.3  12.4   7.3   6.8   9.0   6.5   4.5   4.4  11.8  18.7 141.6
23884 ß  Î    3.9   4.1   4.3   3.1   2.1   2.6   2.7   3.2   2.3   2.3   3.1   3.7  37.4
23891 Ï  Í    1.9   1.6   1.7   2.5   4.9   4.6   3.7   7.3   9.9  11.6   4.1   1.9  55.7
23891 Ï  Î   13.6  10.7  12.8  12.3  14.6  12.0  10.6  13.9  16.4  20.5  16.3  14.9 168.5
23891 ß  Í   25.8  23.2  18.8  11.0   6.2   5.1   7.4   5.7   4.1   5.2  15.5  22.9 150.9
23891 ß  Î    5.0   5.2   4.3   3.4   1.8   2.4   2.5   2.3   2.0   2.0   3.4   4.0  38.1
23914 Ï  Í    4.5   3.5   3.2   2.4   2.3   2.3   2.8   3.5   4.9   9.4   9.5   6.9  55.4
23914 Ï  Î   17.8  13.0  13.8  10.0  10.0   9.7   8.9  10.6  15.0  20.6  20.3  20.4 170.2
23914 ß  Í   16.5  17.0  16.0  13.1  11.4   9.2  10.8   8.1   7.3   5.1   8.7  12.7 135.8
23914 ß  Î    3.0   4.0   4.2   4.2   3.3   2.3   2.8   2.2   1.8   1.9   2.3   3.0  34.9
23921 Ï  Í    1.6   2.0   2.3   3.9   3.8   3.8   3.7   5.0   6.3   5.4   4.0   2.2  44.1
23921 Ï  Î   15.8  13.3  15.9  15.5  16.3  15.9  15.6  16.7  17.6  18.3  17.4  16.2 194.4
23921 ß  Í   21.9  21.1  17.1  11.3   8.1   7.6   8.7   6.8   5.6   6.8  12.5  17.8 145.4
23921 ß  Î    2.3   2.6   2.5   2.5   1.5   1.5   1.9   1.8   1.2   1.5   2.0   2.4  23.8
23933 Ï  Í    2.4   1.9   2.4   2.0   3.1   3.5   3.5   4.8   5.4   7.1   4.7   3.0  43.9
23933 Ï  Î   13.3  10.2  10.9  10.7  12.0  11.5  10.0  12.7  14.5  16.7  15.7  14.0 152.2
23933 ß  Í   21.9  22.1  20.4  15.8   8.4   8.0  10.9   7.2   6.2   7.3  12.2  18.0 158.3
23933 ß  Î    4.0   4.3   4.1   3.2   2.3   2.4   3.1   2.6   2.1   1.8   2.7   3.1  35.7
23955 Ï  Í    3.9   2.5   2.7   2.8   4.1   4.1   3.1   4.7   7.4  10.5   8.8   5.8  60.4
23955 Ï  Î   17.6  13.8  15.0  14.4  17.4  16.3  14.9  16.7  17.7  21.8  19.8  18.4 203.8
23955 ß  Í   14.9  16.9  18.0  14.3  10.4  10.1  12.4   8.2   7.3   5.4   9.2  11.9 139.1
23955 ß  Î    3.2   2.8   3.2   3.3   2.1   1.8   3.0   2.3   1.6   1.6   2.3   2.4  29.7
23966 Ï  Í    2.9   2.8   2.2   2.3   4.2   3.9   3.9   5.3   7.7   9.7   6.9   4.1  55.7
23966 Ï  Î   12.3   9.2   9.9   9.6  12.3   9.6   9.1  11.0  14.2  18.8  15.7  14.3 145.9
23966 ß  Í   20.8  19.8  18.3  14.9   9.8   8.7  10.8   7.8   6.8   7.0  12.4  17.6 154.6
23966 ß  Î    4.7   5.3   4.9   4.6   3.0   3.1   4.3   3.5   2.9   2.3   3.3   3.7  45.7
23986 Ï  Í    1.1   1.1   1.2   2.0   2.6   2.7   1.6   3.4   5.7   8.4   3.2   2.0  35.1
23986 Ï  Î   15.5  12.7  13.2  13.1  14.7  12.3  11.5  13.4  17.5  21.6  17.5  16.2 179.3
23986 ß  Í   24.3  22.3  19.8  13.5   9.8   9.8  12.1  10.0   7.3   6.7  14.9  20.9 171.4
23986 ß  Î    4.5   4.6   4.3   3.6   2.5   3.1   2.9   2.9   2.8   1.8   3.2   3.7  39.9
24125 Ï  Í    0.0   0.0   0.0   1.3   3.5   3.9   3.9   5.7   7.4   3.0   1.3   0.0  29.9
24125 Ï  Î   16.3  14.3  16.1  15.9  19.3  19.2  17.6  21.2  22.0  23.1  16.7  16.0 217.6
24125 ß  Í   29.2  27.8  29.2  22.1  12.3   7.8  10.4   8.1   6.3  13.3  26.7  30.3 223.7
24125 ß  Î    2.9   2.9   3.4   3.0   2.2   1.9   2.3   1.9   1.9   1.6   2.5   3.6  30.2
24136 Ï  Í    0.0   0.0   0.0   1.1   4.1   5.5   4.5   6.0   7.9   2.8   0.0   0.0  31.9
24136 Ï  Î    8.0   7.3   7.4   8.0  13.4  14.3  12.1  15.0  17.9  18.2   9.6   8.4 139.5
24136 ß  Í   29.7  28.2  29.8  23.0  11.7   6.9   9.1   7.0   5.2  17.5  29.2  30.9 228.2
24136 ß  Î    6.5   6.4   7.6   6.1   4.2   2.4   3.7   2.9   2.3   2.3   5.4   7.1  56.9
24143 Ï  Í    1.0   1.0   1.0   1.2   3.1   4.0   3.7   4.4   6.6   4.6   3.0   1.5  35.1
24143 Ï  Î    7.9   7.0   6.7   7.8  11.4  11.6   9.9  12.6  15.2  17.1   8.8   9.0 124.9
24143 ß  Í   29.9  27.8  29.9  25.0  15.8  11.1  12.5  10.8   7.7  15.5  27.1  30.0 243.1
24143 ß  Î    7.9   8.0  11.5   9.1   5.1   3.4   4.4   4.1   3.0   3.1   6.2   8.0  73.8
24266 Ï  Í    0.0   1.0   0.0   1.0   1.8   2.7   2.8   3.3   4.0   3.0   1.7   2.0  23.2
24266 Ï  Î    7.7   6.9   6.3   7.5  11.7  10.6  10.4  11.4  13.7  13.1   9.6   8.2 117.2
24266 ß  Í   29.5  27.6  30.8  27.6  18.2  15.6  16.7  15.5  14.3  22.4  28.2  30.3 276.6
24266 ß  Î    8.4   8.1  11.0   8.1   3.8   4.0   4.6   3.4   2.8   3.9   6.1   8.3  72.8
24329 Ï  Í    0.0   1.0   0.0   1.2   2.9   4.8   3.7   4.9   6.2   3.0   1.0   0.0  28.6
24329 Ï  Î    7.7   6.2   7.7  10.0  14.5  14.1  12.4  14.5  17.6  17.6   9.9   8.1 140.5
24329 ß  Í   30.1  28.0  29.3  21.0   9.9   6.3   8.6   7.1   5.3  14.6  27.3  30.5 218.0
24329 ß  Î    6.1   5.5   6.4   5.0   2.7   3.3   3.1   2.7   2.2   1.8   4.7   5.7  49.1
24343 Ï  Í    1.0   1.0   1.0   1.7   1.9   1.8   2.0   3.2   5.1   6.8   2.1   1.0  28.6
24343 Ï  Î   12.6   9.6   7.6   8.4  13.4  12.4  10.8  13.5  15.1  19.8  13.3  13.0 149.3
24343 ß  Í   26.7  25.8  27.4  23.2  16.4  14.7  16.7  13.9   8.9   7.1  20.9  27.3 228.9
24343 ß  Î    4.3   4.8   7.0   6.2   3.7   2.8   3.7   3.5   2.8   1.8   4.0   4.3  48.9
24382 Ï  Í    0.0   0.0   0.0   0.0   1.7   1.4   1.8   2.6   2.3   1.9   0.0   0.0  11.6
24382 Ï  Î   12.7  10.3  10.7  11.4  17.7  17.6  17.6  19.1  19.4  16.6  13.9  12.8 179.7
24382 ß  Í   29.9  28.1  30.8  28.1  16.1  11.0  12.6  11.8  12.1  24.1  29.4  30.3 264.3
24382 ß  Î    5.5   4.5   5.8   5.2   2.8   2.0   2.0   2.2   2.2   3.2   3.9   4.2  43.5
24507 Ï  Í    3.3   1.0   1.8   1.9   4.7   5.5   4.9   8.3   9.2   7.8   2.5   2.4  53.1
24507 Ï  Î   14.9  11.0  12.4  12.7  17.1  15.2  13.2  15.7  17.4  19.3  14.0  14.6 177.3
24507 ß  Í   24.1  22.0  24.2  14.9   6.4   4.6   6.9   4.4   3.9   7.8  20.8  24.2 164.2
24507 ß  Î    3.8   3.9   3.6   2.9   1.9   1.6   2.6   1.9   2.1   1.9   3.0   3.9  33.1
24606 Ï  Í    0.0   1.0   1.4   1.8   3.7   4.4   4.0   6.3   7.9   5.3   1.5   1.0  38.3
24606 Ï  Î    7.7   5.8   9.4  11.1  15.4  14.3  12.5  14.9  16.9  17.1  11.1   9.2 145.4
24606 ß  Í   30.0  27.1  25.2  15.5   6.6   5.6   7.9   6.5   4.7  10.0  23.7  28.8 191.7
24606 ß  Î    5.4   6.5   5.0   3.8   2.2   2.0   2.7   2.9   1.9   1.9   4.0   4.5  42.7
24641 Ï  Í    1.3   1.0   0.0   2.0   2.8   2.6   2.3   3.9   5.4   5.3   2.1   1.5  30.3
24641 Ï  Î    5.8   5.2   5.0   7.9  10.8  10.1   8.6   9.8  12.5  15.5   8.5   6.3 105.8
24641 ß  Í   29.3  26.8  28.7  21.4  11.0   9.3  12.9  11.7   8.6  11.5  25.4  28.7 225.3
24641 ß  Î    8.5   8.5   8.8   5.9   2.5   2.6   4.3   3.9   3.1   2.4   6.1   8.7  65.4
24661 Ï  Í    0.0   0.0   1.5   1.3   2.3   2.6   2.9   3.2   3.5   2.7   1.0   1.0  22.1
24661 Ï  Î    6.9   5.5   7.1   8.9  11.7  10.5   9.9  10.8  13.7  15.2   9.9   8.1 118.0
24661 ß  Í   30.7  28.1  30.1  24.1  15.1  12.0  14.6  13.7  12.5  19.1  28.7  30.3 259.0
24661 ß  Î    8.3   9.6   9.9   6.3   3.8   2.7   4.5   4.3   3.6   3.3   6.5   7.9  70.6
24671 Ï  Í    1.0   0.0   0.0   2.3   2.5   2.5   3.0   3.3   4.2   3.6   2.5   1.0  25.9
24671 Ï  Î    6.4   4.5   5.0   8.9  12.6  11.0  11.4  11.3  15.0  14.3   8.7   7.0 116.0
24671 ß  Í   30.6  28.2  30.3  24.0  11.1   8.3  10.4  10.1   9.2  18.9  28.7  30.6 240.6
24671 ß  Î    9.3   8.6  10.1   6.4   3.5   2.7   3.2   3.3   2.7   3.8   6.6   8.7  69.0
24688 Ï  Í    1.0   1.0   1.0   1.5   2.3   2.4   3.4   3.3   4.4   3.4   1.2   1.7  26.6
24688 Ï  Î    9.3   7.8   7.5   9.8  14.2  13.8  13.0  13.5  15.2  14.3  10.7   8.9 137.9
24688 ß  Í   29.8  27.4  30.5  24.3   9.9   6.1   8.5   7.3   7.2  17.0  27.2  29.7 224.9
24688 ß  Î    6.9   6.8   7.7   5.8   2.3   1.8   2.3   2.3   2.0   3.6   4.3   7.0  52.7
24713 Ï  Í    1.7   1.0   1.3   2.0   4.1   4.2   3.5   5.6   7.7   6.9   2.7   1.4  42.3
24713 Ï  Î    5.6   4.6   7.8   9.4  15.0  13.4  11.4  14.3  15.9  16.8  10.1   7.3 131.6
24713 ß  Í   26.4  23.7  22.3  14.6   6.9   5.5   8.0   5.9   4.5   8.0  19.4  24.4 169.5
24713 ß  Î    6.8   7.3   6.2   3.6   2.0   2.1   2.9   2.4   1.7   1.9   4.5   5.8  47.1
24738 Ï  Í    1.0   1.0   1.0   1.3   1.7   1.7   2.0   2.1   3.4   3.8   2.1   2.0  23.1
24738 Ï  Î    9.0   7.1   6.9   8.4  10.8   9.1   8.1   9.5  12.9  15.4  11.6  10.7 119.4
24738 ß  Í   28.2  25.6  27.4  19.1  12.9  13.0  16.8  14.3  11.0  11.2  23.0  27.2 229.7
24738 ß  Î    5.3   5.6   6.6   4.4   2.7   2.8   4.7   4.2   3.0   2.3   3.8   4.6  50.0
24790 Ï  Í    1.5   1.0   1.0   1.0   2.4   3.0   3.9   4.7   3.5   2.3   1.0   2.8  28.0
24790 Ï  Î   13.0  11.0   9.9   9.3  15.1  13.7  15.5  15.7  15.3  13.0  12.1  12.4 156.0
24790 ß  Í   26.4  26.3  29.9  24.8  12.5   8.5   9.7   9.7  10.8  20.2  26.0  25.3 229.9
24790 ß  Î    5.3   5.7   8.2   6.9   2.9   1.9   2.6   2.7   2.6   4.8   4.7   6.1  54.5
24817 Ï  Í    1.8   1.0   1.4   1.9   2.6   2.6   2.8   3.9   5.7   6.3   3.0   1.7  34.6
24817 Ï  Î   14.2  10.5  14.4  16.0  19.3  18.4  18.4  18.4  19.2  21.7  16.0  14.7 201.2
24817 ß  Í   27.2  25.7  24.7  15.5   8.3   7.9  10.9   8.8   6.9   8.0  19.3  25.0 188.2
24817 ß  Î    4.7   4.2   3.3   2.8   1.8   1.7   2.3   2.3   1.8   1.5   3.1   4.1  33.7
24908 Ï  Í    1.5   1.0   1.3   1.5   2.3   1.8   2.0   2.7   3.9   5.6   2.5   1.6  27.7
24908 Ï  Î   15.4  11.7  14.1  14.5  17.9  15.8  14.0  15.1  16.6  21.2  17.1  16.4 189.8
24908 ß  Í   27.0  24.6  22.2  13.7   9.0   8.9  11.2   9.6   8.4   8.2  18.1  25.1 186.1
24908 ß  Î    3.6   3.7   3.6   3.0   1.9   1.8   2.0   2.0   2.3   1.8   2.5   3.2  31.3
24959 Ï  Í    5.2   2.8   1.0   1.5   2.1   2.1   2.0   2.9   3.6   4.0   2.3   4.5  34.0
24959 Ï  Î   21.7  18.1  12.4  12.8  18.1  15.3  15.3  14.7  15.9  19.8  19.9  21.7 205.9
24959 ß  Í   22.7  23.6  28.4  20.0  11.5  10.0  12.6  11.6   8.7  10.0  22.5  22.8 204.3
24959 ß  Î    2.0   2.3   4.6   3.8   2.0   2.2   2.7   2.2   2.7   2.0   1.8   2.6  30.9
24966 Ï  Í    0.0   1.0   1.0   1.4   1.8   1.8   1.8   2.5   3.4   3.2   1.5   0.0  19.5
24966 Ï  Î   11.2   8.6   8.9  10.4  13.0  10.6  11.1  11.0  14.0  17.3  13.4  11.3 140.7
24966 ß  Í   30.2  27.5  29.1  22.9  17.5  17.6  18.7  16.6  12.5  12.0  25.3  29.6 259.3
24966 ß  Î    5.4   6.4   7.6   4.8   3.0   3.0   4.0   3.5   3.3   2.1   4.0   6.2  53.4
24967 Ï  Í    0.0   0.0   1.0   1.1   1.7   2.6   2.5   3.0   3.1   2.3   1.0   1.0  19.3
24967 Ï  Î   11.4   8.0   7.0   8.4  12.1  10.9  10.4  10.3  13.2  15.6  11.0  10.4 128.6
24967 ß  Í   30.7  28.0  28.6  20.2  12.4  10.6  12.1  11.0  11.7  18.5  28.4  30.5 242.7
24967 ß  Î    5.0   6.3   7.3   4.8   2.7   3.0   3.3   3.4   3.1   2.1   4.5   4.9  50.4
25062 Ï  Í    2.1   1.2   1.3   2.3   5.3   6.0   4.9   8.0   7.6   6.7   4.3   2.3  51.8
25062 Ï  Î   11.7   9.6   8.8  11.8  16.9  14.5  14.4  17.9  18.9  18.8  15.2  11.5 169.8
25062 ß  Í   27.0  25.2  28.4  24.2  15.0  12.7  12.5  10.8   8.9  13.9  18.8  26.0 223.4
25062 ß  Î    6.0   5.6   7.5   6.3   3.3   2.7   3.4   3.0   2.3   2.8   3.7   5.5  52.1
25138 Ï  Í    1.0   1.7   1.5   1.0   2.9   3.1   4.2   5.3   5.2   3.5   1.9   1.3  32.6
25138 Ï  Î   13.7  11.6  11.6  12.3  15.4  15.4  16.4  17.8  19.3  17.8  14.2  13.9 179.4
25138 ß  Í   22.9  21.4  24.8  22.3  11.7   7.1   8.1   6.5   6.3  10.8  18.0  22.7 182.6
25138 ß  Î    4.8   4.8   5.1   4.5   3.1   1.8   2.3   2.1   2.6   3.5   4.8   4.6  43.9
25173 Ï  Í    3.1   2.6   2.3   3.1  10.3   6.1   5.6   8.1  10.5  10.2   8.4   4.8  75.0
25173 Ï  Î   10.9   9.8   7.9   9.9  17.4  12.4  14.1  17.6  18.8  18.8  16.1  11.8 165.5
25173 ß  Í   18.5  18.4  23.1  18.6   9.1  10.5   9.8   7.3   6.2   8.6  11.6  17.2 158.9
25173 ß  Î    5.8   5.3   8.1   6.3   2.6   2.8   3.0   2.6   2.0   2.3   2.9   5.6  49.4
25206 Ï  Í    1.3   2.0   1.5   1.2   2.7   3.3   4.8   6.4   8.4   6.3   3.4   2.0  43.3
25206 Ï  Î   14.3  12.8  13.5  13.1  18.4  18.3  19.7  20.7  21.9  21.0  16.9  15.2 205.7
25206 ß  Í   27.4  24.9  27.9  26.0  16.5  10.9  11.8  10.0   8.7  12.5  21.2  26.0 223.7
25206 ß  Î    5.1   4.9   4.7   3.6   2.6   1.7   1.9   1.8   1.8   2.0   2.5   4.2  36.8
25248 Ï  Í    1.8   1.3   1.3   1.5   2.4   4.1   4.0   5.9   6.1   4.2   2.4   2.4  37.4
25248 Ï  Î    9.5   7.8   7.2   7.4  11.5  12.3  13.8  16.3  16.5  14.4  10.7   9.6 137.0
25248 ß  Í   25.4  24.8  27.6  26.0  17.8   8.6   8.2   7.1   8.0  15.8  23.0  26.3 218.7
25248 ß  Î    8.9   8.6  10.0   8.7   6.2   3.1   2.6   3.2   3.4   4.1   7.5  10.0  76.3
25282 Ï  Í    2.5   2.0   1.7   2.8  10.1   5.3   3.8   7.6   9.9  10.2   6.3   2.8  65.0
25282 Ï  Î   10.6   8.3   6.9  10.4  18.0  11.7  12.4  17.7  17.8  20.7  15.3   9.7 159.4
25282 ß  Í   24.9  24.1  27.4  21.7  11.5  15.0  16.1  11.8   8.0   7.5  14.4  23.0 205.4
25282 ß  Î    6.5   6.4   8.8   7.0   3.5   4.4   4.0   3.6   2.5   2.3   3.1   6.6  58.6
25325 Ï  Í    1.8   1.7   1.3   1.4   4.4   4.6   6.6   8.0  11.7   6.1   3.6   2.4  53.6
25325 Ï  Î   12.9  11.1   9.5   8.8  13.1  13.6  13.9  16.1  18.7  17.8  13.7  12.4 161.7
25325 ß  Í   23.0  21.2  24.7  23.0  11.4   8.5  10.5   8.6   6.6  10.3  17.6  22.5 188.0
25325 ß  Î    5.7   6.3   7.9   7.5   4.4   2.8   3.3   3.7   3.2   3.4   4.6   5.4  58.1
25356 Ï  Í    3.0   3.3   2.1   2.0   4.1   4.4   6.7   6.0   4.8   4.8   3.6   2.9  47.8
25356 Ï  Î   10.2   9.4   8.8   9.1  13.2  12.0  15.3  16.9  13.1  13.2  11.2   9.9 142.2
25356 ß  Í   20.5  19.0  23.7  21.3  13.2   9.8  10.4   8.5   8.8  11.8  17.8  21.5 186.2
25356 ß  Î    8.4   6.8   8.8   6.8   4.6   3.1   3.3   3.4   3.8   3.8   6.4   8.1  67.2
25378 Ï  Í    3.0   2.7   2.4   2.6   4.7   5.5   9.1   9.3   5.4   3.8   2.5   2.8  53.8
25378 Ï  Î    9.4   9.6   8.5  10.4  15.4  13.8  17.8  19.1  15.0  15.7  11.2  10.7 156.7
25378 ß  Í   20.6  19.6  23.4  19.6  10.9   8.7   5.7   5.4   6.9   9.3  15.4  20.6 166.3
25378 ß  Î    8.2   7.4   9.9   7.5   3.6   3.0   2.3   2.5   2.8   3.3   6.4   8.3  65.3
25399 Ï  Í    6.9   6.3   4.4   8.1  14.3   7.3   6.4  10.4  11.3  17.1  13.7   9.0 115.0
25399 Ï  Î   16.5  14.3  13.5  16.6  21.5  16.2  17.6  22.0  20.4  24.6  21.5  17.7 222.4
25399 ß  Í   10.1  11.3  14.1   8.8   4.4   8.2   8.6   5.0   3.1   2.1   2.9   8.9  87.4
25399 ß  Î    3.1   3.9   4.3   2.7   1.8   2.5   2.2   2.1   1.4   1.3   1.1   2.7  29.1
25400 Ï  Í    1.5   1.2   1.8   1.0   1.6   2.5   3.1   3.9   6.0   4.6   2.2   3.2  32.5
25400 Ï  Î   14.7  12.3  11.7   9.2  12.3  13.4  15.1  15.8  16.9  17.2  14.9  13.7 167.0
25400 ß  Í   27.7  26.4  29.4  27.5  21.6  17.2  17.1  14.9  12.5  16.2  24.2  27.2 261.8
25400 ß  Î    5.9   5.4   7.2   7.4   4.2   3.1   2.6   3.3   2.9   3.5   4.8   6.5  56.7
25428 Ï  Í    1.3   1.3   1.1   1.2   2.1   2.5   3.4   3.9   4.8   3.1   1.0   1.7  27.5
25428 Ï  Î   11.7   9.8  10.0  10.3  14.9  14.1  15.6  15.6  16.5  16.9  13.0  11.1 159.6
25428 ß  Í   25.5  23.1  27.5  24.5  11.4   8.0   9.1   8.0   7.5  11.6  20.3  24.8 201.3
25428 ß  Î    6.4   6.5   7.1   6.3   3.6   1.9   2.5   2.4   3.0   2.6   4.8   6.9  53.9
25503 Ï  Í    2.3   1.8   1.8   1.9   3.7   3.9   5.4   6.5   8.4   3.9   3.2   3.8  46.4
25503 Ï  Î   12.1  10.3   8.5   6.5   9.7   9.1  10.7  12.6  14.6  13.7  10.9  10.8 129.4
25503 ß  Í   26.1  23.8  27.2  24.2  13.6  10.4  11.6   9.9  10.0  14.8  23.1  25.6 220.4
25503 ß  Î    6.1   6.4   9.2   9.4   5.2   3.9   4.0   3.7   4.0   3.8   5.6   6.4  67.7
25538 Ï  Í    6.7   4.9   5.1   4.0   7.6   7.9   7.7  10.6  10.7   9.4   7.0   6.3  88.0
25538 Ï  Î   12.6   9.3   8.7   8.8  13.0  12.5  13.3  16.7  15.3  14.0  11.4  11.2 146.7
25538 ß  Í   16.3  15.8  20.0  19.3  10.9   7.1   7.3   6.1   6.3  11.1  13.2  17.2 150.5
25538 ß  Î    7.8   8.5  10.3   8.3   5.7   3.2   3.3   3.1   3.1   5.5   6.1   7.9  72.7
25551 Ï  Í    2.7   2.7   2.2   1.8   3.2   3.4   5.2   5.0   4.8   4.4   3.6   3.0  42.1
25551 Ï  Î   13.4  10.8  10.2  11.3  15.3  14.1  16.7  18.2  16.3  15.0  13.7  13.1 168.3
25551 ß  Í   20.0  20.4  24.1  22.2  13.8   8.9   9.0   7.4   7.7  12.5  17.3  20.6 183.9
25551 ß  Î    6.6   6.6   8.4   5.4   3.5   2.2   2.5   2.0   2.4   3.0   4.7   6.4  53.7
25563 Ï  Í    2.5   2.3   2.5   3.0   5.5   4.9   6.3   7.2   6.7   5.8   4.4   3.1  54.2
25563 Ï  Î   10.2   7.6   8.2   9.1  14.3  11.8  14.8  16.6  14.2  14.2  10.9  10.7 142.6
25563 ß  Í   19.6  18.9  22.5  18.7  11.6  10.1   8.4   6.6   6.9  10.0  15.2  18.6 167.0
25563 ß  Î    6.7   7.5   9.4   6.9   3.2   3.4   2.6   2.1   2.8   3.3   5.6   7.3  60.8
25594 Ï  Í    5.8   4.5   4.2   5.5   9.3   8.6  10.7  11.1   7.8   8.3   7.3   6.2  89.2
25594 Ï  Î   11.9   9.7   9.5  12.3  16.4  15.2  17.4  19.5  15.7  15.9  13.2  11.8 168.5
25594 ß  Í   16.5  16.3  19.5  14.2   8.3  10.4   8.5   5.6   7.0   6.6   9.1  15.2 137.2
25594 ß  Î    8.8   8.5  10.3   6.5   4.0   4.3   3.4   2.8   3.0   3.0   4.8   8.3  67.7
25677 Ï  Í    6.5   4.8   4.1   3.8   8.3   6.6   6.7   9.2  10.3  11.3   9.6   7.0  88.3
25677 Ï  Î   12.4   9.3   9.1  10.6  16.0  12.1  13.8  16.6  16.8  17.8  15.2  12.7 162.5
25677 ß  Í   12.5  14.4  18.4  14.1   8.2  10.9   9.7   7.3   4.6   5.2   7.1  11.8 124.3
25677 ß  Î    6.0   6.0   8.5   6.0   3.3   3.8   3.9   2.3   2.0   1.9   3.3   5.4  52.5
25705 Ï  Í    2.7   1.5   1.3   1.6   3.4   4.2   4.9   5.9   7.3   3.8   2.3   1.5  40.1
25705 Ï  Î   19.8  18.1  18.8  17.1  21.7  19.1  20.8  20.8  19.5  20.1  19.6  19.4 234.8
25705 ß  Í   29.4  27.3  29.4  25.2  15.2   9.8  10.4   8.9   8.7  17.8  26.9  29.8 238.9
25705 ß  Î    3.8   3.3   3.6   3.1   2.1   1.4   2.1   1.7   2.0   2.0   3.2   3.8  32.0
25927 Ï  Í    4.0   3.9   3.2   4.0   5.5   5.1   5.2   6.6   6.9   8.6   7.1   5.9  66.0
25927 Ï  Î   12.4  10.8  11.0  11.4  12.4  11.6  13.3  13.9  12.6  14.9  14.1  14.0 152.5
25927 ß  Í   19.0  18.4  19.9  16.3  12.6  11.3  10.7   9.1   7.7   8.7   9.2  14.1 157.0
25927 ß  Î    5.9   5.8   6.7   5.3   3.7   3.6   3.2   2.6   2.9   3.6   4.4   4.4  52.1
25932 Ï  Í    2.0   2.1   3.1   3.8   6.0   6.2   6.8   7.6   6.4   4.9   4.6   3.1  56.5
25932 Ï  Î   10.2   9.7  10.5  12.1  13.6  11.7  12.7  15.3  13.3  13.6  13.8  11.1 147.7
25932 ß  Í   20.3  18.4  19.5  15.1  11.2  11.7  10.3   8.9   7.8   7.3   9.4  16.8 156.7
25932 ß  Î    6.7   5.2   5.6   4.7   4.1   4.6   3.4   3.1   2.9   2.4   3.0   5.1  51.0
25954 Ï  Í    5.6   4.8   5.0   5.2   7.8   9.6  11.6  10.6   8.2   6.9   5.9   5.3  86.5
25954 Ï  Î   13.6  12.9  14.2  14.4  18.9  19.4  21.6  20.7  17.9  15.9  14.2  14.5 198.3
25954 ß  Í   14.7  13.6  15.6  14.0   8.1   5.2   5.2   5.1   6.4   9.0  11.2  13.3 121.3
25954 ß  Î    5.5   4.7   6.0   4.2   2.3   1.8   1.6   1.9   2.1   3.7   3.9   4.9  42.5
25956 Ï  Í    6.1   5.9   6.3   5.9  11.0  12.7  14.3  12.1   9.4   7.9   7.5   7.2 106.3
25956 Ï  Î   14.2  12.8  12.7  13.3  18.8  20.4  22.0  20.2  16.9  15.0  13.6  13.9 193.6
25956 ß  Í   11.3  11.3  14.4  12.3   6.1   4.1   4.0   4.4   6.5   8.2   9.7  11.0 103.2
25956 ß  Î    5.2   4.4   6.0   4.4   2.6   1.6   2.0   2.0   2.4   3.4   4.2   4.7  42.9
26063 Ï  Í   15.3  10.6   8.7   5.4   3.8   4.3   3.7   3.9   6.8  13.0  17.7  17.8 111.2
26063 Ï  Î   20.0  16.1  14.3  12.6  10.0   9.4   9.9   9.4  12.9  17.9  21.8  22.3 176.7
26063 ß  Í    5.3   6.3   9.7   9.2  10.8   8.6   9.0   8.0   4.7   3.5   2.3   2.8  80.2
26063 ß  Î    2.7   2.5   4.0   2.8   4.5   3.5   3.5   3.4   2.4   2.0   1.8   1.4  34.5
26157 Ï  Í   13.9   8.8   7.0   4.6   2.9   2.8   3.3   3.3   5.0   9.4  15.3  14.8  91.0
26157 Ï  Î   19.7  15.0  13.2  10.9   9.1   9.4   9.3   9.7  11.8  16.5  20.4  20.7 165.6
26157 ß  Í    5.1   6.7   9.9  12.0  14.5  12.9  13.3  11.3   8.0   5.1   3.3   3.1 105.3
26157 ß  Î    2.7   2.9   4.3   3.7   4.2   3.5   4.2   3.5   2.6   2.4   1.8   1.7  37.5
26275 Ï  Í   11.6   7.7   6.1   4.1   3.3   2.5   3.1   2.6   5.6   8.4  14.7  13.8  83.5
26275 Ï  Î   19.3  14.5  12.7  10.2   8.3   8.6   8.0   7.6  10.8  15.6  19.9  20.4 156.0
26275 ß  Í    6.4   7.9  10.8  11.8  13.0  10.8  12.2  11.2   8.9   6.0   3.6   4.4 107.0
26275 ß  Î    3.5   3.4   4.4   3.6   4.2   3.4   3.8   3.7   2.9   2.8   1.9   2.0  39.7
26359 Ï  Í   14.4   9.3   6.6   4.5   3.3   2.7   3.1   2.5   4.9   9.0  14.8  16.4  91.4
26359 Ï  Î   19.3  13.9  11.1   9.8   8.0   8.1   7.6   7.0   9.6  14.9  19.4  20.5 149.2
26359 ß  Í    5.3   6.7  10.1  11.4  11.8   9.9  11.1  11.3   9.1   6.2   3.3   3.2  99.3
26359 ß  Î    3.3   3.3   5.2   4.2   4.4   3.6   4.2   3.7   3.3   3.3   2.0   2.1  42.5
26781 Ï  Í   12.9   9.1   6.2   3.9   3.2   2.1   2.2   2.5   3.6   8.8  14.1  16.6  85.3
26781 Ï  Î   19.6  14.8  13.1  11.2   8.9   8.3   8.5   7.2  10.5  15.6  19.4  21.4 158.5
26781 ß  Í    6.1   7.4   9.9  11.2  12.3   9.4  10.8  12.4  10.3   6.9   3.5   3.6 103.8
26781 ß  Î    3.3   2.8   3.8   2.7   3.2   2.4   3.3   3.4   3.1   3.8   2.7   1.8  36.2
26997 Ï  Í    9.7   8.0   5.9   4.2   2.8   2.5   2.2   2.5   3.6   5.8  11.9  12.8  71.8
26997 Ï  Î   16.5  13.0  11.2   8.7   5.5   5.4   4.8   4.9   7.4  11.9  17.9  19.2 126.4
26997 ß  Í    7.1   8.5  11.6  12.2  13.8  12.1  13.6  15.3  12.1   9.8   4.6   5.0 125.6
26997 ß  Î    4.0   4.1   5.5   4.7   6.5   5.3   7.0   8.2   6.5   4.1   2.7   2.6  61.2
27037 Ï  Í    7.6   5.3   4.7   4.0   3.2   2.8   3.1   3.9   5.8  10.8  14.4  11.4  76.9
27037 Ï  Î   19.7  15.2  15.0  12.3  11.1  10.6  10.3  11.6  14.1  19.6  22.7  22.4 184.4
27037 ß  Í    9.6  11.8  12.5  11.6  10.9   8.8  10.0   8.7   6.7   4.6   4.8   7.2 107.1
27037 ß  Î    3.1   3.1   3.9   3.2   3.3   2.4   2.8   2.4   2.4   2.3   1.9   2.0  32.8
27051 Ï  Í    9.6   7.2   6.5   4.2   3.4   3.3   3.3   4.2   5.5  12.4  14.7  12.2  86.5
27051 Ï  Î   18.5  14.9  15.3  12.6  11.1  10.4   9.8  11.9  15.0  21.6  22.5  22.3 185.8
27051 ß  Í    9.9  10.6  10.8  11.3  11.3   9.9  10.4   9.2   6.0   4.1   4.2   7.1 104.8
27051 ß  Î    3.3   3.5   4.2   2.9   3.6   2.8   3.4   2.7   1.7   2.0   2.1   2.2  34.3
27333 Ï  Í    9.1   6.4   5.3   4.0   3.2   2.7   3.5   3.5   5.4  10.0  13.9  13.0  79.9
27333 Ï  Î   20.9  16.3  16.2  14.1  13.1  11.9  12.0  12.5  15.6  20.0  22.6  23.8 199.0
27333 ß  Í    9.4  12.1  13.3  11.9  11.7   9.6  10.2   9.4   8.8   6.2   4.4   5.9 112.9
27333 ß  Î    2.9   2.9   3.0   2.5   2.7   1.7   2.5   2.7   2.2   1.8   1.7   2.0  28.5
27459 Ï  Í   11.2   7.7   5.3   3.8   3.1   2.5   2.6   3.2   4.8  11.5  15.5  14.4  85.6
27459 Ï  Î   19.9  15.5  14.2  11.8   9.6   9.5   9.2   9.7  13.2  19.2  21.8  22.2 175.5
27459 ß  Í    6.7   9.7  12.3  13.9  13.4  10.6  12.1  11.6  10.1   6.6   3.7   6.0 116.8
27459 ß  Î    3.0   3.7   3.7   3.3   3.5   2.5   2.8   3.3   2.8   2.8   2.2   2.0  35.5
27595 Ï  Í    7.9   4.8   4.0   3.5   2.9   2.5   2.9   3.3   4.7  11.1  12.8  10.5  70.8
27595 Ï  Î   17.7  13.5  12.4  10.0   8.4   7.6   6.9   7.7  11.5  18.3  20.3  19.6 153.9
27595 ß  Í   11.7  14.0  16.0  15.3  14.4  12.0  13.5  13.7  10.5   7.4   5.8   8.8 143.0
27595 ß  Î    3.3   4.5   5.3   4.4   4.6   3.5   5.0   5.0   3.6   3.1   2.5   2.5  47.4
27612 Ï  Í   13.5   9.1   7.8   4.8   3.7   3.5   3.4   4.3   6.4  12.6  18.1  17.0 104.2
27612 Ï  Î   20.9  16.2  14.9  12.7   9.0   8.2   8.1   9.0  12.0  18.4  22.1  23.3 174.7
27612 ß  Í    7.0   8.2   9.3   8.4   9.1   6.2   6.5   8.4   7.5   5.3   3.7   4.4  83.9
27612 ß  Î    2.9   3.4   3.7   2.8   4.3   2.2   2.9   3.2   3.2   3.0   2.1   2.2  35.7
27648 Ï  Í    9.2   6.0   4.0   3.8   3.2   3.4   3.6   3.8   5.2   9.6  13.1  11.5  76.3
27648 Ï  Î   18.2  14.2  13.5  11.2   8.7  10.1  10.0   9.2  11.8  16.7  20.3  20.6 164.5
27648 ß  Í   10.9  13.2  13.9  12.1  10.7   7.9   8.2  10.4   9.5   6.9   4.7   7.7 116.3
27648 ß  Î    4.3   4.1   4.6   3.0   3.7   2.6   3.1   4.0   3.1   3.1   2.2   2.4  40.2
27675 Ï  Í   11.6   7.5   5.6   4.5   3.9   4.1   3.4   4.3   6.5  11.2  13.9  12.5  89.1
27675 Ï  Î   19.7  14.9  14.6  13.5  12.6  12.4  11.4  12.2  14.1  19.6  21.3  20.8 187.0
27675 ß  Í    9.0  10.2  12.7  12.7  12.3   8.8  10.0  10.2   9.3   6.9   4.8   6.2 113.0
27675 ß  Î    3.2   3.9   3.9   2.9   3.1   2.1   3.2   3.5   2.1   2.5   2.2   2.5  35.2
27707 Ï  Í    6.6   4.9   4.1   3.5   2.9   2.2   2.4   2.5   3.8   6.0  10.1   9.5  58.5
27707 Ï  Î   17.5  12.9  10.5   9.0   5.6   5.7   5.9   5.8   7.9  12.9  17.4  18.8 129.8
27707 ß  Í   10.5  12.3  13.1  10.9  14.0  11.0  11.2  13.4  11.5   9.0   5.8   7.1 129.7
27707 ß  Î    3.7   4.2   4.6   3.9   5.5   3.4   4.7   4.5   4.0   3.5   3.0   2.5  47.5
27823 Ï  Í    5.5   4.9   5.6   3.2   3.1   2.3   3.1   3.0   3.7   6.0   9.0   8.5  57.9
27823 Ï  Î   19.6  15.4  15.6  13.6  12.3  13.0  12.7  10.9  12.5  17.3  20.2  21.0 184.0
27823 ß  Í   13.1  15.5  16.3  13.0  13.2  10.2  11.6  13.1  12.0   9.3   7.1   9.1 143.6
27823 ß  Î    2.6   3.3   3.0   1.8   2.2   2.0   1.9   2.3   2.5   2.3   2.0   1.9  27.8
27857 Ï  Í    8.0   4.5   5.0   3.3   2.7   2.4   2.6   2.4   4.0   8.7  13.2  10.2  67.1
27857 Ï  Î   17.8  13.7  13.0   9.3   7.2   7.4   6.8   6.2   9.6  15.4  19.8  20.2 146.3
27857 ß  Í   11.6  13.9  15.2  12.1  10.9   7.6   8.3  11.5  11.4   8.2   5.9   8.0 124.6
27857 ß  Î    3.5   4.8   4.8   3.7   4.0   3.1   3.3   4.3   3.8   3.2   3.2   2.4  44.1
27995 Ï  Í    6.7   4.2   4.3   2.8   2.0   2.0   1.6   1.9   2.9   6.2  11.1   9.0  54.6
27995 Ï  Î   15.7  11.7  11.0   9.2   7.4   6.9   6.3   5.5   8.3  14.3  17.7  17.2 131.3
27995 ß  Í   11.2  13.5  15.2  14.7  14.4  11.8  13.7  15.2  12.3   8.8   6.2   9.2 146.3
27995 ß  Î    3.8   5.2   5.4   4.3   4.8   4.3   5.5   6.1   4.6   3.7   3.1   3.0  53.8
28009 Ï  Í    7.1   5.3   5.4   4.0   3.4   3.0   3.5   4.5   6.4  12.9  12.2  10.2  77.8
28009 Ï  Î   19.1  15.0  15.9  12.8  13.3  13.0  12.4  13.7  16.6  21.7  22.0  21.2 196.7
28009 ß  Í   12.9  14.5  12.8  12.8   9.6   7.1   7.8   7.5   7.0   5.4   6.0  10.4 113.9
28009 ß  Î    3.5   3.9   3.6   3.2   2.8   2.7   2.5   2.6   2.4   1.6   1.8   3.1  33.8
28064 Ï  Í    2.3   1.9   2.0   2.4   3.2   3.3   3.3   4.0   5.0   5.3   4.6   2.5  39.8
28064 Ï  Î   11.5   8.8   9.9  10.5  12.5  11.8  11.0  12.7  14.1  16.3  14.6  13.1 146.8
28064 ß  Í   23.2  22.4  19.6  14.9  10.3   9.1  10.7   8.6   8.6   8.4  14.0  20.7 170.6
28064 ß  Î    3.7   4.4   4.4   3.3   2.1   2.8   2.6   2.6   2.3   2.0   2.8   3.1  36.0
28138 Ï  Í    9.9   6.9   8.2   7.2   6.8   7.1   7.1   9.5  12.2  16.5  14.7  11.9 118.0
28138 Ï  Î   17.7  14.1  14.9  12.0  11.7  11.6  11.4  13.4  16.3  20.3  19.8  19.6 182.8
28138 ß  Í    9.4  10.6   9.9   9.2   6.5   4.1   4.5   3.9   4.3   3.6   4.8   7.5  78.4
28138 ß  Î    3.5   3.4   3.6   3.4   2.3   1.9   2.2   2.0   2.2   2.0   2.3   3.3  31.9
28224 Ï  Í    6.4   4.0   4.3   3.6   3.3   3.1   3.6   4.2   7.2  11.3  11.9   8.5  71.5
28224 Ï  Î   18.4  13.1  13.6  10.4   9.8   8.6   8.7  10.3  15.7  21.4  21.2  19.8 171.1
28224 ß  Í   11.8  14.6  14.3  13.2   9.2   7.3   9.9   7.7   6.8   4.9   6.5  10.4 116.6
28224 ß  Î    3.3   4.0   4.8   4.4   3.4   2.7   3.8   2.7   2.8   2.2   2.5   3.4  40.0
28255 Ï  Í    2.3   1.4   1.6   2.5   2.5   2.6   2.5   3.1   4.7   5.0   3.4   2.0  33.6
28255 Ï  Î   10.1   7.6   8.1   8.2   8.8   8.3   8.4   9.6  12.0  14.2  13.3  11.8 120.4
28255 ß  Í   23.7  23.8  22.3  16.8  13.1  13.1  13.6  11.8  10.0  10.1  14.3  20.3 193.0
28255 ß  Î    5.4   6.0   5.8   4.5   3.0   3.8   3.8   3.2   2.9   2.7   3.4   4.1  48.6
28275 Ï  Í    2.2   1.5   1.6   2.3   2.4   2.2   2.7   2.4   2.6   4.2   4.5   2.4  30.9
28275 Ï  Î   13.0   9.1  10.6  11.5  14.5  14.3  14.9  14.3  15.3  17.5  16.1  13.9 164.8
28275 ß  Í   25.9  24.6  22.9  18.3  13.2  12.0  12.2  10.9  11.1  11.8  16.1  23.0 202.0
28275 ß  Î    3.6   4.2   4.3   3.3   2.2   2.0   2.2   1.8   2.4   1.8   2.9   3.1  33.7
28418 Ï  Í    8.9   5.9   5.7   3.4   3.8   3.6   3.4   4.2   7.0  11.9  12.9  10.8  81.2
28418 Ï  Î   16.4  11.8  11.9   7.9   7.9   7.1   6.7   8.4  11.7  18.1  19.1  17.8 144.8
28418 ß  Í   11.2  13.7  13.7  14.3  11.5   9.9  11.9  10.5   8.3   5.6   5.6   9.3 125.5
28418 ß  Î    4.0   4.9   5.1   5.5   4.2   3.7   5.0   3.5   3.2   2.5   2.4   3.2  47.2
28434 Ï  Í    6.2   3.7   5.2   3.6   4.0   3.7   4.0   4.8   8.2  12.7  12.2   9.0  77.3
28434 Ï  Î   17.4  13.4  13.5  10.5  10.4   9.6   9.1  10.2  14.8  20.2  20.5  18.8 168.4
28434 ß  Í   13.1  15.0  14.3  13.4   9.9   8.9  10.0   8.5   7.4   4.8   6.4  11.1 122.6
28434 ß  Î    3.2   3.8   4.8   5.1   3.3   2.6   3.5   2.9   2.8   2.3   2.9   3.2  40.4
28493 Ï  Í    2.6   1.7   2.5   2.3   2.4   2.5   2.3   2.9   3.3   5.9   6.4   3.6  38.5
28493 Ï  Î   13.4   9.0  10.1   9.7  10.9  10.4  10.7  11.6  13.2  17.3  16.9  14.5 147.7
28493 ß  Í   19.6  21.2  20.4  16.6  13.1  11.6  11.8  11.1  11.5   8.8   9.8  16.7 172.2
28493 ß  Î    3.6   4.4   5.1   3.9   2.5   2.8   2.7   2.3   2.9   2.2   2.6   3.3  38.1
28552 Ï  Í    2.5   1.8   2.2   2.8   2.9   3.0   3.2   3.5   5.6   6.5   5.2   3.6  42.7
28552 Ï  Î   12.0   8.8   8.6   8.8   9.3   9.0   9.1   9.3  10.8  13.6  13.1  12.0 124.3
28552 ß  Í   15.2  17.1  17.4  13.6   9.4   8.5   7.9   7.6   9.0   6.9   9.5  13.1 135.1
28552 ß  Î    3.6   4.8   5.5   4.1   2.8   2.6   2.4   2.6   2.7   2.5   2.9   3.2  39.7
28573 Ï  Í    1.7   1.9   2.3   2.1   1.5   1.9   1.8   2.0   2.3   3.4   3.8   2.9  27.6
28573 Ï  Î   10.5   7.4   7.1   6.9   6.1   5.6   6.0   7.8   9.8  13.8  12.8  11.6 105.3
28573 ß  Í   20.9  20.7  20.8  18.0  14.9  15.0  14.6  13.7  13.9  12.4  12.8  18.0 195.7
28573 ß  Î    4.4   5.7   6.3   5.6   4.1   4.3   5.5   3.9   3.8   2.6   3.1   3.9  53.2
28666 Ï  Í    2.8   2.2   2.7   3.2   3.2   2.6   3.3   3.3   4.5   6.5   5.7   3.9  44.0
28666 Ï  Î    8.2   5.7   5.9   6.2   5.5   5.3   5.3   5.7   7.4  10.8  10.8   9.3  86.1
28666 ß  Í   17.8  18.9  18.7  15.6  11.8  11.2  10.7  10.2  10.2  10.0  11.4  15.1 161.7
28666 ß  Î    5.1   6.8   7.3   5.8   4.5   3.7   4.1   4.0   4.1   3.8   3.9   5.0  58.0
28698 Ï  Í    2.6   2.7   2.1   2.5   1.9   1.9   2.2   2.2   2.7   4.3   5.9   3.6  34.6
28698 Ï  Î   11.0   7.9   8.4   8.2   8.4   7.7   7.7   8.8  10.2  14.9  14.6  12.6 120.2
28698 ß  Í   18.3  20.2  19.7  15.9  13.6  11.6  11.0  11.0  13.0  11.2  10.8  15.3 171.5
28698 ß  Î    4.0   4.8   5.9   4.8   3.1   3.3   2.7   2.7   3.8   2.3   3.1   3.8  44.4
28704 Ï  Í    6.4   4.1   3.4   2.9   2.3   2.7   2.9   2.4   3.2   7.3  10.5   8.1  56.3
28704 Ï  Î   19.8  15.4  15.8  14.2  12.3  13.2  11.2  11.1  14.8  20.0  22.4  21.5 191.8
28704 ß  Í   13.5  16.4  17.1  18.0  17.4  13.6  15.8  16.3  14.0   9.9   7.3  11.5 170.8
28704 ß  Î    2.7   4.1   3.6   3.1   3.4   2.3   3.3   3.5   2.4   2.7   2.0   2.4  35.4
28722 Ï  Í    7.5   4.3   4.4   3.5   3.2   2.9   3.1   2.7   5.4  10.2  11.5   8.9  67.6
28722 Ï  Î   18.6  13.9  13.9  11.3   9.5   8.7   8.9   9.0  13.3  19.5  20.3  19.4 166.5
28722 ß  Í   12.2  14.5  15.4  15.2  12.6  10.1  12.0  11.8  10.2   7.1   6.6  10.2 138.0
28722 ß  Î    3.2   3.8   4.9   4.4   4.1   3.3   4.1   3.6   3.2   2.7   2.4   3.0  42.7
28748 Ï  Í    2.1   2.0   1.9   2.1   2.0   2.4   2.1   2.0   2.4   2.5   2.5   2.4  26.5
28748 Ï  Î    9.8   7.0   7.6   6.9   6.8   5.8   6.4   6.2   7.7  11.5  10.4  10.1  96.4
28748 ß  Í   21.9  21.8  22.8  16.8  12.4  10.7  10.8  11.5  12.4  13.8  16.2  19.3 190.3
28748 ß  Î    4.1   5.3   6.5   5.0   4.1   3.1   3.5   3.7   4.2   3.6   3.4   4.6  51.2
29111 Ï  Í    2.8   1.8   2.3   2.4   2.7   2.6   2.2   4.0   5.1   7.9   7.1   3.3  44.1
29111 Ï  Î   11.6   7.5   9.1   8.5  10.9   9.7   8.5  10.9  13.4  17.7  16.2  13.1 137.0
29111 ß  Í   20.1  20.0  19.4  15.5  12.6  12.5  15.0  10.9   8.5   6.9  10.6  16.3 168.2
29111 ß  Î    4.3   5.1   5.6   4.5   3.0   3.3   4.1   2.9   2.9   2.2   3.3   3.9  45.1
29231 Ï  Í    2.4   2.6   2.1   1.7   2.7   2.4   2.6   3.1   3.8   6.2   6.4   3.3  39.2
29231 Ï  Î   14.9  11.3  10.8  10.9  13.3  11.2  11.4  12.6  14.8  18.9  18.2  16.5 164.7
29231 ß  Í   19.3  20.2  20.8  16.8  11.9  12.2  13.3  11.3   9.4   8.6  10.6  16.3 170.7
29231 ß  Î    3.7   4.2   4.5   3.5   2.6   2.8   3.2   3.0   3.3   2.0   2.8   3.0  38.6
29263 Ï  Í    1.5   1.0   1.4   1.6   2.1   1.7   1.7   2.1   2.7   3.7   3.4   2.1  25.0
29263 Ï  Î   18.6  14.6  14.7  15.1  19.0  17.1  16.2  16.4  18.3  22.7  21.7  21.3 215.6
29263 ß  Í   22.1  21.2  21.1  15.6  11.1  11.8  14.3  11.8   9.5   8.2  11.3  18.1 176.0
29263 ß  Î    3.0   2.8   3.1   3.4   1.8   1.6   2.0   2.4   2.0   2.0   2.0   1.9  28.0
29282 Ï  Í    2.4   2.1   1.9   2.6   3.0   3.2   3.2   3.9   6.2   6.8   4.5   3.1  43.1
29282 Ï  Î   12.2   8.7   9.7   9.6  11.7  10.1   8.8   9.2  12.3  17.3  15.5  14.0 139.1
29282 ß  Í   22.5  20.5  19.5  11.7   7.8   7.6   8.8   7.3   6.2   6.4  13.3  20.0 151.6
29282 ß  Î    4.3   4.5   5.1   3.8   2.7   2.7   3.2   3.4   3.0   2.1   3.2   4.0  41.8
29313 Ï  Í    3.3   2.5   2.5   1.8   2.9   3.3   2.2   2.7   3.8   7.3   7.7   4.6  44.5
29313 Ï  Î   14.0  10.0  10.6  10.9  12.4  11.1  11.6  12.2  14.4  19.1  17.3  15.1 158.6
29313 ß  Í   19.3  19.5  19.0  15.4  12.0  10.7  11.7  11.0  10.7   8.8   9.3  15.1 162.4
29313 ß  Î    4.1   4.0   5.3   3.7   2.8   3.2   3.3   2.6   3.4   2.4   2.8   3.3  40.9
29328 Ï  Í    4.1   2.9   2.7   2.0   3.0   2.7   2.0   2.9   4.1   8.0   8.1   5.0  47.4
29328 Ï  Î   14.8  11.3  11.9  12.2  13.9  12.9  12.8  13.2  15.2  19.5  18.6  16.6 172.8
29328 ß  Í   16.6  16.6  17.8  15.3  12.1  11.4  13.1  11.1  10.3   8.2   8.0  12.8 153.2
29328 ß  Î    4.4   4.2   4.5   3.4   2.8   3.1   2.9   2.7   3.6   2.3   2.3   3.4  39.7
29379 Ï  Í    1.5   2.0   1.8   1.7   1.9   2.2   2.0   2.0   3.4   4.2   3.1   1.7  27.5
29379 Ï  Î   11.6   9.6   9.6   9.4   9.8   8.8   8.2   8.4  13.7  16.7  15.5  13.7 134.9
29379 ß  Í   24.8  22.5  21.2  15.8  13.3  12.1  13.3  13.2  11.7  11.7  15.0  22.9 197.3
29379 ß  Î    5.8   4.6   5.5   3.0   3.6   3.2   2.6   3.7   3.4   3.1   3.3   4.1  46.0
29570 Ï  Í    2.0   1.6   1.8   2.5   3.5   2.2   3.0   3.1   4.0   5.1   4.1   3.1  36.1
29570 Ï  Î   16.1  13.3  14.1  14.1  15.5  13.3  13.0  12.7  15.1  19.2  19.0  17.7 183.1
29570 ß  Í   18.3  17.4  16.5  11.2   8.2   8.6   8.6   8.6   8.7   8.2   9.9  15.1 139.3
29570 ß  Î    3.6   4.4   4.3   3.0   2.6   2.4   2.5   3.5   3.1   2.7   2.1   2.8  37.0
29594 Ï  Í    1.7   1.5   1.6   1.6   1.8   1.5   2.1   2.4   2.5   3.6   3.1   2.4  25.6
29594 Ï  Î   15.0  12.8  12.8  13.2  15.3  12.8  13.2  12.5  14.5  17.9  17.2  16.0 173.0
29594 ß  Í   22.6  19.9  19.8  14.1  11.1  12.6  13.9  13.1  11.8  11.4  13.9  19.2 183.4
29594 ß  Î    4.5   3.9   4.6   3.2   2.5   2.4   2.8   3.0   3.5   2.8   3.2   3.2  39.7
29612 Ï  Í    3.1   2.6   2.5   2.3   2.6   2.8   2.5   2.8   4.0   5.9   6.9   4.1  42.1
29612 Ï  Î   10.0   6.6   6.7   7.6   7.3   6.4   6.2   7.1   9.0  13.7  14.1  11.3 105.8
29612 ß  Í   19.0  19.3  20.1  16.4  13.3  11.0  10.7  10.4  11.4  10.9  10.8  14.5 167.8
29612 ß  Î    5.6   6.9   7.6   5.4   4.1   4.1   3.1   3.5   3.8   3.6   3.8   4.4  55.8
29645 Ï  Í    4.4   3.1   3.0   3.9   4.9   4.0   3.0   3.8   5.9  10.3   8.7   6.1  61.1
29645 Ï  Î   15.4  12.0  11.6  11.2  11.9   9.8   8.8   9.9  12.5  18.3  17.8  17.0 156.2
29645 ß  Í   14.2  15.5  15.7  11.8   8.8   8.6   9.4   7.5   7.8   6.6   7.5  10.6 124.0
29645 ß  Î    4.3   4.9   4.9   4.2   3.2   3.6   3.7   3.4   3.8   3.2   2.6   3.0  44.8
29752 Ï  Í    4.0   3.0   3.7   4.9   5.0   4.7   4.9   6.0   7.3   9.4   6.6   4.1  63.6
29752 Ï  Î   13.5  11.4  12.7  13.4  12.6  11.6  11.1  12.3  13.9  17.9  16.0  13.5 159.8
29752 ß  Í   16.4  16.1  15.3  10.7  10.0   6.7   5.8   6.5   8.6   7.6   9.3  13.7 126.7
29752 ß  Î    5.1   5.0   4.7   3.8   2.8   3.1   2.8   3.3   3.7   2.9   3.5   3.9  44.6
29789 Ï  Í    1.5   1.4   1.6   2.7   4.8   6.3   8.9   8.0   6.3   3.1   2.0   1.6  48.3
29789 Ï  Î   11.9  11.5  13.4  14.8  15.5  15.5  16.7  14.4  13.9  13.9  14.2  13.2 168.8
29789 ß  Í   23.5  20.6  17.4   9.6   7.1   4.3   3.2   4.5   6.9  10.8  14.8  21.1 143.8
29789 ß  Î    5.0   4.3   4.3   3.0   2.4   1.8   1.7   2.2   3.3   3.3   3.3   3.8  38.4
29866 Ï  Í    1.2   1.3   1.3   1.9   2.9   2.1   2.2   2.2   2.4   3.6   2.8   2.0  25.7
29866 Ï  Î   10.4   7.5   8.1   9.4  10.2   8.8   8.4   8.4   9.3  12.9  12.7  12.3 118.4
29866 ß  Í   28.7  25.7  26.4  18.1  13.1  11.3  11.9  12.6  14.1  19.0  22.8  26.6 230.4
29866 ß  Î    5.0   6.3   6.7   4.2   3.3   3.3   3.6   4.1   4.4   3.3   2.9   3.7  50.6
29939 Ï  Í    3.3   2.3   2.4   3.2   2.7   2.1   2.2   2.6   3.3   5.7   5.6   4.0  39.3
29939 Ï  Î   11.1   9.7   9.1   8.9   8.4   7.0   6.6   7.1   8.2  13.6  13.1  13.2 116.1
29939 ß  Í   16.5  16.2  17.8  12.7  10.5  10.7  10.4  10.6  12.1  10.0  10.1  13.0 150.7
29939 ß  Î    5.8   5.7   6.3   5.3   4.4   4.7   4.2   4.8   6.3   4.4   4.1   4.4  60.3
30054 Ï  Í    1.4   1.0   1.0   1.5   2.0   2.0   2.6   2.4   2.3   3.3   2.3   2.3  24.2
30054 Ï  Î   18.4  15.4  14.5  13.0  14.8  13.0  11.8  13.5  16.6  21.0  20.3  19.7 191.9
30054 ß  Í   25.5  22.6  20.0  13.2   8.7   9.1  11.4   8.1   6.2   7.1  16.5  24.0 172.5
30054 ß  Î    3.4   3.5   3.6   3.4   2.3   2.1   3.2   3.2   2.2   1.8   1.8   2.9  33.1
30089 Ï  Í    1.0   1.0   1.0   1.4   1.8   2.5   2.6   2.9   3.7   2.7   1.7   1.0  23.4
30089 Ï  Î   14.9  11.6  10.5  10.6  12.0  10.5  10.4  10.0  12.2  15.6  14.4  15.2 147.8
30089 ß  Í   29.3  26.2  23.4  15.0   9.3   9.6  12.6  10.1   8.0  12.2  23.7  27.8 207.2
30089 ß  Î    3.8   4.2   5.1   3.4   2.7   2.1   3.6   3.6   2.7   2.1   2.5   3.4  39.4
30230 Ï  Í    1.4   2.0   1.0   1.0   1.4   1.8   2.6   1.8   2.4   2.9   2.9   1.6  22.9
30230 Ï  Î   19.8  17.3  17.4  18.5  20.1  18.9  18.2  17.3  19.5  22.4  21.7  21.8 232.9
30230 ß  Í   22.0  20.3  19.2  13.0   9.2   9.6  10.8   8.7   6.5   7.8  14.1  19.3 160.5
30230 ß  Î    2.0   2.3   2.1   2.2   1.4   2.1   2.2   1.7   1.9   1.9   1.9   2.4  24.0
30252 Ï  Í    3.5   1.7   1.5   2.0   2.5   4.0   4.2   4.0   6.1   5.2   2.8   2.7  40.1
30252 Ï  Î   24.4  22.0  23.4  22.6  23.4  21.3  20.6  21.5  21.6  24.6  24.7  25.2 275.3
30252 ß  Í   23.6  20.3  20.2  11.6   7.7   7.3   8.6   4.4   3.7   7.3  17.7  24.3 156.7
30252 ß  Î    2.9   2.3   1.8   2.0   1.5   1.6   2.1   1.7   1.5   1.6   2.3   2.1  23.3
30309 Ï  Í    1.2   1.3   1.1   1.6   1.7   1.6   1.9   2.4   2.1   3.4   2.6   1.9  22.8
30309 Ï  Î   14.6  11.7  13.0  12.6  14.3  12.9  13.2  12.8  13.5  16.8  17.3  16.1 168.8
30309 ß  Í   22.7  21.3  20.1  14.6  12.4  13.7  14.7  13.6  11.9  10.5  12.5  19.0 187.0
30309 ß  Î    4.8   4.2   3.6   3.0   1.9   2.4   2.4   2.9   3.0   2.8   2.2   2.9  36.3
30372 Ï  Í    1.0   0.0   0.0   1.0   1.8   1.6   1.6   1.6   1.2   1.0   0.0   0.0  10.8
30372 Ï  Î    8.1   6.3   7.8  10.2  11.8  11.4  11.0  10.4  10.5   8.4   8.4   8.2 112.6
30372 ß  Í   26.9  25.9  28.5  20.1  11.7   9.2   9.0   9.2  11.2  20.6  27.7  28.4 228.3
30372 ß  Î    4.2   4.4   4.9   2.7   2.0   2.2   2.4   2.4   2.7   2.7   3.1   4.1  37.6
30385 Ï  Í    0.0   0.0   1.0   1.6   2.5   3.3   3.2   3.4   3.1   1.6   1.0   1.0  21.8
30385 Ï  Î    6.9   6.0   6.0   8.3  10.6  10.5  10.5   9.5  11.2   8.6   7.5   7.6 103.2
30385 ß  Í   30.9  28.1  29.2  19.1  10.5   7.9   8.7   8.6  10.1  20.7  28.7  30.5 233.0
30385 ß  Î    5.8   6.1   6.8   3.7   2.3   2.0   2.5   3.4   3.0   3.2   4.3   5.2  48.0
30393 Ï  Í    1.0   1.0   1.0   1.6   2.2   2.8   2.5   3.2   3.7   3.5   1.7   1.0  25.3
30393 Ï  Î   17.1  14.3  13.6  14.3  14.8  13.0  13.7  12.9  14.7  17.6  16.8  17.6 180.4
30393 ß  Í   28.5  25.4  23.3  15.7  12.1  10.8  12.3  11.6   9.4   9.7  21.1  27.7 207.6
30393 ß  Î    2.2   3.4   3.4   2.6   2.2   1.7   2.3   2.4   2.3   2.0   2.0   2.1  28.6
30433 Ï  Í    1.6   1.0   1.0   1.3   1.1   2.0   2.7   2.2   1.8   2.1   1.9   1.9  20.7
30433 Ï  Î   13.4  11.6  11.7  11.6  13.0  11.0  13.5  11.8  12.1  13.0  14.1  13.9 150.6
30433 ß  Í   26.1  25.1  24.5  17.5  14.4  13.5  12.8  12.7  11.5  13.5  16.7  21.8 210.2
30433 ß  Î    4.9   4.5   3.7   3.3   2.7   2.9   2.9   3.7   3.1   3.2   2.8   3.9  41.5
30521 Ï  Í    1.4   1.4   2.0   1.8   1.7   2.5   3.6   3.8   4.0   4.6   3.5   1.9  32.2
30521 Ï  Î   12.5  10.9  11.2  10.6  12.7  12.3  13.5  11.4  11.9  13.8  14.6  13.7 149.1
30521 ß  Í   23.1  21.1  19.5  12.6  10.0   9.2   7.9   6.8   7.4  10.6  13.1  19.5 160.8
30521 ß  Î    5.0   5.0   4.6   3.3   2.4   2.4   2.3   3.0   2.9   2.8   2.8   3.7  40.1
30554 Ï  Í    0.0   0.0   1.0   1.3   1.3   2.3   3.0   2.3   1.7   2.0   0.0   1.0  15.7
30554 Ï  Î    4.8   3.6   6.5   9.6  12.1  13.0  13.8  12.0   9.9   6.2   5.7   5.3 102.5
30554 ß  Í   29.4  27.3  26.7  17.6  10.5   7.3   5.8   7.4  11.4  22.9  28.7  30.0 225.1
30554 ß  Î    6.3   5.5   4.4   2.2   1.9   1.6   1.3   1.9   2.6   3.5   4.0   5.2  40.3
30612 Ï  Í    1.0   0.0   1.0   1.0   1.4   1.2   2.2   2.0   1.8   2.4   2.0   1.5  17.5
30612 Ï  Î   13.6  11.7  12.3  11.6  13.7  13.2  14.0  11.9  12.0  13.7  16.3  15.5 159.5
30612 ß  Í   28.9  26.7  27.4  20.4  18.5  16.9  16.5  14.6  15.4  17.5  19.2  25.9 248.0
30612 ß  Î    3.5   3.8   3.9   2.5   2.4   2.1   2.5   2.7   2.5   2.6   2.1   2.6  33.0
30636 Ï  Í    1.4   1.0   1.2   1.7   1.3   2.2   2.9   2.1   2.1   2.2   2.4   2.5  22.9
30636 Ï  Î    6.5   4.6   5.3   6.2   7.3   7.6   9.5   8.5   6.7   6.6  10.7  10.4  90.2
30636 ß  Í   26.5  25.9  26.1  21.2  19.0  16.5  13.9  14.6  14.9  16.8  14.5  20.0 229.8
30636 ß  Î    6.5   6.6   6.9   4.7   3.6   3.8   3.1   4.2   4.7   4.4   2.7   3.8  55.0
30650 Ï  Í    0.0   0.0   1.0   1.3   1.1   1.9   2.1   3.1   1.9   2.0   0.0   0.0  14.3
30650 Ï  Î    4.1   4.0   5.8   8.4   8.8   9.6  11.4   9.9   7.4   5.5   5.8   5.1  85.9
30650 ß  Í   30.5  28.0  28.4  20.1  15.2  11.4   8.9   9.7  14.6  24.8  28.6  30.5 250.8
30650 ß  Î    8.7   8.0   6.0   3.6   2.5   2.7   2.2   3.6   4.1   5.4   5.0   6.8  58.6
30673 Ï  Í    0.0   0.0   1.0   1.4   2.2   2.6   2.8   3.1   2.6   1.5   0.0   0.0  17.2
30673 Ï  Î    5.8   5.5   7.4  11.4  12.7  13.6  14.1  11.8   9.8   7.7   6.5   6.2 112.5
30673 ß  Í   29.4  27.5  27.8  18.4  12.2   8.8   7.5   8.6  13.0  22.8  27.9  30.1 233.9
30673 ß  Î    7.6   6.7   5.6   3.7   2.2   2.3   2.0   2.1   3.2   4.6   5.8   7.3  53.1
30710 Ï  Í    1.4   1.3   1.0   1.8   2.0   2.8   3.7   3.0   3.0   1.8   1.7   1.5  25.1
30710 Ï  Î   15.4  11.1  13.6  14.8  16.9  15.8  17.0  14.3  13.1  13.5  16.7  18.4 180.6
30710 ß  Í   22.6  23.9  24.1  16.9  14.5  12.3  11.1  11.3  11.8  14.7  13.1  17.1 193.6
30710 ß  Î    2.7   3.0   3.2   2.4   1.6   1.6   1.9   2.8   2.6   2.2   1.9   1.8  27.7
30758 Ï  Í    0.0   0.0   0.0   1.0   1.1   1.4   1.9   1.7   1.5   1.0   0.0   0.0   9.7
30758 Ï  Î    3.9   3.6   5.6   8.3   9.0  10.2  12.2  10.7   8.2   6.4   5.5   5.3  88.7
30758 ß  Í   29.8  27.2  27.2  19.1  16.2  13.1  11.2  11.8  16.4  23.6  27.3  29.8 252.7
30758 ß  Î    8.4   7.5   6.4   3.3   2.3   2.3   2.0   2.6   3.4   5.0   4.8   6.6  54.5
30777 Ï  Í    0.0   0.0   0.0   1.1   1.1   1.7   2.0   1.9   1.9   1.3   1.0   0.0  11.9
30777 Ï  Î    2.5   2.6   3.6   6.7   7.2   7.7   8.0   7.8   6.6   4.4   3.6   3.2  63.9
30777 ß  Í   30.5  27.9  28.4  18.6  14.5  10.5   9.4   9.7  13.8  23.3  27.3  30.5 244.5
30777 ß  Î   12.7  11.1   9.0   3.9   2.2   2.0   2.4   3.4   3.9   7.0   7.9   9.9  75.5
30844 Ï  Í    0.0   0.0   1.0   1.0   1.4   2.3   2.5   3.6   2.5   1.6   1.2   1.0  18.1
30844 Ï  Î    4.0   3.0   4.2   5.9   6.0   6.2   7.7   6.9   6.1   5.5   5.9   5.0  66.5
30844 ß  Í   29.9  26.9  26.1  19.5  16.8  12.5   9.7  10.3  14.2  20.7  23.8  29.2 239.4
30844 ß  Î    9.7   9.3   7.7   4.5   3.7   3.3   2.7   3.8   5.4   6.1   5.4   6.4  68.2
30879 Ï  Í    1.0   0.0   1.2   1.7   1.8   2.0   1.9   2.1   1.9   1.2   1.2   1.0  16.9
30879 Ï  Î    2.4   2.2   3.1   5.6   6.4   7.8   8.8   6.9   5.8   3.7   3.1   2.5  58.4
30879 ß  Í   30.1  27.5  27.8  20.1  17.5  14.6  12.5  15.1  17.1  24.2  26.5  29.6 262.6
30879 ß  Î   15.7  13.4  11.9   5.4   3.8   2.9   2.8   4.3   5.8   9.6  10.7  13.7 100.1
30925 Ï  Í    0.0   0.0   0.0   1.0   1.0   1.7   1.6   1.6   1.2   1.0   1.0   0.0  10.0
30925 Ï  Î    3.9   3.8   5.3   7.3   8.3  10.5  11.5   9.2   6.8   5.5   6.0   5.0  83.0
30925 ß  Í   30.7  27.9  28.4  22.3  19.9  14.8  13.4  16.3  18.6  24.0  26.7  30.0 273.0
30925 ß  Î    9.0   8.6   6.4   3.5   2.7   2.4   2.5   3.3   5.2   6.0   5.7   6.6  61.8
30935 Ï  Í    0.0   0.0   0.0   0.0   0.0   1.0   1.0   1.4   1.0   1.0   0.0   1.0   6.4
30935 Ï  Î    4.4   4.1   5.0   6.8   8.5  10.2  11.9  10.2   8.3   6.6   6.1   6.6  88.7
30935 ß  Í   30.0  27.8  28.5  22.7  19.5  14.5  11.9  10.7  15.9  24.1  27.2  30.2 263.0
30935 ß  Î    8.4   7.7   6.5   3.7   3.0   2.6   1.9   2.5   4.2   6.0   4.9   6.2  57.5
30949 Ï  Í    0.0   0.0   0.0   1.0   1.0   1.0   1.0   2.3   1.0   1.5   0.0   0.0   8.8
30949 Ï  Î    1.8   2.0   2.7   4.0   4.6   5.9   8.1   6.6   4.8   2.9   2.0   1.9  47.2
30949 ß  Í   30.9  28.1  30.3  27.8  26.3  22.2  21.1  21.8  24.9  29.3  29.2  31.0 322.9
30949 ß  Î   12.9  11.1   8.7   4.9   3.3   2.3   1.9   3.6   5.6   8.2   8.9  11.0  82.4
30965 Ï  Í    0.0   0.0   0.0   1.0   1.0   1.0   1.5   1.3   1.0   0.0   0.0   0.0   6.8
30965 Ï  Î    3.2   3.3   4.9   9.2  11.2  12.7  13.5  11.1   8.1   5.9   4.6   3.9  91.6
30965 ß  Í   31.0  28.1  30.1  24.6  22.7  19.1  18.4  20.2  22.7  27.8  29.4  31.0 305.2
30965 ß  Î   10.0   8.9   6.7   2.6   2.3   1.4   1.7   2.7   3.9   5.7   6.2   7.4  59.5
31004 Ï  Í    1.4   1.4   1.3   1.9   2.8   2.5   3.0   3.7   6.0   6.6   2.6   1.7  34.8
31004 Ï  Î   21.1  18.5  19.2  18.4  19.2  16.5  15.9  15.6  18.1  22.7  21.1  21.4 227.8
31004 ß  Í   26.7  23.6  19.6  12.6  10.1   9.1  11.6  10.3   8.1   6.5  18.4  25.5 182.2
31004 ß  Î    2.1   2.3   2.3   2.3   1.6   1.6   2.2   2.0   1.5   1.4   1.9   2.2  23.4
31088 Ï  Í    2.3   1.5   2.6   5.1   9.2  11.3  14.0  10.6   7.1   4.5   3.7   3.3  75.1
31088 Ï  Î    9.9   9.0  11.8  15.4  20.0  18.5  21.6  18.4  14.7  12.4  10.4   9.8 171.8
31088 ß  Í   25.0  24.0  23.7  14.8   8.4   5.6   4.2   6.1   8.7  16.6  20.6  24.4 182.1
31088 ß  Î    8.0   6.1   5.8   3.6   1.8   1.4   1.3   1.7   2.8   4.5   6.5   7.7  51.3
31137 Ï  Í    0.0   0.0   0.0   1.9   3.1   3.5   4.5   4.6   5.3   3.0   2.0   2.0  29.9
31137 Ï  Î    7.8   6.4   8.3  10.6  13.1  11.5  12.3  12.4  12.4  12.4   8.0   8.7 123.8
31137 ß  Í   30.5  28.0  28.2  18.2   9.8   6.9   8.2   7.5   8.3  16.3  28.3  30.3 220.4
31137 ß  Î    7.0   7.2   6.8   3.7   3.0   2.6   2.9   2.9   2.9   2.8   5.3   6.7  53.9
31168 Ï  Í    2.1   1.8   2.9   5.4   8.1   7.0  10.7   9.1   6.3   4.2   2.9   2.2  62.8
31168 Ï  Î    6.7   5.7   7.9  12.3  15.2  11.5  15.3  13.4  10.7   9.7   7.1   6.5 121.9
31168 ß  Í   27.6  25.4  25.0  14.8   8.7   8.8   7.1   8.7  10.6  17.7  22.2  26.6 203.3
31168 ß  Î    9.1   8.4   8.5   4.2   2.9   3.8   2.4   3.4   4.0   5.4   6.8   8.5  67.4
31174 Ï  Í    2.6   1.8   3.1   4.0   6.2   5.2   7.4   6.4   4.5   4.6   3.5   2.6  51.9
31174 Ï  Î    8.3   6.9   8.5  12.1  15.2  11.4  14.0  12.8   9.9  11.3  10.4   8.6 129.5
31174 ß  Í   22.4  22.3  24.4  16.8  12.9  13.7  12.2  12.3  11.9  10.0   7.8  19.4 186.3
31174 ß  Î    6.5   7.4   6.8   4.1   3.3   4.1   3.9   3.9   4.2   3.3   2.1   5.1  54.6
31253 Ï  Í    0.0   0.0   0.0   1.8   3.0   3.8   5.4   4.7   4.4   2.6   2.3   0.0  28.0
31253 Ï  Î    5.0   4.9   6.5   9.8  13.0  12.6  14.1  11.5  10.1   9.5   6.6   6.5 110.2
31253 ß  Í   31.0  28.1  29.7  18.9  10.2   8.8   9.3   9.5  10.5  18.7  28.1  30.4 233.0
31253 ß  Î   11.0  10.1   9.0   4.3   2.5   1.9   2.4   3.3   3.7   5.4   7.8   9.5  71.0
31329 Ï  Í    1.0   2.0   1.0   2.7   3.5   3.8   4.7   5.4   5.6   4.2   3.2   1.0  38.1
31329 Ï  Î    7.3   6.0   8.7  11.5  13.5  10.6  12.4  12.4  11.4  11.5  11.5  10.3 127.1
31329 ß  Í   30.0  26.3  23.7  12.7   7.9   6.3   6.2   6.1   6.7  11.7  19.9  28.2 185.8
31329 ß  Î    8.9   8.8   6.5   3.4   2.5   2.2   2.4   2.2   2.8   4.0   4.4   6.1  54.2
31369 Ï  Í    3.0   2.4   3.2   3.3   4.8   3.9   5.5   5.1   3.5   4.1   3.0   2.9  44.7
31369 Ï  Î    9.2   8.5  10.7  13.7  16.3  13.5  17.4  14.9  12.3  13.2   9.2   9.5 148.5
31369 ß  Í   26.2  23.8  22.8  14.8  13.3  15.1  12.9  12.6  13.0  13.8  19.3  24.4 211.9
31369 ß  Î    8.9   7.5   5.7   3.6   2.8   3.1   2.8   2.8   3.6   2.8   4.3   7.5  55.5
31416 Ï  Í    0.0   1.0   1.5   1.9   4.1   4.3   5.6   4.9   3.9   3.3   2.2   2.0  34.7
31416 Ï  Î    8.3   7.7  11.1  14.8  17.6  15.6  18.9  15.4  12.2  12.1   9.0   8.7 151.5
31416 ß  Í   30.0  28.0  29.6  21.2  12.4  11.1  11.0   9.5  11.1  18.0  26.7  30.4 239.1
31416 ß  Î    8.3   8.3   5.2   2.8   1.7   2.0   1.6   2.1   3.0   3.3   5.5   7.4  51.3
31439 Ï  Í    2.3   2.1   2.5   2.8   3.8   3.7   4.7   4.4   3.4   3.7   2.6   2.6  38.7
31439 Ï  Î    8.0   7.2   9.8  11.5  13.5  10.8  13.3  12.7  10.3  10.9   8.0   8.2 124.2
31439 ß  Í   25.9  24.0  23.4  16.4  14.5  15.3  13.6  11.2  11.0  13.1  19.1  23.9 211.5
31439 ß  Î    9.6   8.4   6.6   4.6   3.2   4.3   3.6   3.3   4.0   4.2   6.4   8.7  66.9
31478 Ï  Í    1.3   1.0   1.7   3.0   4.2   3.8   4.5   5.6   4.9   5.1   3.6   3.3  42.1
31478 Ï  Î    5.5   5.7   8.4  11.9  12.9  11.8  12.8  13.7  13.0  12.2  10.0   7.2 125.0
31478 ß  Í   29.4  26.8  23.8  14.5   9.4   6.5   7.2   7.4   8.3  12.9  21.4  27.8 195.3
31478 ß  Î   11.7   9.6   7.6   3.5   2.1   2.5   3.3   2.6   3.1   4.4   5.9   9.3  65.7
31707 Ï  Í    0.0   1.0   1.6   1.8   2.8   3.4   3.0   3.4   2.2   1.8   1.4   1.0  23.5
31707 Ï  Î    6.3   6.1   8.6  12.8  15.1  15.4  16.3  14.4   9.6   8.8   7.3   6.7 127.4
31707 ß  Í   30.0  27.3  26.7  17.2  13.3  10.4   9.4  10.0  13.6  21.2  26.3  29.3 234.7
31707 ß  Î    9.2   7.4   5.3   2.7   1.6   1.9   1.7   2.2   4.0   5.4   6.8   7.5  55.5
31770 Ï  Í    2.9   2.0   2.9   3.7   5.7   5.6   6.8   5.8   4.2   4.0   2.9   3.3  49.6
31770 Ï  Î    7.9   7.7  11.4  12.9  16.3  14.7  16.5  14.3  10.6   9.9   7.8   7.8 137.8
31770 ß  Í   23.0  20.6  17.4  10.9   8.5   8.1   7.5   7.9  10.2  13.2  17.7  21.9 166.9
31770 ß  Î    7.6   6.4   4.0   2.4   1.5   2.3   1.8   2.0   3.3   4.0   5.7   8.0  48.9
31829 Ï  Í    1.4   2.0   2.2   3.5   5.5   7.8   8.2   7.4   4.4   3.4   2.5   1.4  49.8
31829 Ï  Î    4.6   5.0   6.5   9.1  11.6  12.3  14.2  12.4   7.8   6.5   4.0   3.5  97.6
31829 ß  Í   25.2  22.6  18.5  12.5  10.1   7.4   6.5   9.0  12.1  16.0  21.5  24.8 186.1
31829 ß  Î   11.1   8.9   7.0   3.5   3.2   3.4   2.9   3.1   5.3   6.9   9.5  10.7  75.3
31960 Ï  Í    1.2   1.2   2.1   3.0   4.4   8.7   8.2   6.0   3.5   2.4   1.7   1.2  43.6
31960 Ï  Î    2.5   3.5   4.1   7.0   8.5  11.5  12.7  11.2   7.4   5.2   3.9   2.5  80.0
31960 ß  Í   27.4  23.1  20.0  14.4  12.2   7.5   6.3   8.2  12.1  14.5  18.9  24.4 188.9
31960 ß  Î   15.5  11.2   7.8   4.2   3.4   2.9   2.5   3.2   5.3   8.0  10.0  12.6  86.4
31961 Ï  Í    1.0   1.2   1.1   1.7   2.7   4.9   5.5   4.0   2.7   1.9   1.4   1.2  29.2
31961 Ï  Î    4.2   4.9   7.0  12.0  14.6  17.6  18.9  15.1   8.5   6.3   5.3   5.0 119.5
31961 ß  Í   28.7  24.7  21.5  14.8  11.4   7.7   6.0   8.4  13.7  17.2  21.6  26.1 201.8
31961 ß  Î   11.5   8.6   5.3   2.5   1.9   1.5   1.3   1.8   4.6   6.9   8.2   9.7  63.7
31989 Ï  Í    1.3   1.4   1.4   2.4   3.1   5.0   5.0   3.7   2.1   1.7   1.6   1.3  29.8
31989 Ï  Î    2.4   3.3   4.3   7.2   8.8  12.7  13.7  11.3   7.3   4.4   3.5   2.5  81.4
31989 ß  Í   27.1  24.0  23.7  18.9  18.0  13.9  11.7  15.3  19.8  21.6  22.5  25.7 242.2
31989 ß  Î   15.7  12.7  10.2   5.5   3.8   3.9   3.1   4.1   7.6  11.0  12.4  13.7 103.9
32027 Ï  Í    4.2   2.6   3.2   5.9   8.1   9.3  12.1  10.9   5.9   6.0   4.0   3.6  75.7
32027 Ï  Î    7.7   6.0   8.6  12.4  14.9  15.4  19.3  16.8  11.1  10.9   7.5   7.5 138.1
32027 ß  Í   22.7  22.5  21.2  11.2   6.6   6.6   4.6   5.3   6.9   9.5  16.2  20.3 153.7
32027 ß  Î    9.8   8.6   6.7   3.3   2.2   2.8   1.7   1.8   3.0   3.9   5.9   8.1  57.8
32061 Ï  Í    5.2   3.2   3.0   3.1   3.5   3.2   4.1   3.8   3.2   5.2   7.5   9.3  54.3
32061 Ï  Î    9.8   7.6   9.7  10.2  12.4  10.6  14.0  13.0  10.2  11.8  13.5  14.8 137.8
32061 ß  Í   11.7  14.0  15.8  14.3  13.2  12.9  10.8  10.6  12.2   9.8   5.5   5.3 136.2
32061 ß  Î    4.4   5.0   4.9   3.5   2.9   3.3   2.5   2.8   3.1   3.0   2.0   2.0  39.5
32076 Ï  Í    4.2   3.4   4.3   6.2   7.6   6.6   7.8   6.5   4.1   4.6   3.6   4.4  63.1
32076 Ï  Î    8.2   6.6   9.5  12.2  13.8  11.5  12.8  11.8   8.5   8.7   7.2   7.6 118.5
32076 ß  Í   18.7  17.8  15.4  10.4   9.9  10.2   9.9   9.7  10.0  10.3  14.2  17.8 154.4
32076 ß  Î    9.1   8.2   5.1   3.3   2.9   4.4   4.0   3.3   4.1   4.2   5.7   7.9  62.1
32098 Ï  Í    2.6   2.3   2.8   4.5   5.7   7.8  10.1   6.0   4.2   2.6   2.1   2.1  52.8
32098 Ï  Î    7.4   6.2   9.2  11.9  14.5  15.4  19.4  14.6   9.3   8.4   6.5   5.9 128.7
32098 ß  Í   21.7  19.3  17.1  12.2   9.7   7.7   5.1   7.6  11.0  13.3  16.2  21.0 161.9
32098 ß  Î   10.0   8.9   5.6   3.1   2.1   2.2   2.0   2.5   3.3   3.9   5.5   8.2  57.1
32099 Ï  Í    5.3   3.5   4.5   6.3   7.6   7.9   9.8   7.4   4.3   4.4   7.5   7.5  75.8
32099 Ï  Î    8.1   6.3   8.5  11.0  11.3  10.8  12.6   9.7   6.5   7.6  10.6  10.6 113.7
32099 ß  Í   13.1  14.2  13.0   9.7   8.6   7.7   6.3   8.8  11.5   9.5   4.0   5.0 111.4
32099 ß  Î    6.7   7.1   5.5   3.7   3.1   3.9   3.5   3.9   5.4   3.9   2.4   2.5  51.6
32150 Ï  Í    4.4   3.4   4.5   5.4   7.3   8.5  11.2   9.6   5.7   4.4   6.1   5.9  76.3
32150 Ï  Î    9.1   7.6  10.3  12.7  15.2  16.3  19.5  16.8  11.3   9.6  11.1  10.6 150.0
32150 ß  Í    9.3   9.5   7.5   7.5   7.6   6.2   3.8   4.4   5.5   6.3   4.2   5.2  77.2
32150 ß  Î    3.6   3.8   2.5   1.8   1.7   2.2   1.7   2.0   2.4   2.6   2.0   2.5  28.8
32165 Ï  Í    5.8   2.8   4.1   4.9   6.1   8.2   9.6   8.5   6.0   4.2   4.7   5.7  70.7
32165 Ï  Î   13.6   9.6  11.8  12.6  12.8  12.6  14.3  13.9  12.9  10.8  11.6  12.8 149.4
32165 ß  Í    3.3   6.5   8.1   8.2   8.5   7.0   6.1   6.0   6.5   5.9   3.8   3.1  73.2
32165 ß  Î    1.8   1.7   1.5   2.0   1.8   2.5   3.1   2.4   2.1   2.1   2.0   1.4  24.4
32213 Ï  Í    8.4   7.9   9.1   9.7  13.6  13.2  13.9  12.4   7.1   7.1   9.5   9.3 121.3
32213 Ï  Î   12.3  11.6  13.3  15.0  17.9  16.1  16.1  15.1   9.8  10.7  12.7  13.5 164.2
32213 ß  Í    3.1   4.3   3.5   2.8   3.4   4.6   4.5   4.3   6.2   2.7   1.7   2.3  43.3
32213 ß  Î    1.9   2.2   1.8   1.7   2.3   3.4   3.7   3.5   3.4   1.7   1.5   1.6  28.7
32252 Ï  Í    3.8   3.7   3.4   5.3   6.6   8.3   8.3  10.3   8.6  11.4   9.6   5.7  85.1
32252 Ï  Î    9.6   9.8   9.2  12.3  14.2  14.0  14.6  18.0  15.3  19.6  17.3  12.0 165.7
32252 ß  Í   16.2  14.7  16.6  11.8  10.1   9.1   8.6   7.1   5.4   6.5   6.1  12.3 124.5
32252 ß  Î    4.7   4.0   5.0   4.0   3.9   3.9   4.2   3.1   2.5   2.9   2.0   3.7  43.8
32287 Ï  Í    2.5   2.8   2.4   5.7   7.0   8.2  10.4  11.1   5.9   7.3   7.4   3.7  74.5
32287 Ï  Î    9.3   8.9  10.1  13.6  17.2  16.7  19.6  20.0  15.2  19.3  17.2  12.5 179.5
32287 ß  Í   18.0  16.1  16.3  11.3   9.6   8.5   6.6   5.8   6.2   6.4   6.5  13.6 124.8
32287 ß  Î    4.4   4.7   5.1   2.9   2.6   2.3   1.9   2.1   1.9   2.2   2.1   2.8  34.8
32389 Ï  Í    7.1   5.3   4.8   3.5   3.7   4.0   4.2   5.4   3.3   3.8   4.1   6.1  55.3
32389 Ï  Î   18.8  17.7  19.0  19.0  21.2  21.0  21.8  22.0  16.9  17.1  16.5  19.6 230.6
32389 ß  Í   10.4   9.7  13.1  13.9  11.8  11.3  10.5   8.0   8.8  12.2  12.9  10.8 133.4
32389 ß  Î    2.5   2.5   2.6   2.2   2.0   1.5   1.1   1.4   2.1   1.8   1.9   1.9  23.5
32477 Ï  Í    2.4   3.0   2.2   4.2   7.4   6.6  10.0  10.4   5.7   5.5   5.6   3.3  66.2
32477 Ï  Î   10.5  10.6  10.5  14.3  17.4  15.4  18.6  20.2  15.2  17.9  16.1  12.4 179.2
32477 ß  Í   19.7  18.6  19.5  13.5   9.2   7.4   6.6   5.2   8.0   8.8   9.3  17.2 142.9
32477 ß  Î    5.0   5.2   4.8   3.4   2.2   2.3   2.2   1.5   2.4   2.3   3.1   4.0  38.3
32509 Ï  Í    6.8   6.4   6.8   6.5   9.0   9.2  12.5  10.8   5.7   5.8   4.7   5.8  90.0
32509 Ï  Î   12.5  12.3  13.7  12.3  15.8  16.4  18.4  16.5  10.6   9.9   7.7  10.5 156.7
32509 ß  Í   12.2  10.8  12.0  11.1   9.0   8.2   6.0   7.2  10.5  13.2  14.6  13.2 128.0
32509 ß  Î    6.2   5.1   5.0   4.6   2.6   3.0   2.5   2.1   3.7   5.6   6.4   6.4  53.4
32562 Ï  Í    4.3   4.4   4.9   6.8   9.7   8.5  10.3   9.8   6.3   7.5   9.6   6.4  88.5
32562 Ï  Î   13.1  12.4  15.2  16.6  19.3  15.8  17.5  16.6  14.2  16.6  16.7  15.8 189.7
32562 ß  Í   11.2  10.7  10.2   6.7   4.3   4.1   3.5   2.3   4.5   3.9   4.6   8.1  74.1
32562 ß  Î    3.5   3.9   2.9   2.0   1.5   1.6   1.4   1.1   2.1   1.6   2.0   2.6  26.0
32618 Ï  Í   16.8  15.8  16.1  15.3  18.9  17.0  16.9  16.7  11.7  11.4  13.9  16.8 187.2
32618 Ï  Î   19.0  17.8  18.9  17.7  20.9  19.0  18.7  18.9  13.9  14.0  15.5  18.7 213.1
32618 ß  Í    1.2   1.2   1.5   1.8   2.3   3.3   2.5   2.4   2.4   2.1   1.3   1.3  23.1
32618 ß  Î    1.0   1.3   1.4   1.4   1.5   1.6   1.9   1.3   1.4   1.6   1.1   1.0  16.4
34110 Ï  Í    8.5   6.5   5.9   3.1   1.9   1.5   1.2   2.1   2.3   4.6   9.8  11.3  58.7
34110 Ï  Î   17.9  15.3  14.1  11.3   9.0   7.7   6.9   6.5   8.4  13.9  17.8  20.4 149.2
34110 ß  Í    9.4  11.1  13.0  13.7  15.9  13.2  14.2  18.3  15.7  12.0   6.3   7.2 150.1
34110 ß  Î    3.7   3.6   4.1   2.9   4.1   3.8   4.3   5.0   4.5   3.3   2.8   2.3  44.5
34123 Ï  Í   11.6   8.3   6.8   3.4   2.7   1.9   2.0   2.2   3.6   6.5  13.3  14.6  76.8
34123 Ï  Î   18.7  14.6  14.0  11.2   8.6   8.4   7.2   6.6   8.7  14.1  19.0  20.0 151.1
34123 ß  Í    7.4   9.3  11.1  12.4  13.4  10.6  11.7  15.2  12.9   8.9   5.4   5.1 123.3
34123 ß  Î    3.6   3.6   4.2   3.2   4.0   2.8   4.4   4.3   4.2   3.1   3.2   1.9  42.6
34152 Ï  Í    9.4   6.3   5.6   3.0   2.1   1.8   1.6   1.8   3.0   5.9  11.7  11.5  63.6
34152 Ï  Î   16.0  11.9  11.6   8.1   5.8   5.0   4.3   4.2   7.2  11.9  16.9  17.2 120.2
34152 ß  Í    9.1  10.7  12.9  14.6  15.1  12.4  14.3  16.7  15.3  10.8   6.4   6.2 144.6
34152 ß  Î    3.8   5.1   5.3   4.4   5.5   4.0   5.6   6.5   5.7   4.1   3.2   2.9  56.1
34163 Ï  Í    8.7   5.7   4.7   2.7   2.1   2.0   1.6   1.7   3.1   4.9  10.5  11.4  59.2
34163 Ï  Î   17.0  12.8  11.7   8.8   6.5   5.9   5.2   4.4   7.3  12.3  17.9  18.6 128.4
34163 ß  Í   11.0  12.6  14.7  16.3  17.7  15.8  17.5  20.0  16.7  13.0   6.4   7.8 169.6
34163 ß  Î    3.9   5.2   4.7   4.0   5.3   4.2   5.4   6.8   5.8   4.4   3.2   2.8  55.6
34186 Ï  Í    7.3   4.7   4.0   2.8   2.1   1.7   1.5   1.6   2.3   4.8   9.1   8.5  50.3
34186 Ï  Î   15.4  11.5  11.6  10.4   8.7   8.7   6.6   6.0   8.2  12.5  14.9  15.6 130.1
34186 ß  Í   10.8  13.2  14.6  15.7  15.4  12.3  13.2  16.4  16.3  11.9   7.0   9.0 155.8
34186 ß  Î    3.5   4.4   4.0   2.9   4.0   3.2   3.6   4.6   4.1   3.9   3.2   3.0  44.3
34579 Ï  Í    4.9   3.3   3.7   2.1   1.2   1.3   1.0   1.0   1.4   2.7   5.4   6.7  34.7
34579 Ï  Î   14.1  10.5   9.3   6.6   3.8   2.5   2.5   2.5   3.3   6.7  13.4  16.4  91.7
34579 ß  Í   16.0  16.6  18.1  20.1  21.0  19.1  21.5  23.1  21.0  18.0  11.8  11.5 217.9
34579 ß  Î    5.2   6.2   5.6   5.5   7.6   6.7   9.2  11.1   9.3   7.2   5.1   3.3  82.0
34720 Ï  Í   11.6   9.1   7.6   3.8   2.4   1.8   1.7   1.6   2.2   4.4   9.7  13.8  69.7
34720 Ï  Î   15.2  13.2  12.4   8.3   5.4   3.7   2.9   3.2   3.7   7.3  13.4  17.2 105.9
34720 ß  Í    7.1   6.6   8.3  12.1  15.6  15.1  17.7  20.2  17.4  12.6   6.0   4.4 143.3
34720 ß  Î    4.2   3.6   4.4   4.9   6.7   7.4  11.0  12.6   9.8   7.3   3.7   2.5  78.2
34740 Ï  Í   12.8   8.6   7.4   3.6   2.4   1.9   1.2   1.8   1.7   4.5  10.3  14.5  70.7
34740 Ï  Î   19.9  16.3  16.4  13.1  11.2   9.3   6.1   5.7   6.0  11.4  17.6  21.6 154.5
34740 ß  Í    5.8   6.3   7.3  11.6  13.3  11.6  14.0  16.7  15.5  11.8   5.1   3.4 122.3
34740 ß  Î    3.8   2.9   2.6   3.0   3.8   3.6   6.1   7.6   6.1   5.0   2.4   1.8  48.8
34866 Ï  Í    5.9   4.4   3.6   1.6   1.9   1.0   1.3   1.0   1.1   2.0   5.6   6.8  36.2
34866 Ï  Î   15.9  12.1  11.0   7.3   5.0   4.4   3.3   3.1   3.0   7.6  14.8  17.4 104.9
34866 ß  Í   14.2  14.5  16.0  19.3  18.8  16.4  18.6  21.3  21.5  17.8  11.9  10.4 200.6
34866 ß  Î    4.4   4.4   4.2   5.2   6.3   5.5   8.6  11.0   9.2   6.6   3.2   2.4  71.1
34880 Ï  Í    7.0   4.9   3.9   1.8   1.3   1.6   1.0   1.3   1.6   2.7   6.5  10.0  43.6
34880 Ï  Î   15.8  12.6  12.4  10.2   8.4   6.1   4.5   4.1   4.4   8.8  15.5  18.3 121.2
34880 ß  Í    9.5  11.2  14.2  18.3  20.3  18.5  20.9  22.4  19.9  15.7   8.2   6.3 185.3
34880 ß  Î    4.3   4.3   4.2   3.7   5.0   4.8   8.4   9.4   7.4   6.1   3.2   2.6  63.3
34927 Ï  Í    8.8   5.8   6.4   4.1   3.1   2.0   1.6   1.9   1.9   4.5   7.7  10.5  58.3
34927 Ï  Î   17.1  14.3  15.1  12.4   9.3   6.1   3.8   3.9   4.5   8.8  14.3  18.5 128.2
34927 ß  Í    7.0   8.4   9.9  11.3  12.7  11.1  15.3  17.5  16.0  13.5   8.4   5.5 136.5
34927 ß  Î    3.4   3.6   3.5   3.6   4.1   4.5   9.1  10.8   8.0   6.1   3.3   2.4  62.2
34949 Ï  Í    5.3   5.5   6.1   2.7   1.7   1.6   1.5   1.7   2.6   4.2   5.3   6.9  45.1
34949 Ï  Î   13.9  13.0  13.2  10.9   8.4   6.2   3.9   4.2   5.2   9.2  12.5  15.3 116.1
34949 ß  Í    9.6   8.7   9.4  13.3  14.1  13.3  16.7  18.4  15.7  12.8   8.6   8.1 148.9
34949 ß  Î    3.2   2.6   2.6   3.1   3.7   4.5   7.5   8.7   7.0   5.7   3.3   2.3  54.2
35011 Ï  Í    4.5   3.1   4.2   2.8   2.3   2.1   1.9   2.1   3.3   8.0   9.3   6.9  50.6
35011 Ï  Î   14.8  11.4  11.8   8.8   6.8   6.1   5.3   5.6   8.0  14.4  17.8  16.3 127.2
35011 ß  Í   17.7  19.3  19.1  16.5  14.6  10.8  12.2  15.2  14.2  10.9  10.1  14.0 174.8
35011 ß  Î    4.6   5.7   5.9   4.6   4.9   3.6   5.1   6.4   5.2   3.7   3.9   3.9  57.7
36038 Ï  Í    3.4   2.8   2.9   3.4   3.0   2.2   2.3   2.2   2.8   5.8   5.8   4.7  41.4
36038 Ï  Î   11.4   9.0   8.8   8.6   8.5   6.8   7.4   6.1   7.6  12.5  12.1  12.0 110.9
36038 ß  Í   16.5  15.9  16.9  14.3  13.3  14.0  13.4  14.8  16.0  12.8  12.1  13.5 173.5
36038 ß  Î    6.4   6.5   7.3   5.3   4.5   5.5   5.4   6.6   7.3   5.0   5.0   5.0  69.9
36064 Ï  Í    1.0   2.3   1.5   3.0   3.6   4.0   3.3   4.1   4.7   3.7   2.3   1.9  35.4
36064 Ï  Î   13.0  11.3  11.9  13.7  13.2  12.5  11.7  11.6  12.7  15.7  14.3  14.1 155.8
36064 ß  Í   22.4  22.2  20.2  12.8  10.3   9.2   9.6  10.2  11.4  12.9  14.5  18.7 174.6
36064 ß  Î    5.2   5.4   5.7   4.2   3.2   3.3   3.4   3.8   5.1   4.4   3.8   4.3  51.7
36096 Ï  Í    2.0   1.0   1.0   1.5   2.1   2.5   3.0   2.1   1.8   2.0   3.0   2.0  23.9
36096 Ï  Î   11.7   8.7   8.3  10.2  12.1  11.9  13.3   9.6   9.1  11.3  13.5  13.9 133.7
36096 ß  Í   27.5  26.2  27.0  14.8   9.6   7.9   6.8   9.6  11.7  14.4  20.3  27.1 203.0
36096 ß  Î    2.4   3.3   4.8   3.2   2.0   1.8   1.8   2.9   4.0   3.5   2.7   2.7  35.0
36229 Ï  Í    2.3   2.1   2.2   2.9   3.3   2.9   2.9   2.3   2.8   3.5   3.2   2.7  32.9
36229 Ï  Î    9.6   8.3   7.7   8.6  10.1   9.1   9.7   7.7   8.2  10.9  10.7  11.3 111.9
36229 ß  Í   25.0  23.4  25.7  20.1  16.1  13.3  12.9  14.5  18.3  20.8  21.9  22.5 234.5
36229 ß  Î    7.4   7.1   8.1   6.0   4.3   3.8   3.5   5.5   7.0   6.4   6.0   6.1  71.2
36259 Ï  Í    1.7   1.5   1.0   1.4   1.2   1.7   2.3   1.6   1.7   1.4   1.1   1.0  17.6
36259 Ï  Î    6.4   6.0   7.5   8.8  10.7  12.6  12.6   8.7   6.9   7.4   7.7   8.1 103.4
36259 ß  Í   23.8  22.0  21.8  14.9   9.9   5.7   4.9   8.4  12.5  16.2  18.0  21.0 179.1
36259 ß  Î    6.6   5.8   5.9   3.7   2.4   1.9   1.8   2.9   4.7   5.3   5.2   4.7  50.8
36307 Ï  Í    0.0   0.0   0.0   1.3   1.7   2.3   3.3   2.4   1.8   1.0   0.0   0.0  13.8
36307 Ï  Î    6.1   5.9   7.3   9.4  10.0  11.1  13.1   9.7   7.8   8.4  10.7   8.7 108.1
36307 ß  Í   30.6  27.9  31.0  24.7  15.8  10.0   8.0  12.0  17.7  27.1  29.8  30.9 265.6
36307 ß  Î    8.1   8.0   8.0   4.3   3.2   3.1   2.0   3.2   5.4   6.3   4.6   6.5  62.8
37001 Ï  Í    8.8   6.7   5.9   3.6   2.6   1.7   1.2   1.3   2.0   3.2   6.4  10.0  53.4
37001 Ï  Î   14.2  12.2  11.9   9.3   5.7   3.3   1.7   1.9   2.5   6.0  10.0  15.6  94.2
37001 ß  Í    7.3   8.2   9.6  12.2  15.3  14.8  20.0  21.0  17.2  13.9   9.0   6.1 154.8
37001 ß  Î    3.6   3.7   4.0   4.4   6.3   8.0  13.8  15.0  10.6   7.7   4.9   3.0  85.1
37061 Ï  Í   10.7   9.5   9.2   3.9   2.3   1.7   1.8   1.9   2.0   6.2  11.2  13.3  73.7
37061 Ï  Î   17.2  15.4  16.2  11.5   9.3   7.6   5.5   5.4   6.2  11.8  16.5  18.7 141.1
37061 ß  Í    6.3   6.8   7.2  12.1  14.3  12.4  15.2  16.6  13.8   9.7   5.6   5.5 125.5
37061 ß  Î    2.7   2.5   2.5   3.4   4.4   3.9   7.2   8.3   6.0   4.4   2.3   2.0  49.6
37107 Ï  Í   10.9   9.9  10.5   9.3   7.3   5.6   4.9   3.8   4.9   7.3   8.9  11.7  95.2
37107 Ï  Î   15.9  15.0  15.9  14.7  11.7   9.3   7.2   6.0   7.4  10.8  13.1  16.6 143.6
37107 ß  Í    8.6   6.7   7.3   7.3   8.1   6.9   8.2   9.9  11.3  12.0  10.2   7.9 104.3
37107 ß  Î    3.7   3.1   2.9   2.9   3.3   4.2   6.0   7.6   7.5   6.9   4.6   3.7  56.4
37126 Ï  Í    1.2   2.2   3.2   5.4   5.4   4.8   7.4   5.8   6.1   4.1   2.7   1.9  50.2
37126 Ï  Î   10.0   9.2  10.4  10.9  11.6   9.9  10.2   7.8   6.6   6.7   7.7   9.2 110.2
37126 ß  Í   21.1  18.5  16.3  10.6   6.0   3.9   5.1   6.9   9.9  16.9  19.1  21.1 155.5
37126 ß  Î    4.3   3.6   3.2   2.0   2.0   1.6   2.3   2.8   3.4   5.1   4.4   4.0  38.5
37228 Ï  Í    5.5   5.1   8.4   7.9   7.8   6.0   5.7   6.5   7.2   8.4   7.1   5.3  80.8
37228 Ï  Î   10.2   9.6  14.4  14.5  13.8  12.9  12.0  10.9  10.3  11.9  10.7   8.9 140.1
37228 ß  Í   12.4  11.9  10.8   8.5   7.4   6.2   7.7   8.1   8.4  11.0  11.2  13.2 116.6
37228 ß  Î    3.8   3.7   2.9   2.3   2.7   2.7   3.7   4.3   4.7   5.9   4.4   5.0  46.2
37470 Ï  Í   14.4  13.1  11.9   6.1   2.9   2.0   1.9   2.8   5.1   9.8  12.8  14.1  96.8
37470 Ï  Î   17.1  15.7  15.5   9.7   6.7   4.1   3.8   5.1   7.3  12.5  15.4  16.7 129.8
37470 ß  Í    4.7   3.8   5.7  10.0  13.4  15.4  17.6  16.8  11.1   7.6   5.2   4.1 115.4
37470 ß  Î    2.6   2.3   3.2   3.3   4.3   7.1   9.6   9.2   6.9   5.3   2.8   2.6  59.2
37472 Ï  Í   10.1   9.2   9.1   3.6   2.2   1.5   2.2   1.7   2.8   5.6   9.0  10.3  67.3
37472 Ï  Î   17.4  16.6  15.8  11.3   8.4   6.2   5.2   5.5   7.0  11.5  16.0  18.1 139.0
37472 ß  Í    6.1   5.7   7.1  11.4  15.8  15.9  18.1  17.0  13.1   9.3   6.8   6.2 132.6
37472 ß  Î    2.4   2.3   2.5   2.7   3.9   5.3   7.7   7.9   5.8   4.4   2.3   2.0  49.2
37663 Ï  Í    4.7   5.6   6.6   5.8   4.1   3.0   2.8   3.6   4.9   6.4   5.5   4.4  57.3
37663 Ï  Î    6.8   8.1  10.2  10.1   8.4   6.5   6.8   6.8   7.1   8.4   7.2   6.1  92.5
37663 ß  Í   15.3  12.7  12.0  11.2   9.8   9.0  12.4  12.5  11.0  11.8  14.3  16.2 148.3
37663 ß  Î    6.3   4.9   4.0   3.0   2.7   4.4   6.4   6.6   7.8   7.5   6.6   7.0  67.2
31152 Ï  Í    1.3   1.0   2.0   2.5   2.8   2.2   3.6   3.2   4.0   2.8   1.6   1.0  28.0
31152 Ï  Î   10.4   7.7   6.9   9.2  10.5   8.8   9.3   9.4  11.1  14.0   9.7  10.2 117.3
31152 ß  Í   30.0  27.1  25.9  19.2  12.7  12.2  12.7  12.3  11.5  15.6  26.5  29.7 235.5
31152 ß  Î    6.1   6.4   7.2   5.4   3.7   4.2   3.8   4.5   3.7   2.6   4.8   6.6  59.1
