20069 1978 2012
20087 1978 2012
20292 1978 2012
20476 1978 2012
20674 1978 2012
20744 1977 2012
20891 1978 2012
20982 1977 2012
21432 1977 2012
21802 1977 2012
21908 1977 2012
21921 1977 2012
21931 1978 2012
21946 1977 2012
21982 1977 2012
22113 1978 2012
22165 1977 2012
22217 1978 2012
22235 1978 2012
22471 1977 2012
22520 1977 2012
22550 1977 2012
22619 1977 2012
22641 1977 2012
22676 1977 2012
22768 1977 2012
22802 1977 2012
22820 1977 2012
22837 1977 2012
23022 1977 2012
23032 1977 2012
23058 1977 2012
23074 1977 2012
23205 1977 2012
23242 1980 2012
23256 1978 2012
23274 1977 2012
23324 1977 2012
23330 1978 2012
23383 1977 2012
23405 1977 2012
23445 1978 2012
23463 1977 2012
23472 1977 2012
23552 1978 2012
23631 1978 2012
23662 1978 2012
23678 1977 2012
23711 1977 2012
23724 1978 2012
23734 1978 2012
23867 1978 2012
23884 1977 2012
23891 1977 2012
23914 1977 2012
23921 1978 2012
23933 1978 2012
23955 1977 2012
23966 1977 2012
23986 1977 2012
24125 1977 2012
24136 1977 2012
24143 1977 2012
24266 1977 2012
24329 1977 2012
24382 1977 2012
24507 1977 2012
24606 1977 2012
24641 1977 2012
24661 1977 2012
24671 1977 2012
24688 1977 2012
24713 1977 2012
24738 1977 2012
24790 1977 2012
24817 1977 2012
24908 1977 2012
24959 1977 2012
24966 1977 2012
24967 1977 2012
25062 1977 2012
25138 1977 2012
25173 1977 2012
25206 1977 2012
25248 1977 2012
25282 1977 2012
25325 1977 2012
25356 1977 2012
25378 1977 2012
25399 1977 2012
25400 1977 2012
25428 1977 2012
25503 1977 2012
25538 1977 2000
25551 1977 2012
25563 1977 2012
25594 1977 2012
25677 1977 1995
25705 1977 2012
25745 1977 2003
25927 1977 2012
25932 1977 2012
25954 1977 2012
25956 1977 2003
26063 1977 2012
26157 1977 2012
26275 1977 2012
26359 1977 2012
26781 1977 2012
26997 1977 2012
27037 1977 2012
27051 1977 2012
27333 1977 2012
27459 1977 2012
27595 1977 2012
27612 1977 2012
27648 1977 2012
27675 1977 2012
27707 1977 2012
27823 1977 2012
27857 1977 2012
27995 1977 2012
28009 1977 2012
28064 1978 2012
28138 1978 2012
28224 1978 2012
28255 1977 2012
28275 1978 2012
28418 1977 2012
28434 1978 2012
28493 1978 2012
28552 1977 2012
28573 1978 2012
28666 1977 2012
28698 1978 2012
28704 1977 2012
28722 1978 2012
28748 1977 2012
29111 1977 2012
29231 1977 2012
29263 1977 2012
29282 1977 2012
29313 1977 2012
29328 1977 2012
29379 1988 2012
29570 1977 2012
29594 1977 2012
29612 1977 2012
29645 1977 2012
29752 1977 2012
29789 1977 2012
29866 1977 2012
29939 1977 2012
30054 1977 2012
30089 1977 2012
30230 1977 2012
30252 1977 2012
30309 1977 2012
30372 1977 2012
30385 1977 2012
30393 1977 2012
30433 1977 2012
30521 1977 2012
30554 1977 2012
30612 1977 2012
30636 1977 2012
30650 1977 2012
30673 1977 2012
30710 1977 2012
30758 1977 2012
30777 1977 2012
30844 1977 2012
30879 1977 2012
30925 1977 2012
30935 1977 2012
30949 1977 2012
30965 1977 2012
31004 1977 2012
31088 1977 2012
31137 1977 2012
31168 1977 2012
31174 1977 2012
31253 1977 2012
31329 1977 2012
31369 1977 2012
31416 1977 2012
31439 1977 2012
31478 1977 2012
31707 1977 2012
31770 1977 2012
31829 1977 2012
31960 1977 2012
31961 1977 2012
31989 1977 2012
32027 1977 2012
32061 1977 2012
32076 1977 2012
32098 1977 2012
32099 1977 2012
32150 1977 2012
32165 1977 2012
32213 1977 2003
32252 1977 2000
32287 1977 2012
32389 1977 2012
32477 1977 2012
32509 1977 2012
32562 1977 2012
32618 1977 2012
34110 1977 2012
34123 1977 2012
34152 1977 2012
34163 1977 2012
34186 1977 2012
34579 1977 2012
34720 1977 2012
34740 1977 2012
34866 1977 2012
34880 1977 2012
34927 1977 2012
34949 1977 2012
35011 1977 2012
36038 1977 2012
36064 1977 2012
36096 1977 2012
36229 1977 2012
36259 1977 2012
36307 1977 2012
37001 1977 2012
37061 1977 2012
37107 1977 2012
37126 1977 2012
37228 1982 2012
37470 1977 2012
37663 1977 2012
31152 1977 2012
