20069 1     1     8     6     6     5    18    24    24    18     9     5     7    18    75    88
20069 2  1969  1967  1972  1980  1988  1972  1994  1971  1997  1974  1974  1966  1974  1972  1972
20069 3  1972     .     .     .     .     .     .     .     .     .     .     .     .     .     .
20087 1     1     3     1     3     5    10    16    18    14     2     1     1     4    54    58
20087 2  1990  2005  1991  2007  2011  1985  2010  2007  2011  2009  2010  1985  2011  2011  2011
20087 3     .     .     .     .     .     .     .     .     .     .     .  2011     .     .     .
20292 1     1     1     1     7     5    17    24    24    14     4     3     6    13    74    78
20292 2  1968  1968  1967  1974  1983  1973  1977  1971  1967  1970  1969  1969  1969  1971  1971
20292 3  2011  1970  1969     .     .     .     .     .     .     .  1986     .     .     .     .
20476 1     2     2     2     3     6    14    26    19    11     7     1     6     9    62    70
20476 2  1969  1971  1970  1972  1971  1973  1971  1978  2001  1968  1969  1966  1969  1967  1971
20476 3     .     .  1973  2007  1974  2011     .     .  2011     .  1971     .     .  1971     .
20667 1     5     6     7    12    10    19    21    22    15    14     6     7    29    67    85
20667 2  2008  1984  2008  1982  1984  1985  1966  1978  2011  1980  2005  1999  1983  1966  1982
20667 3     .     .     .     .  1989     .     .     .     .     .  2011     .     .  1982     .
20674 1     3     5     4     5     6    22    27    25    13     9     8     8    20    75    88
20674 2  1966  1967  1966  1973  1986  1981  1970  1973  1969  1980  1969  1966  1966  1973  1973
20674 3  1972     .  1967  1977     .     .     .     .     .     .     .     .  1967     .     .
20744 1     5     4     5     7     9    16    12    11     9     4     3     4    11    39    44
20744 2  1972  1980  1983  1990  1977  1977  1985  1996  1979  1967  1970  1977  1996  1989  1977
20744 3     .     .     .     .     .     .  2003     .  1983  1987  1977  1998     .     .  1989
20891 1    20    14    11     4     3     5     4     5     7     3     8    14    51    22    64
20891 2  1978  1976  1976  1974  1974  1967  1973  1974  1974  1966  1974  1976  1976  1974  1974
20891 3     .  1977     .     .     .     .     .  2002  1983  1969     .     .     .     .     .
20982 1     3     4     1     2     3     3     4     7     7     4     3     4     8    16    22
20982 2  1978  1994  1967  1969  1968  1969  1995  1971  1983  1969  1989  1996  1994  1969  1969
20982 3     .     .  1968  1972  1986  1974     .     .     .     .     .     .     .     .     .
21432 1     2     4     3     4     6    11    16    19     9     8     1     1     9    52    53
21432 2  1977  2000  2000  1975  1977  1977  1981  1980  1975  1978  1975  1977  1978  1975  1975
21432 3     .     .     .  1976     .  2007     .     .     .     .  1976     .     .     .  1981
21802 1     2     3     .    14     3     3     2     5     7     4     2     1     7    19    24
21802 2  1970  1974     .  1972  1968  1979  1970  1967  1974  1972  1967  1976  1974  1972  1972
21802 3     .     .     .     .  1969  1982  1985  1978     .  1974     .  1999     .     .     .
21908 1     3     5     1     1     1     1     2    10     6     3     1     2     9    16    18
21908 2  2001  2009  1970  1975  1987  1981  1973  1971  1971  2009  1974  1966  2009  1971  1971
21908 3     .     .     .     .  1988  1992  1974     .     .     .     .  1971     .     .     .
21921 1    16    10     1     1     1     .     .     2     3     3     6    10    37     3    38
21921 2  1982  1976  1976  1982  1983     .     .  1989  1980  1982  1975  1974  1982  1980  1982
21921 3     .     .     .  1983     .     .     .     .     .     .     .  1982     .     .     .
21931 1     1     3     1     4     8     9     5    11     6     6     4     2     6    28    34
21931 2  1969  1973  1972  1973  2008  1969  1967  1969  1971  1978  1992  1988  1973  1973  1973
21931 3  1975     .  1973  2007     .     .  1972     .     .     .     .     .  1974     .     .
21946 1     6     5     5     5    13    11    10    13    12    12     6     5    25    43    49
21946 2  1977  1966  1981  1995  1998  1969  1968  1973  1969  1981  1981  1966  1981  1969  1973
21946 3     .     .     .  2000     .     .     .     .     .     .  2003  1973     .     .     .
21982 1     7     5     6     7    13    17    21    25    16     4     4     6    16    68    74
21982 2  1979  1986  2011  1978  1990  1980  1978  1976  1984  1967  1973  1983  1979  1976  1977
21982 3     .     .     .     .     .     .     .     .     .  1974     .     .     .     .     .
22113 1     8     9     6     3     4     2     5     6     6     4     8     9    21    10    30
22113 2  1983  2007  1982  1966  1981  1968  1977  2012  1973  1970  1972  1967  1973  1990  1973
22113 3     .     .     .     .     .  1969     .     .     .  1982     .     .     .     .     .
22165 1     6     5     6    11    13    19    21    18    15    12     6     7    21    76    87
22165 2  1996  1990  1974  2010  2010  1981  1997  1974  1981  2000  1982  1977  1996  1981  1979
22165 3     .     .  1983  2011  2011     .  2008     .     .     .     .     .     .     .     .
22217 1     4     7     4     7     4     4     3     6     9     6     4     3    11    18    23
22217 2  1970  1972  1985  1983  2004  1998  1984  1971  2001  1977  1967  1969  1968  2001  1995
22217 3     .     .  1993     .     .     .  2010     .     .     .     .     .  1972     .     .
22235 1     9     7     5     6     5     2     4     8    11     8    10     8    29    18    46
22235 2  1970  1981  1987  1983  1988  1981  1969  1970  1992  1977  1977  1967  1970  1967  1967
22235 3     .     .     .     .     .  1990  1985     .     .  2000     .     .     .  1990     .
22471 1     5     4     5     5     5     2     5     4     6     5     8     9    22    18    33
22471 2  1985  1987  1984  1985  1985  1984  1984  1993  1994  1984  1995  2005  2005  1984  1985
22471 3  1986  1996     .  2000     .  1987     .  1995  2001  1986     .     .     .     .     .
22520 1     3     4     9     4     8     5     7     8     9     3     4     4    13    21    34
22520 2  1986  1987  1988  2001  2006  1987  1984  2006  1992  1996  2006  1993  1987  2006  2006
22520 3  1990     .     .  2012     .  1996     .     .     .  2000  2009  2010  2006     .     .
22550 1     5     4     7     8     4     5     4     8     7     7     5     5    22    25    41
22550 2  1968  1983  1983  1985  1972  1973  1972  1968  1985  1966  1968  1985  1984  1972  1972
22550 3     .     .     .     .  2011  1974  1985     .     .  1977  1972     .     .     .     .
22619 1     4     2     3     4     7     5     3     3     6     3     2     3    11    14    20
22619 2  1984  1991  1984  1990  2010  1987  1990  1993  1992  1997  2004  1984  1984  1991  1991
22619 3     .     .     .  1991     .     .     .     .     .     .     .     .     .     .     .
22641 1     6     4     6     4     3     2     1     4     5     9     5     5    17    14    29
22641 2  1966  1976  1972  1983  1971  1966  1966  1968  1968  1977  1967  1970  1968  1966  1966
22641 3  1970     .     .  2000  1972  1968  1975     .     .     .  1968     .  1973     .     .
22676 1     6     3     3     4     4     3     8     8     9     5     7     5    16    27    35
22676 2  1982  1968  1970  1979  1981  1974  1971  1968  1971  1974  1970  1978  1970  1971  1971
22676 3     .  1977  1973     .     .  1993     .  1971     .     .     .     .     .     .     .
22768 1     4     3     4     5     3     3     6     5     9     6     5     4    11    17    25
22768 2  1985  1978  1975  1972  2003  1978  1977  1987  1987  1979  1970  1979  1979  1972  1979
22768 3     .     .  1983     .     .     .     .     .     .     .     .     .     .     .     .
22802 1     6     8     9    10     5     4     5     9     9     8     5     8    26    32    47
22802 2  1966  1976  1977  1970  1968  1972  2009  1968  1972  1966  1967  1971  1966  1972  1972
22802 3     .     .     .     .  1981  1974     .  1978  1980  2006     .     .     .     .     .
22820 1     4     5     6     6     5     8     4     4     5     5     6     2    17    16    30
22820 2  2009  1974  1975  1975  1983  1987  1975  2006  1980  1979  2009  1997  2009  1980  2009
22820 3     .     .  1983  1980  1998     .  1984     .     .  2006     .  2000     .     .     .
22837 1     5     5     3     7     3     9     6     6     6     4     3     4    10    25    27
22837 2  1987  1974  1975  1972  1977  1971  1985  1968  1972  1982  1973  1978  1975  1972  1972
22837 3     .     .  1978     .  1984     .     .  1974  1980     .     .     .  1987     .     .
23022 1     4     4     6     6    11    18    25    25    19    12     7     3    17    82    93
23022 2  1975  1980  1997  1991  1973  2005  1986  1978  1980  1987  1977  1977  1980  1979  1979
23022 3     .     .     .  2000     .     .     .     .     .     .     .  1979     .     .     .
23032 1     3     3     8     9    10    18    23    24    13    10    12     3    18    65    80
23032 2  1967  1968  1967  1972  1977  2010  1971  1978  1979  1987  1977  1966  1977  1985  1985
23032 3  1977     .     .     .     .     .     .  1985     .     .     .  1969     .     .     .
23058 1     3     4     4     7     9    11     5     7     8     9     4     3    20    27    40
23058 2  1968  1967  1967  1994  2001  1983  1970  1985  1969  1987  1977  1970  1967  1968  1968
23058 3     .     .  1968     .     .     .  1982     .  1984     .     .  1982     .  1979     .
23074 1    14     6     2     2     5     4     2     3     4     4     3     6    22    11    27
23074 2  1977  1977  1981  1972  2002  1981  2007  1983  1987  1975  1974  1978  1977  1972  1977
23074 3     .  1979     .  1982     .     .     .     .     .  1993  2000     .     .     .     .
23205 1     6     3     5     6     6     5     8     6     6     6     6     3    18    20    32
23205 2  1999  1988  1985  2012  2002  2008  1991  2002  1984  2000  2002  1988  1999  1986  1985
23205 3     .  2000     .     .     .     .     .     .  1985     .     .  1992  2000  1991     .
23242 1     4     3     3     8     9    13     9     6     9    11     4     5    17    28    42
23242 2  1994  1966  1967  1973  1977  1975  1969  1987  1984  1973  1971  1975  1973  1975  1975
23242 3     .     .  1975     .     .     .     .     .     .     .  2004     .     .     .     .
23256 1     4     4     3     7     6     8     6     5     7     9     5     4    17    18    33
23256 2  1971  1967  1974  2007  2003  1975  1980  1998  1969  1967  2008  1999  1967  1972  1975
23256 3     .     .  1994     .  2005  1981     .     .  1983     .     .     .     .  1975     .
23274 1    16    17     4     3     4     3     2     4     5     4     7     8    35    12    44
23274 2  1974  1969  1982  1987  2001  1981  1970  1973  1969  1997  1975  2000  1969  2001  1969
23274 3     .     .  1987     .     .  2001  2012  2001  1970     .     .     .     .     .     .
23324 1     4     3     4     5     4     5     3     5     6     6     6     4    12    18    28
23324 2  1986  1981  1983  1990  1991  1981  1981  1974  2001  2000  1969  1969  1969  1981  1981
23324 3     .     .     .     .     .     .     .  1981     .     .     .     .     .     .     .
23330 1     6     4     5     6     6     4     5     7     7    12     7     5    23    23    34
23330 2  1981  2000  1974  1973  1991  1981  1974  1973  1975  1981  1982  1982  1981  1974  1981
23383 1     2     .     2     1     2     5    12     6     5     3     .     .     3    21    23
23383 2  1996     .  1970  1969  1986  1966  1970  1969  1980  1966     .     .  1966  1970  1970
23383 3     .     .     .  1974     .     .     .     .     .  1967     .     .  1967     .     .
23405 1     8     4     4     7     4     3     4     7     6     9     5     6    20    15    27
23405 2  1975  1966  1983  2012  1979  1969  1982  1985  1984  2000  1967  1966  1966  2012  1966
23405 3     .     .     .     .     .     .     .     .  2011     .  2010     .     .     .     .
23445 1     2     2     3     4     5     4     2     5     5     5     3     7    10    15    19
23445 2  1969  1967  1975  1995  1987  1993  1967  1986  2005  1973  1968  1972  1967  1987  1972
23445 3     .     .     .     .     .     .  1968  1987     .  2003  1986     .  1969     .     .
23463 1     .     .     1     1     3     3    11    12     8     3     3     2     3    21    24
23463 2     .     .  1974  1972  1990  1981  1967  1971  1969  1967  1969  1966  1966  1967  1967
23463 3     .     .  1986  1981     .     .     .     .  1987     .     .     .  1967     .     .
23472 1     4     6     2     1     5     3     3     7     6     4     2     4    16    12    27
23472 2  1967  1969  1969  1970  1990  2010  1995  1969  1970  1967  1970  1968  1969  2003  1969
23472 3     .     .     .  1972     .     .     .     .     .  1981  1985     .     .     .     .
23552 1     2     3     2     2     3     2     2     4     6     3     2     3     5    12    14
23552 2  1998  1994  1988  1990  1987  1987  2010  1992  1987  1990  1986  1999  1986  1987  1987
23552 3     .     .     .  1996  1990     .     .  1998     .  2001  1996     .  1996     .     .
23631 1     8    14     4     5     4     1     2     6     5     9     6    10    31    13    37
23631 2  1977  1977  1967  1982  1999  1968  1968  1967  1973  1983  1970  1968  1977  1981  1977
23631 3     .     .     .  1995     .  1970  2000     .  1980     .     .     .     .     .     .
23662 1     1     2     2     2     3     2     3     8     5     6     1     2     8    16    16
23662 2  1966  1984  1984  1973  1990  1973  1978  1978  1971  1969  1970  1969  1969  1978  1978
23662 3  1967  1995     .     .     .  1979  1986     .  1978     .  1971     .     .     .     .
23678 1     8     2     1     2     2     2     4     5     4     3     1     4    10     9    19
23678 2  1987  1987  1977  1979  1975  1976  1980  1988  1974  1997  1986  1986  1987  1974  1987
23678 3     .     .     .     .  1979  1977     .     .  1987     .  1991     .     .  1987     .
23711 1     5     4     3     8     5     3     2     4    10     9     6     6    14    14    25
23711 2  1969  1966  1983  2012  1968  1970  1967  1967  1985  1974  1967  1968  1969  1985  1974
23711 3     .  1976     .     .     .  1976  1968  1993     .     .     .     .  1974     .     .
23724 1     1     1     1     4     4     4     4     6     7     3     3     2     4    14    18
23724 2  1966  1967  1969  1969  1969  1978  1966  1981  1970  1967  1981  1971  1967  1969  1969
23724 3  1973  1970  1970  1986  1976     .  1968     .     .  1977     .     .  1969  1978     .
23734 1     7     2     3     5     4     2     4     6    11    11     6     6    20    17    30
23734 2  2006  1970  1975  1975  1979  1970  2012  1968  2009  1983  1967  1970  2006  1975  2006
23734 3     .  1976  2009  1982  1999  1971     .  2008     .     .  2008     .     .     .     .
23867 1     3     1     3     3     3     4    17    12     9     3     2     1     5    31    34
23867 2  1974  1968  1966  1980  1981  1980  1967  1966  1970  1970  1978  1966  1966  1967  1967
23867 3     .  1969     .     .  2003     .     .  1968  1975  1981     .  1969  1970     .     .
23884 1     5     4     1     2     3     4     7    11     6     2     2     3    11    16    17
23884 2  1972  1967  1972  2000  1983  1996  2001  1986  1975  1967  1970  1966  1972  1985  1974
23884 3  1974     .  1994     .     .  2003     .     .  1987  1987     .  1968     .     .     .
23891 1    17     5     2     3     5     8    15    22    18     8     5    23    41    55    87
23891 2  2001  2006  1993  1973  1973  2008  1986  1989  1974  2009  1987  2000  2000  1986  2000
23891 3     .     .  2000     .  1992  2011  2000     .  1975     .  1998     .     .     .     .
23914 1     3     4     6     9     6     6     4     6    10    11    10     5    23    23    46
23914 2  1971  1971  1974  1982  2012  1978  1973  1979  1984  1987  1977  1976  1971  1971  1971
23914 3  1975  1973     .     .     .     .  1977     .     .     .     .     .     .     .     .
23921 1     7     6     2     4     4     3     6     5     7     6     7    12    18    16    28
23921 2  1972  1966  1971  1970  1974  1990  1998  1979  1975  1974  1969  1968  1969  1970  1979
23921 3     .     .  1978     .  1999     .     .  1990     .     .     .     .     .  1974     .
23933 1    10     3     3     5     4     1     1     6     5     7     7     6    13    12    22
23933 2  2006  1990  1967  1975  1969  1967  1967  1977  1980  1983  1977  1968  1970  1980  1969
23933 3     .     .  1983     .     .  1968  1973     .  2009     .     .     .     .     .     .
23955 1     6     4     3     3     3     2     2     5     5     4     3     8    16    11    24
23955 2  1969  1969  1966  1976  1968  1976  1967  1978  1983  1972  1968  1968  1968  1987  1968
23955 3     .  1999     .  1980     .     .  1973     .  1987     .     .     .     .     .     .
23966 1     1     1     1     1     3     5    17    12     6     4     1     2     5    34    39
23966 2  1972  1986  1968  1968  1973  1971  1967  1967  1968  1967  1969  1966  1967  1967  1967
23966 3     .     .     .  1976     .     .     .     .     .  1981  1973     .     .     .     .
23986 1     7     4     1     2     5     4     5    10     6     4     3     5    10    20    26
23986 2  2001  1969  1973  1982  1990  1967  1969  1972  1970  1967  1986  2010  1968  1982  2001
23986 3  2006     .  1993  2001     .  1971  1982     .  1991  1981     .     .     .     .     .
24125 1     .     1     1     1     1     2     2     5     4     4     1     2     6     8     9
24125 2     .  1979  1974  1966  1966  1973  1974  1969  1991  2009  1997  2007  2009  1973  1974
24125 3     .  1991     .  1971  1973  1998  1977     .     .     .  2002     .     .  1974     .
24136 1     1     1     .     1     1     3     5    10     9     3     2     1     4    17    17
24136 2  1975  1970     .  1967  1970  1998  2006  2009  1983  1971  1982  1966  1982  1983  1983
24136 3     .  1973     .  1968  1984     .     .     .     .     .     .     .     .     .     .
24143 1     4     3     1     2     1     1     1     4     6     3     1     1     5     9    13
24143 2  1966  1974  1968  1968  1969  1969  1976  1966  1971  2008  2009  1972  1966  1976  1966
24143 3     .     .  1980  1976  1976  1970  1978  1969     .  2009     .  1974  1968     .     .
24266 1     9     4     3     1     1     1     2     8     8     3     4     6    16    16    26
24266 2  2003  2003  2003  1966  1971  1969  1971  1971  2002  1974  2001  2002  2003  1971  2003
24266 3     .     .     .  1968  1975  1970  1981     .     .  1975     .     .     .     .     .
24329 1     .     .     .     1     2     3     6    17     4     1     1     .     1    22    22
24329 2     .     .     .  2012  1979  2005  2010  2009  2011  1967  2010     .  1967  2009  2009
24329 3     .     .     .     .     .  2010     .     .     .  1972     .     .  1972     .  2010
24343 1     4     2     1     3     3     2     2     5     5     7     4     3    10    10    14
24343 2  1979  1974  1968  1968  1981  1998  1983  1967  1985  1996  1971  1973  1973  1997  1967
24343 3     .  1976  1969     .     .     .  2000  2002  1997     .     .     .     .  2002  1985
24382 1    19    10     6     .     1     1     1     3     5     4    13    19    44     7    46
24382 2  2008  1970  1969     .  1967  1970  1974  1969  1971  1981  1970  1976  1976  1971  1976
24382 3     .     .     .     .  1971  1990  1976  1987     .     .     .     .     .     .     .
24507 1    25    25     7     1     2     6     9    15    22     5    13    26    68    48   103
24507 2  1979  1969  1966  1966  1975  1969  1967  2003  1991  1977  1968  2000  1985  1991  1991
24507 3     .     .  1977  1970  1977     .  2008     .     .  2009     .     .     .     .     .
24606 1     6     5     1     1     2     4     6    16     8     3     3     5    12    25    28
24606 2  1987  1991  1966  1970  1988  1967  1966  1994  1968  1996  1968  1986  1991  1967  1967
24606 3     .     .  1969  1979     .  2001  1967     .  1991     .  1987     .     .     .  1991
24641 1    11     6     1     .     1     .     2     4     2     2     7     9    21     5    25
24641 2  1985  1967  1967     .  1968     .  1974  1985  1966  1967  1970  1974  1974  1985  1974
24641 3     .  1974  1973     .  1972     .     .     .  1969  1969     .     .     .     .     .
24661 1     8     8     1     1     1     1     4     9     4     2     5    10    19    12    31
24661 2  1968  1974  1967  1974  1973  1969  1985  1967  1966  1975  1967  1984  1967  1967  1967
24661 3     .     .  1978  1982  1978  1974     .     .  1971     .  1975     .     .     .     .
24671 1    10     4     1     2     4     5     6    11     8     3     5     6    12    23    28
24671 2  1967  2007  1966  1970  1967  1967  1966  1980  1978  1972  1968  2000  1968  2004  1967
24671 3     .     .     .     .     .     .  1997  2000  1983     .  1997     .     .     .     .
24688 1     6     1     .     2     3     4     9    12     9     3     1     8    10    24    27
24688 2  1995  1968     .  1972  2009  1983  1970  1971  1983  1984  1966  1997  1997  1983  1971
24688 3     .  1971     .     .     .     .     .     .     .     .  1973     .     .     .     .
24713 1    10     7     1     2     2     6    14    16    11     3     2     5    19    33    42
24713 2  1966  1969  1966  1979  1985  2012  2005  1967  1991  1997  1970  1968  1969  2005  1966
24713 3     .     .  1967     .  1989     .     .     .     .     .  2010  1969     .     .     .
24738 1    15    15     8     3     1     3     6     8     5     3     7    11    50    14    60
24738 2  1966  1966  1966  1987  1966  1980  2000  1982  1976  1967  1987  1974  1966  1987  1966
24738 3     .  1969     .     .  1968     .     .     .     .     .     .     .     .     .     .
24790 1    26    20     9     1     2     2     4    11     9     2    14    30    64    15    73
24790 2  1989  1990  1988  1972  1983  1970  1993  1991  2003  1972  1982  1987  1990  2003  1990
24790 3     .     .     .  1991     .  2007  2004     .     .  1996     .     .     .     .     .
24817 1    15    17     5     2     1     4     5    13     6     2     9    14    36    18    47
24817 2  1979  1969  2010  1983  1966  2007  1968  1967  1974  1968  1998  2000  1969  1967  1969
24817 3  2006     .     .     .  1968     .  1982     .  1984  1980     .     .     .     .     .
24908 1    10    13     1     1     3     7     9    13     7     4     4    10    21    28    41
24908 2  1979  1985  1999  1966  2001  1967  1986  1967  1983  2009  1992  2000  2009  1967  2009
24908 3     .     .  2001  1974  2004     .  2005  1968  1991     .     .     .     .     .     .
24959 1    29    21     5     2     1     1     2     3     4     4    14    26    69     6    74
24959 2  1972  1966  1977  1997  1973  1969  1984  1967  1991  1970  1982  2004  1969  1997  1969
24959 3     .     .     .     .  1977  1974  1997  1971     .     .     .     .  1972     .     .
24966 1    13     4     1     2     2     5     8     8     7     4     3     8    20    21    32
24966 2  1989  1966  1967  1971  2010  1988  1974  1984  1974  1974  1982  2004  1989  1974  1974
24966 3     .     .  1977  1974     .     .     .     .  2003     .  2007     .     .     .     .
24967 1     1     .     .     2     4    13    16    18    11     2     1     .     2    54    56
24967 2  1967     .     .  1972  1967  1975  1972  1969  1974  1974  1970     .  1970  1974  1974
24967 3  1971     .     .     .  2010     .  1974  1974     .     .  1978     .  1974     .     .
25062 1     5     3     2     6    11    18    24    22    15     7     3     4    14    84    89
25062 2  1988  1972  1967  1968  2011  1980  1969  1990  1969  1988  1980  2009  1988  1969  1969
25062 3     .  2007  1968  1981     .  2007  2011  1995  1984     .  1981     .     .     .     .
25138 1     3     1     .     1     1     1     2     6     8     2     2     2     3    11    13
25138 2  1999  1973     .  1986  2001  1976  1979  2007  2005  1981  1985  1998  1974  2005  2005
25138 3     .     .     .  2004     .  1978  1984     .     .  2003     .     .  1985     .     .
25173 1    11     7     5     5    13    16    22    21    17     4     6     7    24    66    89
25173 2  1972  1970  1967  1966  1969  1977  1980  1979  1984  1971  2001  1969  1972  1969  1969
25173 3     .  1972     .  1974  1978  1978     .     .     .     .     .     .     .  1977     .
25206 1     9     9     5     1     2     2     4     6     8     4     2    10    25    15    33
25206 2  1971  1967  1969  1967  1974  1984  1974  1969  1974  1974  1970  1979  1967  1974  1982
25206 3  1973  1978     .  1969  1975     .     .     .     .  1982     .     .     .     .     .
25248 1     6     7     1     2     1     1     2     7     5     3     7    17    23     8    31
25248 2  1971  2005  1976  1990  1970  1980  1968  2005  1989  1968  1968  2004  2005  2005  2005
25248 3  2005     .     .     .     .  1991  1969     .     .  1971  1970     .     .     .     .
25282 1     4     5     3     6    15    17    19    23    16     4     5     2    10    66    70
25282 2  1988  1972  1982  1969  2011  1992  1987  1985  2007  1987  1971  1977  1986  1969  1969
25282 3     .     .     .  1981     .     .     .     .     .     .  1986  1980     .     .     .
25325 1     1     .     .     1     1     1     3     6     3     1     2     .     3     9     9
25325 2  1968     .     .  1990  2006  1998  1979  1985  1974  1974  1974     .  1974  1985  1974
25325 3  1969     .     .     .     .  2000  2005     .  1984  1982     .     .     .     .  1985
25356 1     2     3     2     3     4     2     2     8     4     2     2     3     8    10    12
25356 2  1968  1968  1997  1981  1971  2000  1968  1991  2007  1972  1967  1968  1968  1971  1968
25356 3  1969     .     .  1990     .     .  1969  2003     .  1975  1996  1983     .  2007  2003
25378 1     7     5     1     5    10    12     9     7     7     3     4     3     9    28    35
25378 2  1989  1982  1987  1992  2009  1989  1985  1978  1980  1987  1990  1977  1989  1980  1989
25378 3     .     .  1995     .     .     .     .     .     .  1996  1995  1983  1993     .     .
25399 1     5     5     5     7    14    18    19    23    14     5     4     4    12    67    71
25399 2  1981  1995  1989  1988  1995  1980  1990  2007  1978  1987  1990  2009  1995  2007  1977
25399 3     .     .  2002     .     .  1987     .     .  1984     .  1995     .     .     .     .
25400 1    15     8     5     1     2     1     2     6     8     5     9    11    36    15    40
25400 2  1967  1970  1967  1970  1990  1984  1996  1971  1971  1974  1966  1970  1970  1971  1970
25400 3     .     .     .  1974     .  1996     .  1991     .  1997     .     .     .     .     .
25428 1     4     4     2     1     1     3     7     9     5     3     9     8    20    18    31
25428 2  1966  1966  1989  1966  1975  1966  1969  1969  1996  1972  1968  1968  1968  1969  1968
25428 3  1970  1967     .  1989  1987     .     .     .     .  2009     .     .     .     .     .
25503 1     1     .     1     1     1     4     7    11     7     4     1     .     4    19    21
25503 2  2011     .  1975  2005  1967  1978  1972  1968  1970  1978  2006     .  1978  1968  1975
25503 3     .     .     .     .  1975     .     .  1971  2008  1982     .     .  1982  1975  1978
25538 1     1     1     .     .     1     2     2     4     3     2     2     .     2     7     8
25538 2  1975  1972     .     .  1967  1967  1973  1966  1971  1974  1977     .  1973  1966  1971
25538 3  1978  1973     .     .     .     .  1975     .  2003  1982     .     .  1974  1971     .
25551 1    19    14     8     4     5     4     6    11     9     9     6    13    37    23    48
25551 2  1989  2002  1988  2011  1967  1968  2007  1971  2008  2003  1986  1993  1993  1971  2003
25551 3     .     .     .     .  1971  1977     .     .     .     .     .     .     .     .     .
25563 1     8     4     4     6    10    15     8     6     6     5     7     4    15    31    42
25563 2  1996  1973  1966  1981  1967  1975  1977  1975  1973  1974  1986  1977  1977  1975  1977
25563 3     .  1995  1990     .  1990     .  1978  2003     .  1993     .     .     .     .     .
25594 1     4     2     3     3    11    13    15    11     5     2     3     2     9    35    37
25594 2  1968  1966  1968  1992  1967  1975  1995  1976  1997  1973  1966  1983  1968  1989  1989
25594 3     .  1967     .     .     .     .     .     .     .  1975     .     .     .     .     .
25677 1     9     6     7     7    11    16    18    16     6     5     9     5    17    53    58
25677 2  1980  1972  1967  1981  1990  1992  1977  1974  1975  1992  1985  1970  1972  1977  1977
25677 3     .  1982  1982     .     .     .     .     .     .     .     .     .     .     .     .
25705 1     1     1     .     1     1     2     4     9     8     8     4     3     8    16    18
25705 2  1966  1966     .  2012  1984  1966  1973  1971  1974  2008  2006  1966  2008  1971  1971
25705 3     .  1973     .     .  2002  2001     .  1991     .     .     .  2011     .     .     .
25745 1     7     4     1     3     6     5     4     7     5     3     4     5    11    25    34
25745 2  1973  1972  2007  1968  1968  1966  1971  1968  2006  1968  1977  1967  1972  1968  1968
25745 3     .     .     .  1972     .     .     .  1977     .  1970     .     .     .     .     .
25927 1     1     2     8    10    15    13     8     8     7     3     2     4    12    40    52
25927 2  1969  2003  2008  1982  1968  1970  2008  1977  2006  1981  1985  1999  2008  2008  2008
25927 3  1997     .     .     .     .  1998     .     .     .     .     .     .     .     .     .
25932 1     2     1     3     4    18    19    23    19    13     2     1     .     5    70    70
25932 2  2008  1975  2008  1982  1984  1969  1980  1968  1998  1978  1977     .  2008  1968  1968
25954 1     1     1     1     2    11     5     5     4     3     2     3     1     5    16    18
25954 2  1968  1968  1967  1984  1967  1970  1971  1966  1970  1990  1990  1977  1990  1967  1967
25954 3  1969  1974  1970  1986  1968     .     .  1973  1972     .     .  2010     .  1970     .
25956 1     2     .     2     4    12     9     9    11     6     5     3     2     7    38    42
25956 2  1968     .  2007  2002  1967  1966  1967  1973  1973  1973  1990  1966  1973  1967  1973
25956 3     .     .     .     .     .  1967  1970     .     .     .     .     .     .     .     .
26063 1     4     8     6     4     3     2     2     4     4     5     5     5    17    10    25
26063 2  1966  1982  1975  1972  1969  2005  1966  1967  1978  1997  1968  2007  1982  1966  1966
26063 3  2001     .     .  1976     .     .     .     .     .     .  2006     .     .  1976     .
26157 1    10    10    10     6     5     3     2     5     6     8     9    11    40    13    51
26157 2  1971  1974  1967  1967  1966  1987  1976  2002  1989  1966  1966  1971  1966  1989  1966
26157 3     .     .     .     .  1969     .  1977     .     .     .     .     .     .     .  1967
26275 1     6     5     8     6     3     4     6    10     6     6     6     7    24    22    43
26275 2  1971  1966  1983  1972  1968  1970  1966  1967  1968  1982  1966  1970  1966  1967  1967
26275 3     .  1970     .     .  1972     .     .     .  1980  1990     .     .     .     .     .
26359 1    10     8    11     8     7     8     9    11     9    13    10    11    39    35    71
26359 2  1971  1966  1975  1985  1967  1970  1972  1967  1980  1972  1976  1971  1971  1967  1967
26359 3     .  1974     .     .     .     .  1973     .     .     .  1986     .     .     .  1972
26781 1    19    14    16     9     3     7     7    10    11    12    15    14    63    28    87
26781 2  1971  1966  1967  1970  1974  1988  1979  1977  1980  1972  1968  1982  1966  1967  1966
26781 3     .     .     .     .  1976     .  1990     .  1981     .     .     .     .  1978     .
26997 1    15    16    13     8     6     5     4     4     7    14    16    12    69    20    78
26997 2  1971  1966  1967  1977  1987  1989  1989  1977  1977  1982  1966  1967  1966  1977  1966
26997 3     .     .  1975     .     .     .     .  1982     .     .     .  1980     .  1989     .
27037 1     6     5     7     6     3     5     8    11    10    10     8     5    17    24    39
27037 2  1966  1973  1983  1966  1987  1982  1974  1982  1967  1987  1969  1972  1966  1982  1982
27037 3     .     .     .     .     .     .     .     .     .     .     .     .  1976     .     .
27051 1     5     5     4     6     3     5     5    10     7     9     5     5    18    22    38
27051 2  1966  1973  1970  1969  1967  1982  1977  1968  1967  1981  1969  1972  1981  1967  1982
27051 3  1987     .     .  1972  1981     .     .  1982  1995  1984  1976     .     .     .     .
27333 1     8     7     8     6     4     4     5     7     8     9    13     8    34    17    45
27333 2  1966  1972  1975  1966  1996  1985  1980  1982  1967  1982  1966  1982  1966  1985  1966
27333 3     .  1990     .  1972     .     .     .     .     .  1984     .     .     .  2003     .
27459 1     7    11     7     6     4     4     2     5     7     8    13    12    40    17    44
27459 2  1971  1976  1983  1970  1978  1985  1968  1990  1972  2002  1979  1979  1979  1987  1976
27459 3  1982     .     .     .     .     .  1970     .  1987     .     .     .     .     .  1979
27595 1     6     5     6     6     2     1     4     2     5     8    10     5    17     7    20
27595 2  2007  1973  1978  1982  1978  1966  1994  1976  2007  1987  1971  2004  1966  1982  2007
27595 3     .     .     .  1989     .  1974     .     .     .     .     .     .     .     .     .
27612 1     4     2     5     4     2     2     2     3     6     6     7     5    19    10    22
27612 2  1971  1966  1975  1972  1989  1985  1977  2004  1975  1987  1970  1970  1970  1989  1970
27612 3     .  2002     .     .     .  1989  1982     .     .     .     .     .     .     .     .
27648 1    12     8    14     8     4     4     6     7     8    11    12     8    38    22    55
27648 2  1975  1966  1978  2012  1982  1974  1974  1976  1981  1980  1968  1980  1966  1974  1974
27648 3     .     .     .     .     .  1977  1983     .     .     .     .  2000     .     .     .
27675 1     5     5     5     5     2     2     4     6     9     7     7     6    23    12    28
27675 2  1966  1973  1974  2012  1978  1969  1989  1990  2007  2007  1966  1979  1966  2007  1966
27675 3     .     .  1978     .  1994  1980     .     .     .     .  1968     .     .     .     .
27707 1    19    15    10    15     4     5     7     7     7    11    16    12    64    26    83
27707 2  1971  1966  1966  1967  1980  1989  2011  1969  1978  1982  1968  1982  1966  1967  1966
27707 3     .     .  1968     .     .  2005     .     .  1980     .     .  2000     .     .     .
27823 1     9    13    16    11     3     4     4     6     8     9    20    12    61    21    73
27823 2  1971  1966  1975  1972  1973  1974  1984  1976  1979  1980  1968  1976  1968  1973  1968
27823 3     .     .  1979     .  1976     .     .     .     .     .     .     .     .  1980     .
27857 1     5     6    10     7     4     2     3     5     5     8    11     7    31    13    37
27857 2  1966  1966  1978  2012  1974  1980  1974  1976  1981  1980  1966  1980  1966  1976  1980
27857 3  1982  1975     .     .     .  1984  1989  2009     .     .     .     .     .     .     .
27995 1     5     7     7     4     1     1     3     2     4     8     8     8    27     7    33
27995 2  1970  1984  1987  1980  1968  1968  1983  2000  2007  1980  1967  1982  1980  2007  1980
27995 3     .     .  1996  1982  1969  1982     .  2006     .     .  1989     .     .  2012     .
28009 1     4     4     2     8     4     5     8    10     9     9     5     4    14    23    29
28009 2  1966  1973  1967  1982  1968  1986  2003  2000  2011  1987  1966  1990  1966  1977  1977
28009 3     .     .  1968  1989  1971     .     .     .     .     .     .     .     .  2003  1982
28064 1     .     3     1     4     1     2     3     5     6     6     3     3    10    13    19
28064 2     .  1990  1989  1997  1986  1992  1994  2009  1987  1999  1986  2000  2000  2004  1999
28064 3     .  1995  1997  1999  1987     .     .  2010     .     .     .     .     .     .     .
28138 1     5     4     5    12     8     6     8    12    12    13    14     8    33    38    60
28138 2  1975  1973  1981  1975  1968  1983  1983  1978  1969  1973  1977  1982  1982  1969  1969
28224 1     5     3     4     2     2     4     4     4     5     8     3     2    10     7    15
28224 2  1969  1966  1967  1982  1995  2012  1999  1994  1989  1987  2002  1966  1966  1978  1969
28224 3     .  1976     .  1991     .     .     .     .     .     .     .  1969     .  1983  1987
28255 1     3     2     3     5     3     3     4     5     4     6     6     5    14    12    24
28255 2  1969  1966  1973  2006  1987  1976  1973  1976  1973  1982  1972  1976  1969  1976  1969
28255 3  1970  1971  1983     .     .  1978  1985  1982  1974     .     .     .     .     .     .
28275 1     3     4     4     3     2     4     5     7     5     5     5     6    17    17    28
28275 2  1977  1973  1981  1975  1975  1974  1978  1984  1987  1982  1977  1973  1973  1978  1981
28275 3  1978  1983     .  1980  1976     .     .     .     .  2005     .     .     .     .     .
28418 1     5     5     6     6     3     3     3     3     6    10     7     8    20    12    26
28418 2  1996  1973  1995  1982  1978  1971  1977  1993  1978  1984  1967  1980  1980  1978  1971
28418 3     .     .     .     .     .  1997  1985  2006     .     .  1979     .     .     .  1980
28434 1     8     4     7     5     2     4     8     9    10     7     5     3    18    25    33
28434 2  1969  1976  1966  1966  1966  1976  1990  1990  1992  2005  1967  1968  1969  1990  1969
28434 3     .     .  1987     .  1968  2005     .  2007     .     .     .  1971     .     .  1990
28493 1    10     5     5     3     2     2     5     7     5     7     7     6    30    15    35
28493 2  1969  1969  1983  1972  1987  1979  1984  1993  1970  1982  1977  1969  1969  1984  1969
28493 3     .  1974  1984     .     .  2006     .     .  1984     .     .  1984     .     .     .
28552 1     4     5     4     5     2     2     5     5     5     4     3     4    15    12    26
28552 2  1969  1966  1966  1966  1986  1972  1983  1994  1987  1996  1969  1966  1966  2007  1966
28552 3  1972     .  1981     .  2009  2011  2007     .     .  2005  1977     .     .     .     .
28573 1     3     4     4     5     4     5    11    13     6     9     6     4    16    37    53
28573 2  1970  1971  1970  1969  1967  1974  1981  1976  1980  2005  1981  1966  1981  1981  1981
28573 3  1972  2001  1984  1980  1980     .     .     .  1981     .     .     .     .     .     .
28666 1     6     3     7     6     2     3     4     5     4     7    11     6    23    15    32
28666 2  1984  1981  1972  1966  1966  1968  1967  1985  1974  2005  1977  1979  1977  1966  1981
28666 3     .     .     .  2011     .     .  1981  1994  1999     .     .     .     .     .     .
28698 1     9     3     7     5     1     2     5     5    11    10     7     8    24    19    33
28698 2  1974  1972  1966  1977  1971  1971  1979  1971  1970  1982  1973  1968  1969  1970  1970
28698 3     .  1981     .     .  1975  1973     .     .     .     .  1977     .     .     .     .
28704 1     6     4     9     5     3     4     5     6     9     9    10     6    25    20    35
28704 2  1993  1966  1970  1972  2006  2011  2004  1984  2005  2005  1967  1982  1967  2007  1968
28704 3     .  1968     .  1973     .     .     .  2007  2007     .     .     .     .     .     .
28722 1     7     5     4     4     2     3     2     4     4     6     8     6    24     8    26
28722 2  1967  1967  1984  1966  1996  1997  1969  1984  1979  1987  1967  1976  1967  1983  1967
28722 3  1995     .  1989  1980     .     .  1973     .  1990     .     .     .     .     .     .
28748 1    18     9     7     8     1     2     1     2     2     3     7    11    31     8    39
28748 2  1969  1983  1967  1966  1970  1999  1969  2006  1983  1982  2006  1966  1966  1966  1966
28748 3     .     .     .     .  1973  2002  1970  2007  1988  1996     .     .     .     .     .
29111 1     4     3     2     2     3     3     4     9     6     5     2     4    10    15    24
29111 2  1969  1971  1966  1995  1966  1972  1967  1981  1969  1982  1968  1968  1969  1968  1968
29111 3  1973     .  1984     .     .  1989  1968     .     .     .     .     .     .     .     .
29231 1     7     5     3     2     2     2     5     6     7     6     2     6    14    18    27
29231 2  2006  1969  1972  1967  1966  1967  1984  1984  1974  1983  1967  1966  1979  1967  1967
29231 3     .  1978  1973  1974  1969  1968     .     .     .     .  1973     .     .     .     .
29263 1    13    16     6     2     3     2     5     8     8     3     6    11    38    21    45
29263 2  1974  1969  2000  1974  2012  1966  1976  1990  1976  1983  1976  1966  1969  1976  1974
29263 3     .     .     .  1987     .  1972  2005     .  1984  1989     .     .     .     .     .
29282 1    17    19     5     2     4     4     7    10    11     5     2    15    36    21    50
29282 2  2001  1969  1971  1975  2000  1996  2012  1967  1983  1997  1968  1968  1977  1976  1969
29282 3     .     .     .  1996     .  2002     .     .     .     .  1971     .     .  2005     .
29313 1     2     2     2     1     2     4     9     8     7     4     2     2     6    21    27
29313 2  1970  1994  1967  1972  1966  1972  1970  1984  1970  1979  1977  1984  1967  1970  1970
29313 3  1971     .  1984  1976  1971  2011     .     .  1975     .  1981     .  1970     .     .
29328 1     8    12     2     1     2     3     6     8     5     4     3     6    25    16    40
29328 2  1969  1969  1970  1967  1969  1972  1990  1967  1969  2005  1983  1966  1969  1967  1969
29328 3     .     .  1973  1969     .     .     .     .  1970     .     .     .     .     .     .
29379 1     6     3     1     1     2     3     6     7     4     1     2     2    10    15    16
29379 2  2001  2001  1988  1991  1989  2007  1990  2009  2008  1993  1988  1990  2001  2009  1990
29379 3     .  2010  1995     .  2004  2009     .     .     .  1996  1991  1991     .     .  2009
29570 1     8     4     3     1     2     2     4     6     6     6     3     7    13    11    17
29570 2  2001  1977  1969  1975  1967  2004  1985  2000  1992  1970  1985  2010  1969  1987  1969
29570 3     .     .     .  1978  1970     .     .  2002     .     .     .     .     .     .     .
29594 1    10     7     2     1     1     3     8     6     5     3     4     6    25    15    35
29594 2  2001  1967  1966  1966  1983  1975  1985  2005  1992  1970  1969  1966  1969  1992  1969
29594 3     .  1969  1972  1970  1991     .     .     .     .  1972     .     .     .     .     .
29612 1     9     7     6     8     2     2     5     8     6     6     8     5    21    15    31
29612 2  1984  1971  1970  1966  2000  1974  1970  1993  1975  1970  1973  1967  1967  1966  1970
29612 3     .     .  1978     .     .  1992  1996     .     .     .     .  1968     .  1988     .
29645 1    13     8     9     4     3     4     9    12    11     6    10    16    46    30    70
29645 2  1968  1968  1967  2011  1967  1974  1984  1967  1974  1983  1967  1966  1967  1984  1967
29645 3  1977  1969     .     .     .  2004     .  1976     .     .     .     .     .     .     .
29752 1     2     1     3     4    11     8     8    11     9     8     5     1    11    36    40
29752 2  1984  1972  1983  1978  1986  1989  2006  1994  1983  1974  1994  2006  2005  2010  2010
29752 3     .  1981  1984  1985     .  1997     .     .  2008     .     .  2007     .     .     .
29789 1     1     1     .     1     3     5     9    12    12     2     1     1     2    23    24
29789 2  1967  1974     .  1967  1986  1967  1989  1984  1970  1983  1971  1967  1967  1984  1983
29789 3     .     .     .  1997     .  1981     .     .     .  2008     .     .  1983     .  1984
29866 1    10    11     8     3     1     2     2    11     8     9     9    12    29    17    42
29866 2  2005  1999  2012  2012  1967  1971  1985  2003  1985  2009  1989  1966  1992  2003  2003
29866 3     .     .     .     .  1968     .  1996     .     .     .  1991     .  2005     .     .
29939 1     5     5     6     5     4     2     8     6     5     5     5     4    18    22    29
29939 2  1976  1971  1997  1969  1970  1978  1995  1984  1970  1970  1979  1966  1980  1995  1995
29939 3     .     .     .  1976     .  1979     .  1990  1973  1982     .  1971     .     .     .
30054 1    14    13     3     3     4     7     9    14    14     4    10    12    39    37    69
30054 2  1974  1969  1971  1972  1998  1980  1973  1972  1973  1972  1968  1968  1968  1973  1968
30054 3     .     .     .  1978  2002     .     .     .     .     .     .  1976     .     .     .
30089 1     1     1     1     2     7    13    13    21    16     4     2     1     5    54    56
30089 2  1970  1967  1968  1970  2012  2011  2012  1992  1968  1967  1969  2005  1967  2011  2005
30089 3     .     .  1975  2007     .     .     .     .  1974  2000  2007     .     .     .     .
30230 1    19    12     5     5     6     8    13    18    15     7     7    16    41    45    73
30230 2  1977  1985  1966  1973  1990  1991  1967  2002  1973  2009  1984  2009  1969  1973  1969
30230 3     .     .  1983     .     .  2005  1991     .  2006     .     .     .     .  1991     .
30252 1    25    19     6     4     3     7     8    15     6     4     7    18    50    31    64
30252 2  1977  1969  1971  2009  1966  2012  2011  2011  1973  2005  1987  1980  1969  2011  1974
30252 3     .     .     .     .  2000     .     .     .  1974  2008     .  2009     .     .     .
30309 1     6     6     5     1     4     5     4     8     8     6     5     6    17    17    28
30309 2  1987  1983  1970  1966  1974  1988  1966  1967  1983  1983  1976  1968  1983  1967  1967
30309 3     .     .  2010  1968     .     .  1968     .  1987     .     .     .     .     .  1983
30372 1    28    18     5     1     4     5     8    11     5     4     7    21    58    29    78
30372 2  1977  1974  1971  1967  1975  1977  1968  1972  1968  1969  1987  1974  1969  1968  1974
30372 3     .     .     .  1974     .     .  1974  1990  1973     .     .  2000     .     .     .
30385 1    12     .     1     1     4     8    12    14    10     3     1     6    12    32    37
30385 2  2012     .  1967  1967  1984  1966  2012  1966  1973  2000  2006  2008  2012  1969  2012
30385 3     .     .  1972     .     .     .     .  1969  1976     .     .     .     .     .     .
30393 1    12    18     5     3     6     7     9     9     7     3     3     5    36    25    57
30393 2  1966  1966  1966  1972  2012  1966  1993  2006  2009  1992  1970  1977  1966  1993  1966
30393 3     .     .     .     .     .     .  2008     .     .  1995     .     .     .     .     .
30433 1     .     2     1     2     3     9     7     5     3     2     1     .     4    15    15
30433 2     .  2004  1967  1967  1975  1985  1966  1969  1980  1992  1966     .  2008  1969  1969
30433 3     .     .  1971  1970     .     .  1991     .     .  1995  1973     .     .     .     .
30521 1    10     7     4     1     4    12    15    20    17    11     3    13    36    47    74
30521 2  1967  2009  1966  1968  1969  1985  2011  1966  1966  2009  1971  2009  2009  1983  1966
30521 3  2008  2010     .  1969     .     .     .     .     .     .  1983     .     .     .  2009
30554 1    19    15     4     2     3     6    15    18    11     2     7    14    41    32    64
30554 2  1969  1969  1969  1983  2011  1983  1999  1998  1987  1966  1987  1968  1969  1983  1969
30554 3     .     .     .     .     .  1985     .     .     .  1987     .  2000     .     .     .
30612 1     5     4     4     2     3     6     9    13    11     8    10     3    17    25    35
30612 2  1975  1978  1981  1976  1969  2005  2006  1989  1973  1968  1971  1977  1997  2005  1988
30612 3     .  1995  1997  1990  1978     .     .     .     .     .     .  1983     .     .     .
30636 1     6     2     2     1     1     1     3     4     4     3     2     7     9     5    10
30636 2  2008  1968  1983  1970  2004  1972  1985  1966  1973  2008  1967  2009  2008  1966  2010
30636 3     .  1983     .  1987     .  1985     .     .     .     .  1971     .     .  1973     .
30650 1    12     6     1     2     4    14    18    17     9     4     3     6    17    57    67
30650 2  1977  1985  1966  1967  2011  1986  1985  1980  1973  1966  2005  1968  1985  1986  1986
30650 3     .     .  1967  1975     .     .     .     .  1987     .  2010  1976     .     .     .
30673 1    19    12     2     2     4     8    16    18    11     1     4    13    38    41    67
30673 2  1969  1969  1966  1967  1977  1985  1982  2004  1983  1966  1968  1968  1969  1985  1969
30673 3     .     .  2004     .     .     .     .     .     .  1977  1987     .     .     .     .
30710 1    18     8     2     2     3     4     9    12    10     6    11    17    53    24    71
30710 2  1968  1969  1984  1967  1981  1975  2000  1990  1987  1966  1976  1969  1969  1974  1969
30710 3  1969     .     .     .  2004  1985     .     .     .  1968     .     .     .  2000     .
30758 1    20     9     2     2     2     4    10     9     7     3     4    11    27    20    41
30758 2  1977  1969  1969  1975  1979  2000  1986  1973  1984  1984  1975  1976  1969  1983  1969
30758 3     .     .     .     .  1984     .     .     .     .     .  2007     .     .     .     .
30777 1    16     9     2     1     4     9    15    19    18     3     2     5    31    44    71
30777 2  1969  1969  1969  1967  1981  1984  1969  1998  1973  1988  1977  1968  1969  1973  1969
30777 3     .     .     .  1968     .  1995     .     .     .  1994     .  2000     .  1988     .
30844 1    10     5     1     1     3     7    14    19    13     4     3     4    17    41    51
30844 2  2001  2001  1969  1967  2010  1985  1985  1996  1973  1966  1999  2000  2001  1988  2001
30844 3  2010     .  1997  1975     .  1994     .     .     .  1984     .     .     .     .     .
30879 1    15     6     2     1     1     4     8     9     6     2     3     4    27    20    39
30879 2  1969  1969  1981  1967  1975  1994  1986  1998  1991  1969  1997  1968  1969  1998  1969
30879 3     .     .  1995  1991  1991     .  1993     .     .  1997     .  1976     .     .     .
30925 1     3     1     1     1     .     1     1     2     3     3     1     1     4     4     5
30925 2  2001  1970  1968  1969     .  1973  1981  1985  1984  1966  1973  1990  1968  1992  1968
30925 3     .     .  1986  1978     .  1988  1983  1992     .  1968  1974     .     .     .  1984
30935 1    12     6     3     1     3     7    12    17    14     6     5     4    22    46    52
30935 2  1969  1969  1966  1967  1988  2007  2005  2005  1987  1966  1980  1978  1966  2005  1966
30935 3     .     .     .  1969  2008     .     .     .  2007     .     .     .     .     .     .
30949 1     4     3     1     4     2     4     5    10     7     1     2     3     7    20    20
30949 2  2001  2001  1972  1980  1969  1985  1968  1987  1987  1976  1980  2002  2001  1987  1987
30949 3     .     .  1998     .     .  1994  1969  1993     .  1980     .     .     .  1993  1993
30965 1     6     4     2     1     1     1     1     3     2     1     2     2     6     4     8
30965 2  2012  2001  2009  1985  2001  1988  1988  1994  1991  2004  1986  2003  2002  1994  2002
30965 3     .     .     .  1987  2010  1996  1991     .  2005     .     .  2009  2012     .     .
31004 1     6     7     .     3     3     6     5     7     9     3     2     6    11    18    22
31004 2  1966  1969     .  1978  1967  1983  1972  1967  1968  1970  1979  1968  1969  1972  1969
31004 3     .     .     .     .     .  1996  1974     .     .  1972     .     .     .     .     .
31088 1     1     1     4     9    16    18    15    13    10     4     1     .     7    57    58
31088 2  1995  1984  1989  1968  1967  1966  1973  1968  1988  1975  1968     .  1975  1973  1973
31088 3     .     .     .     .     .     .     .     .     .     .  1990     .     .     .     .
31137 1     7     2     2     2     2     6    14    22     7     4     .     5     9    47    47
31137 2  1967  1971  1972  1972  1977  1975  1969  1969  2005  1966     .  1966  1966  1969  1969
31137 3     .     .     .     .  1998     .     .     .     .     .     .     .     .     .     .
31168 1     .     .     4     9    23    18    20    19    10     1     1     .     4    64    65
31168 2     .     .  1989  1976  1984  1973  1997  2008  1988  1975  2006     .  1989  2008  2008
31168 3     .     .     .     .     .  2006     .     .     .  1988     .     .     .     .     .
31174 1     1     1     5     5    14    17    18    14     8     1     1     .     5    46    47
31174 2  1980  1970  1989  1968  1984  1975  2001  1980  1998  1968  1971     .  1989  1988  1988
31174 3     .  1980     .  1985     .     .     .     .     .  1974  1973     .     .     .     .
31253 1     8     3     1     2     4     5     7     9     9     3     3    12    16    26    31
31253 2  2012  2009  1968  2012  1988  1967  1967  1970  1968  1996  1998  2000  2000  1968  1968
31253 3     .     .  1986     .  2002  1968     .  1972     .     .     .     .     .     .     .
31329 1     1     2     1     4     8    14    24    27    21     7     2     1     8    75    80
31329 2  1972  1987  1968  1987  2006  1970  1988  2000  2004  1999  1975  1972  1999  1988  1988
31329 3  1988     .  1978  1998     .  1984     .     .     .  2001     .     .     .     .     .
31369 1     1     3     5     9    11     4     6     5     9     6     3     3     9    23    28
31369 2  1970  1968  1989  1972  1988  2008  1984  1973  1976  2000  1973  1969  1989  1972  1976
31369 3  1972     .     .     .     .     .     .  1980     .     .  1989     .  1995     .     .
31416 1    20     8     1     3     3     6     7    11    12     4     4    11    40    27    52
31416 2  1969  1969  1969  1972  1968  1985  2009  1966  2005  1974  1968  1969  1969  2007  2006
31416 3     .     .  1970  2001  2002     .     .  2006     .  2003     .     .     .     .     .
31439 1     3     1     .     3     2     4     4     5    11     5     2     1     8    17    23
31439 2  1972  1975     .  1971  1967  1982  1967  1970  2005  1988  1966  1970  1972  2005  1972
31439 3     .  2002     .     .  1977  2011     .  1971     .     .  1972     .     .     .     .
31478 1     7     1     .     1     2     5     5     8     6     2     2     4     9    17    17
31478 2  1969  1969     .  1969  1988  1984  1977  1972  1972  1989  1968  1968  1969  1974  1969
31478 3     .     .     .     .  2006     .  2007  1974  1993  1995     .  1996     .     .  1972
31707 1     2     1     2     3     3     5     8    11     7     8     3     1    10    31    41
31707 2  1967  2002  1986  1984  1968  1966  2008  2011  1976  2011  1999  1972  2011  2011  2011
31707 3     .     .     .     .  1977  1975  2009     .  2006     .     .  1975     .     .     .
31770 1     1     1     2    11    15    16    17    12     4     4     1     1     5    55    56
31770 2  1970  1970  1986  1972  1975  1975  1982  1967  1983  2010  1968  1979  1992  1975  1975
31770 3     .  1992  1989     .     .  1981     .  1987  2002     .  2004     .     .     .     .
31829 1     .     4     5    18    22    26    28    20     5     4     3     1     9    84    84
31829 2     .  1971  1992  1985  2000  1981  1989  1982  1977  1977  1979  2008  1998  1975  1975
31829 3     .     .     .     .     .     .     .     .  2009     .     .     .     .     .     .
31960 1     3     4     9    13    21    25    26    20     7     8     8     4    24    91   109
31960 2  1995  1998  1995  1994  2000  2005  1989  1987  1987  1987  1997  1991  1997  2000  1997
31960 3     .  2006     .     .     .  2012     .     .     .  1995     .  2008     .     .     .
31961 1     3     3     4     4     4     6     7     8     6     5     5     4     9    19    26
31961 2  1995  2011  1995  1976  1972  1971  1969  1968  1982  1994  1970  1979  1992  1975  1984
31961 3     .     .     .     .  1975     .  1984     .  2005     .     .  1984  1995  1984     .
31989 1     1     4     8    15    19    21    24    18     8     8     4     3    15    80    88
31989 2  1993  2002  2004  2000  1975  1971  1978  2009  1981  2008  1968  1994  1982  1970  1970
31989 3  1995     .     .     .     .     .     .     .  1984  2011  1979     .  2011     .     .
32027 1     4     4     6    13    15    12    12     6     3     4     3     4    11    44    54
32027 2  1975  1991  1989  1968  1995  1978  1977  1975  1973  1968  1994  1979  1968  1978  1975
32027 3     .     .     .     .     .  1999     .     .  1999  1992     .     .  1975     .     .
32061 1     1     .     1     5     7     8    10     5     1     2     2     .     4    23    25
32061 2  2000     .  1986  2002  1993  1987  1998  1988  1986  1995  1995     .  1995  1998  1998
32061 3     .     .  1992     .     .  1999     .  2007  1993     .     .     .     .     .     .
32076 1     1     2     4    10    17    22    23    20    13     5     2     2     8    76    84
32076 2  1969  1970  1989  1972  1988  1972  1973  1987  1980  1972  2006  1988  1972  1972  1972
32076 3     .  1982     .     .     .     .  1987     .     .     .     .     .     .     .     .
32098 1     4     1     7    12    17    18    20    20    10    11     6     4    16    65    80
32098 2  1975  1966  1983  1975  1984  1981  1973  1996  1971  1966  1968  1967  1966  1977  1975
32098 3     .  1967     .     .     .     .  1983     .     .     .     .     .  1975  1983     .
32099 1     3     5     9    13    24    28    30    28    21    15     6     5    17   125   132
32099 2  1970  1982  1989  1978  2000  1970  1983  1988  2000  1966  1968  1972  1966  2000  2000
32099 3  1975     .     .  1988     .  1981     .  2002     .     .     .     .  1989     .     .
32150 1     2     3     4     9    10    13    13    12    10     7     3     4    11    47    56
32150 2  1983  1977  1977  1988  1984  1981  1983  1977  1988  1998  1989  2008  1983  1984  1984
32150 3  1988  2002  1983     .     .  1989     .     .     .     .  2004     .     .     .     .
32165 1     2     6     8    16    24    24    26    23    14     6     3     5    15    97   104
32165 2  1989  1990  2008  1988  2000  1991  1987  1986  2012  1992  1989  1996  2008  1986  1986
32165 3  1993     .     .     .     .     .     .     .     .  1994  1993     .     .     .  1990
32213 1     2     2     6    13    22    27    29    31    20    11     7     1    20   122   131
32213 2  2002  1991  1989  1990  2010  1988  1993  2006  2008  2005  1990  1989  2005  1994  1994
32213 3     .  2006     .     .     .  2010     .     .     .     .  2005  1990     .     .     .
32252 1     2     5     5     6    11    18    23    17    11     3     5     1    12    64    65
32252 2  1997  1979  1979  1977  1979  2006  2010  2006  1998  1980  2010  1975  1979  2006  2006
32252 3  2010     .     .     .     .     .     .     .     .  2005     .  1994     .     .     .
32287 1     2     3     3     7     9    14    15    14    12     3     3     1     8    54    62
32287 2  1969  1978  1990  1967  1967  1966  1975  1968  1983  1967  1967  1966  1967  1967  1967
32287 3     .     .     .     .     .  1967     .     .     .  1985     .  1967     .     .     .
32389 1     9     7     4     1     1     1     3     7    13     4     9    12    26    20    37
32389 2  1975  1971  1968  1968  1967  1983  1983  1971  1983  1983  1967  1969  1969  1983  1971
32389 3  2009  1975  1970  1972  1985  1987  2011     .     .  2006     .     .  1971     .     .
32477 1     5     5     9     9    14    18    19    18    15     7     5     4    25    63    78
32477 2  1979  1988  1979  1972  1970  1981  1975  1977  1983  1974  1972  1975  1975  2009  1975
32477 3     .     .     .  1976     .     .     .     .     .     .     .     .     .     .     .
32509 1     4     3     2     8    13    15    16    16     5     4     3     3     6    47    52
32509 2  1974  1985  1977  1986  1967  1974  1966  2012  1966  1973  1966  2010  1966  1977  1966
32509 3     .     .  1989     .     .  2002     .     .     .  1982     .     .     .     .     .
32562 1     9     8    14    14    19    21    26    27    18     8     7     6    27    86   109
32562 2  1970  1972  1975  1972  1967  1975  1982  1977  1994  1991  1971  1969  1972  2003  1975
32562 3  1972     .     .     .     .     .     .     .     .     .  1988  1983  1975     .     .
32618 1     3     3     4     6    13    22    26    18    15     6     4     5    12    89    93
32618 2  1974  1994  1990  1975  2009  1978  1980  1979  1977  1982  2003  1979  1979  1977  1977
32618 3     .     .     .  1981     .  1984  1984  1984     .     .     .  1980     .     .     .
34110 1    16    16    15    10     3     3     4     5     5    13    21    17    72    14    75
34110 2  1966  1977  1978  1967  1989  1974  1972  1969  1980  1981  1966  1974  1966  1973  1966
34110 3     .     .     .     .     .  1988     .     .     .     .     .  1980     .  1980     .
34123 1     9    10    13     6     2     2     2     3     6     7    18     9    48    11    51
34123 2  1966  1966  1979  1967  1973  1997  1968  1973  1981  1981  1966  1974  1966  1979  1966
34123 3     .     .     .  1979  1980  2003  1997     .     .     .     .     .     .     .     .
34152 1    13    14    13     8     2     2     3     3     4    10    15    17    52    11    62
34152 2  1982  1966  1979  1979  1978  1978  1976  1967  1980  1980  1980  2000  1980  1979  1980
34152 3  1999     .     .     .  1983  2001     .  1976  1987     .     .     .     .     .     .
34163 1     7    11    11     6     2     3     5     4     4     8    12    12    45    13    52
34163 2  1966  1966  1970  1992  1968  1978  2008  1990  1968  1980  1977  1980  1980  2012  1980
34163 3     .     .     .  2012  1978     .     .     .  1969  2007     .     .     .     .     .
34186 1    15    14    13     8     3     5     3     2     4     7    17    20    64    11    70
34186 2  1982  1999  1967  1980  1968  1978  1969  2009  1970  1980  1971  1980  1982  1978  1983
34186 3     .     .  1975     .     .     .     .     .     .     .  1977  1983     .     .     .
34579 1    13    11    11     3     3     1     1     2     2     5    11    16    48     6    49
34579 2  1968  1968  1985  1979  1982  1978  1989  1987  1971  1974  1968  1972  1968  1987  1968
34579 3  1984  1973     .  1987     .     .     .     .  1974  1984  1981  1983     .     .     .
34720 1    13    16    10    10     2     1     .     1     3     7    13    16    55    12    61
34720 2  1966  1977  1982  1980  1966  1985     .  1983  1979  1971  1994  1966  1966  1980  1966
34720 3  1971     .     .     .  1982     .     .     .     .     .     .     .     .     .     .
34740 1    14    12     8     5     3     1     2     2     2     7    13    12    38    11    49
34740 2  1971  1966  1978  1980  1980  1977  1974  1984  1978  1980  1974  1968  1980  1980  1980
34740 3     .     .     .     .     .  1980     .  2003  1979     .     .  1985     .     .     .
34866 1    14    13    11     4     2     1     .     1     5     8    14    17    57     7    61
34866 2  1966  1973  1973  1976  1982  1985     .  1967  2002  1980  1971  1967  1967  2002  1967
34866 3  1984     .     .     .  1985  2005     .  1975     .     .     .     .     .     .     .
34880 1    10    12     9     3     2     2     1     3     5     8    11    14    40     6    44
34880 2  1978  1966  1968  1966  1983  1987  1969  2010  1971  1983  1985  1967  1967  1968  1967
34880 3  1984     .     .  1980  2006     .  1980     .  2002     .     .     .     .  1971     .
34927 1     7     6     5     4     5     1     3     1     6     7     9    11    27    10    30
34927 2  1975  1968  1979  1980  1975  1967  1992  1966  1989  1967  1968  1985  1968  1989  1968
34927 3     .  1974  1985     .     .  1968     .  1968     .  1984     .     .     .     .  1974
34949 1    23    13    15     9     4     3     2     3     4    10    17    15    71    12    83
34949 2  1981  1980  1979  1979  1981  1987  1982  1996  2008  1979  2005  2007  1981  1980  1981
34949 3     .     .     .     .     .     .     .     .     .  2006     .     .     .  1981     .
35011 1     7     8    10     5     2     4     2     3     3     6    10     8    34     9    43
35011 2  1975  1983  1970  1969  1989  2003  1983  1987  2006  1987  1977  1980  1983  1983  1983
35011 3     .     .     .  1983     .     .  2003  1994     .     .     .  1982     .     .     .
36038 1    16     7     4     4     1     2     2     2     2     4     3     5    24     5    25
36038 2  1969  1969  1997  1979  1970  1987  2003  1972  1992  1989  1971  1970  1969  1976  1969
36038 3     .     .     .     .  1973     .  2007  1976  1994     .     .     .     .  1979     .
36064 1     1     1     1     4     8    12    13     3     1     1     .     .     2    23    23
36064 2  1970  1992  1994  1969  1969  1976  1972  1967  1966  1992     .     .  1992  1976  1976
36064 3     .     .     .  2006  1970     .     .     .     .     .     .     .     .     .     .
36096 1    17    13     2     1     1     1     1     .     1     3     7     9    32     1    33
36096 2  2011  1980  1985  1975  2008  1977  1984     .  1991  1990  2001  2002  1984  1975  1984
36096 3     .     .     .     .     .     .     .     .  1994  1998     .     .     .  1977     .
36229 1     7     5     2     1     2     2     4     3     4     2     9     9    22     9    25
36229 2  1982  1975  1969  1966  1989  2012  1976  1969  1983  1985  1971  1966  1971  1985  1983
36229 3     .  1983  1984  1974     .     .     .  1975     .  1987     .  1980     .     .     .
36259 1    10     8     4     1     .     1     .     1     3     5     6     6    17     3    17
36259 2  2008  1984  1975  1975     .  1969     .  1973  1968  1968  2007  1988  1984  1968  1984
36259 3     .     .     .     .     .  1989     .  1983     .     .     .     .     .     .     .
36307 1    18    14     4     6     .     .     .     .     1     2     5     5    25     6    26
36307 2  2011  2005  1997  1972     .     .     .     .  1983  1976  1995  1976  2005  1972  2005
36307 3     .     .     .     .     .     .     .     .     .  1988     .     .     .     .     .
37001 1     2     4     4     5     8     3     1     1     3     3     3     4     9     9    15
37001 2  1967  1968  1972  1966  1996  2006  1966  1967  1986  1981  1966  1972  1972  1996  1996
37001 3  1970     .  1979     .     .     .  1968     .     .     .     .  1983  1979     .     .
37061 1    19    15    13     4     2     2     1     3     4    12    17    25    74    10    79
37061 2  1971  1977  1988  1966  1970  1993  1984  1967  1970  1972  1968  1969  1966  1967  1966
37061 3     .     .     .  1967  1984     .  1985  1969  2001     .     .     .     .     .     .
37107 1    10    10    13    11     7     5     6     3     3     4     6    13    42    23    65
37107 2  1987  1968  1967  1967  1986  1966  1969  1971  1988  1968  1967  1967  1967  1967  1967
37107 3     .     .     .     .     .     .     .  1989     .  1976     .     .     .     .     .
37126 1    13    13    23    24    24    26    27    27    25    25    15    17    73   123   188
37126 2  1970  1979  1981  2001  1976  1987  1989  1997  1980  2010  1980  1966  1970  1988  1988
37126 3     .     .     .     .  2008     .     .     .  2009     .     .     .     .  1992     .
37228 1    15    14    12     5     2     2     1     1     2     6    14    14    60     8    67
37228 2  1985  1996  1985  1985  1982  2002  1982  1990  2001  1988  1985  1986  1996  1992  1996
37228 3     .     .     .     .  1985     .  1990  1996  2003     .     .     .     .     .     .
37470 1     6    13    11    13     8     2     1     1     3     3     5     8    27    19    43
37470 2  1979  1977  1973  1977  1980  1977  1974  1976  1987  1982  1976  1982  1973  1980  1977
37470 3     .     .  1978     .     .     .  1978  1977     .  1993     .     .     .     .     .
37472 1     9    14    13    13     5     2     2     2     2     7     4     8    31    17    39
37472 2  1999  1973  1969  1977  2006  1993  2003  2006  1979  1993  1973  1999  1973  2006  1973
37472 3  2007     .     .     .     .  2011  2007     .     .     .  1974  2000     .     .     .
37663 1    13    12    19    10     6     2     2     2     4     7    10    12    54    13    65
37663 2  1970  1981  1984  2003  1978  1987  1973  1983  1970  1986  1976  1966  1969  1973  1969
37663 3     .     .     .     .     .     .     .  1992  1983     .  1987     .     .     .     .
31152 1     7     2     .     1     2     5     9    10     8     4     3     4    10    23    26
31152 2  1986  1968     .  1971  1975  1988  2009  2008  1974  1981  1970  1987  1969  1995  1995
31152 3     .  1969     .  1975  1983     .     .     .  1986     .     .     .     .     .     .
