22550  6:30            0.4 12.0 20.6 24.2 22.0 15.5  6.6               
22550  9:30       6.5 17.3 29.3 38.2 42.2 40.1 33.2 23.4 12.8  3.2     
22550 12:30  4.2 12.4 23.2 35.0 44.0 48.6 47.0 39.5 28.4 16.6  6.6  1.9
22550 15:30       4.2 14.0 24.2 32.3 36.8 35.7 28.9 17.7  6.1          
22550 18:30                 5.6 13.4 17.9 16.8 10.1                    
22820  6:30            1.3 12.3 20.8 24.2 22.2 15.9  7.0               
22820  9:30  1.6  8.8 19.4 31.6 40.4 44.1 42.1 35.4 25.4 15.1  5.5  0.8
22820 12:30  6.9 15.3 25.8 37.5 46.5 51.1 49.5 42.2 30.8 19.2  9.3  4.8
22820 15:30       5.9 15.3 25.4 33.1 37.5 36.4 30.0 19.0  7.5          
22820 18:30                 4.8 12.4 16.6 15.8  9.2                    
23330  0:30                           0.6                              
23330  6:30            0.6 11.8 20.6 24.0 22.1 15.5  6.4               
23330  9:30       5.1 15.8 27.8 36.8 40.7 38.8 31.8 21.8 11.2  2.0     
23330 12:30  2.3 10.6 21.1 32.9 41.9 46.3 44.9 37.5 26.3 14.6  4.6  0.3
23330 15:30       3.1 12.8 23.2 31.4 35.8 34.9 27.7 16.6  5.1          
23330 18:30                 6.0 14.0 18.4 17.4 10.6                    
23472  0:30                           0.1                              
23472  6:30            0.6 11.9 20.6 24.1 22.2 15.5  6.4               
23472  9:30       5.4 16.3 28.2 37.2 41.2 39.3 32.2 22.3 11.7  2.4     
23472 12:30  3.0 11.1 21.8 33.6 42.6 47.0 45.6 38.2 27.0 15.4  5.4  1.0
23472 15:30       3.2 13.2 23.6 31.7 36.1 35.2 28.2 17.0  5.3          
23472 18:30                 5.8 13.7 18.3 17.2 10.4  0.1               
23921  6:30            1.2 12.2 20.4 23.8 21.6 15.4  7.1               
23921  9:30  2.1  9.5 20.0 31.9 40.7 44.5 42.3 35.7 26.1 15.9  6.5  1.3
23921 12:30  8.1 16.4 27.1 38.6 47.6 52.0 50.5 43.3 32.1 20.5 10.3  5.6
23921 15:30       6.9 16.2 26.1 33.8 38.0 37.2 30.6 19.6  8.3          
23921 18:30                 5.0 12.4 16.5 15.9  9.3                    
23955  6:30            1.1 12.1 20.4 23.8 21.6 15.4  7.0               
23955  9:30  2.4  9.9 20.3 32.2 41.0 44.7 12.6 36.0 26.5 16.2  6.7  1.6
23955 12:30  8.3 16.7 27.3 39.0 48.0 52.5 51.0 43.6 32.2 20.6 10.6  6.0
23955 15:30       6.9 16.4 26.4 33.9 38.3 37.5 30.8 19.8  8.4          
23955 18:30                 5.0 12.2 16.6 15.8  9.2                    
24125  0:30                           2.2  0.6                         
24125  6:30            0.6 12.0 20.8 24.6 22.4 15.7  6.2               
24125  9:30       3.8 14.4 26.6 35.6 39.7 37.5 30.6 20.4  9.8  0.4     
24125 12:30  0.6  8.4 19.2 30.9 40.0 44.5 42.9 35.5 24.3 12.7  2.7     
24125 15:30       1.5 11.3 21.9 30.1 34.8 33.6 26.6 15.2  3.8          
24125 18:30                 5.9 14.1 18.7 17.6 10.7  0.1               
24266  0:30                           1.6                              
24266  6:30            0.6 12.1 20.8 24.3 22.3 15.6  6.4               
24266  9:30       4.4 15.0 27.1 36.1 40.0 38.1 31.1 21.1 10.4  1.1     
24266 12:30  1.3  9.2 20.0 31.8 40.9 45.1 43.7 36.2 25.2 13.5  3.7     
24266 15:30       2.0 11.9 22.4 30.5 35.0 34.0 27.0 15.8  4.3          
24266 18:30                 6.0 13.9 18.5 17.4 10.7  0.1               
24507  6:30            0.8 12.0 20.6 24.2 22.0 15.5  6.6               
24507  9:30  0.0  6.8 17.4 29.4 38.3 42.3 40.2 33.2 23.5 13.0  3.6     
24507 12:30  4.6 12.9 23.5 35.1 44.1 48.7 47.2 39.6 28.6 16.8  6.8  2.5
24507 15:30       4.7 14.1 24.3 32.3 36.8 35.9 29.0 17.8  6.2          
24507 18:30                 5.4 13.2 17.6 16.8 10.1                    
24688  6:30            1.1 12.3 20.7 24.2 22.3 15.7  6.9               
24688  9:30  0.5  7.4 18.4 30.2 39.2 43.1 41.1 34.0 24.3 13.9  4.6     
24688 12:30  5.3 13.4 24.3 36.1 45.0 49.5 48.1 40.6 29.4 17.8  7.8  3.2
24688 15:30       4.7 14.5 24.5 32.5 37.0 36.1 29.2 18.0  6.6          
24688 18:30                 5.3 12.8 17.3 16.3  9.7                    
24817  6:30            1.0 12.0 20.4 23.8 21.7 15.4  6.9               
24817  9:30  1.9  8.8 19.6 31.5 40.4 44.2 42.1 35.3 25.7 15.4  5.8  0.8
24817 12:30  7.4 15.6 26.4 38.0 47.0 51.6 50.1 42.6 31.4 19.8  9.8  5.1
24817 15:30       6.2 15.9 25.8 33.6 38.0 37.2 30.4 19.3  8.0          
24817 18:30                 5.2 12.4 16.8 16.0  9.4                    
24908  6:30            1.2 12.2 20.4 23.8 21.6 15.4  7.1               
24908  9:30  2.3  9.8 20.4 32.2 41.0 44.8 42.6 36.0 26.4 16.2  6.8  1.6
24908 12:30  8.2 16.8 27.4 39.0 48.0 52.4 51.0 43.6 32.5 20.9 10.8  6.0
24908 15:30       7.1 16.4 26.4 34.0 38.2 37.4 30.8 19.8  8.5          
24908 18:30                 5.0 12.3 16.4 15.8  9.2                    
24959  6:30            1.0 12.6 20.8 24.0 22.2 15.6  7.0               
24959  9:30  1.3  8.3 19.2 31.2 40.2 43.9 41.9 35.0 25.4 15.1  5.4  0.6
24959 12:30  6.5 14.5 25.6 37.3 46.5 50.9 49.3 42.0 30.6 19.1  9.0  4.6
24959 15:30       5.5 15.1 25.3 33.3 37.4 36.6 29.9 18.9  7.4          
24959 18:30                 5.0 12.5 16.8 15.9  9.3                    
25138  0:30                           2.0  0.4                         
25138  6:30            0.5 12.0 20.5 24.4 22.2 15.7  6.6               
25138  9:30       4.2 14.5 26.6 35.5 39.8 37.6 30.8 20.8 10.0  0.5     
25138 12:30  0.7  9.0 19.3 31.3 40.2 44.7 42.9 35.7 24.8 13.0  3.2     
25138 15:30       2.0 11.4 22.0 30.2 34.8 33.7 26.9 15.8  4.1          
25138 18:30                 6.1 14.1 18.5 17.6 10.9  0.1               
25206  0:30                           1.4                              
25206  6:30            0.6 12.0 20.8 24.5 22.3 15.6  6.4               
25206  9:30       4.5 15.1 27.2 36.3 40.3 38.2 31.2 21.2 10.4  1.2     
25206 12:30  1.4  9.3 20.1 32.0 40.9 45.6 43.9 36.4 25.4 13.6  3.8     
25206 15:30       2.1 12.0 22.6 30.7 35.3 34.1 27.1 15.9  4.4          
25206 18:30                 5.9 13.9 18.5 17.5 10.5  0.2               
25551  6:30            0.9 12.2 20.9 24.2 22.2 15.8  7.2               
25551  9:30       6.3 17.3 29.2 38.3 42.2 40.2 33.1 23.4 12.8  3.2     
25551 12:30  4.0 11.9 22.8 34.5 43.7 48.2 46.5 39.2 28.2 16.4  6.4  2.0
25551 15:30       3.8 13.6 23.8 31.8 36.4 35.2 28.6 17.5  5.8          
25551 18:30                 5.7 13.3 17.7 16.6 10.2                    
25705  6:30            1.8 12.0 20.0 24.0 22.4 16.0  6.2               
25705  9:30  1.5  9.2 19.4 30.7 39.2 43.5 41.9 35.0 24.5 13.6  4.1  0.3
25705 12:30  6.2 14.5 25.2 37.0 46.0 50.5 48.8 41.4 30.4 19.0  8.9  4.2
25705 15:30       4.7 14.4 25.3 33.5 37.6 36.0 29.4 19.2  8.6          
25705 18:30                 5.2 13.2 17.2 15.6  9.2                    
25954  6:30            1.5 12.6 20.9 24.2 22.1 15.8  7.5               
25954  9:30  2.7  9.9 20.6 32.6 41.4 45.2 43.0 36.2 26.8 16.4  6.9  1.8
25954 12:30  8.2 16.4 27.2 38.9 47.8 52.5 50.9 43.5 32.3 20.6 10.5  5.9
25954 15:30       6.4 16.0 25.8 33.5 37.9 37.1 30.4 19.4  8.0          
25954 18:30                 4.5 11.7 16.1 15.3  8.8                    
26063  6:30            1.4 12.4 20.9 24.0 22.0 15.8  7.4               
26063  9:30  3.0 10.0 20.8 32.6 41.4 45.2 43.4 36.7 27.1 16.6  7.0  2.0
26063 12:30  8.7 16.8 27.6 39.3 48.2 52.8 51.2 43.9 32.6 20.9 11.1  6.4
26063 15:30       6.8 16.3 26.1 33.9 38.0 37.2 30.2 19.6  8.4  0.1     
26063 18:30                 4.6 11.8 16.2 15.1  8.8                    
27823  6:30            2.8 12.2 19.4 23.0 21.6 15.8  7.0               
27823  9:30  8.4 15.9 25.9 36.7 44.8 48.7 47.1 40.7 30.8 20.2 11.0  6.4
27823 12:30 14.7 22.8 33.6 45.6 54.6 59.1 57.4 50.0 39.0 27.4 17.5 12.6
27823 15:30  2.7  9.7 19.2 29.4 37.0 40.6 39.2 33.1 23.8 13.8  5.2  1.0
27823 18:30                 3.6 10.8 14.4 13.0  7.1                    
28698  6:30            1.4 12.4 20.1 23.1 21.0 15.2  7.5               
28698  9:30  6.6 13.9 24.1 35.9 44.4 48.0 45.7 39.0 30.3 20.6 11.3  5.9
28698 12:30 13.6 22.1 32.6 44.2 53.2 57.8 56.3 49.0 37.6 25.9 15.8 11.3
28698 15:30  2.9 10.7 19.4 28.9 35.8 40.2 39.6 33.2 22.4 11.4  2.6     
28698 18:30                 3.9 10.6 14.9 14.3  8.1                    
29263  6:30            1.3 12.1 20.3 23.5 21.4 15.3  7.2               
29263  9:30  4.0 11.4 21.7 33.6 42.3 45.8 43.8 37.2 27.9 17.8  8.4  3.1
29263 12:30 10.2 18.7 29.3 40.9 49.7 54.5 52.9 45.6 34.2 22.6 12.6  8.0
29263 15:30  0.6  8.4 17.6 27.2 34.7 39.0 38.3 31.8 20.8  9.6  0.7     
29263 18:30                 4.6 11.6 16.0 15.2  8.3                    
30252  6:30            1.4 12.1 20.3 23.5 21.3 15.3  7.3               
30252  9:30  4.6 11.6 22.2 34.0 42.7 46.3 44.1 37.5 28.4 18.2  8.8  3.6
30252 12:30 10.9 19.0 29.9 41.5 50.4 55.1 53.6 46.0 34.9 23.2 13.2  8.5
30252 15:30  1.1  8.5 18.0 27.5 34.9 39.3 38.5 32.0 21.2  8.8  1.2     
30252 18:30                 4.4 11.4 15.7 15.0  8.7                    
30710  6:30            1.8 12.2 19.9 22.7 20.6 15.0  7.8  0.5          
30710  9:30  8.8 15.6 26.1 37.6 46.1 49.4 47.1 41.1 32.4 22.8 13.5  8.0
30710 12:30 16.4 24.5 35.4 47.0 56.0 60.5 59.0 51.5 40.3 28.6 18.6 14.0
30710 15:30  4.8 12.2 21.2 30.0 36.9 40.9 40.5 34.4 23.9 12.9  4.4  1.5
30710 18:30                 3.4  9.8 13.9 13.4  7.4                    
30758  6:30            2.4 12.8 20.5 23.2 21.1 15.6  8.4  1.0          
30758  9:30  9.2 16.2 26.6 38.2 46.6 49.7 47.8 41.6 33.0 23.2 14.0  8.6
30758 12:30 16.4 24.5 35.4 46.9 55.9 60.0 59.0 51.5 40.2 28.6 18.6 14.1
30758 15:30  4.4 11.8 20.7 29.5 36.3 40.4 40.0 33.9 23.4 12.4  3.8  1.2
30758 18:30                 2.7  9.1 13.3 12.7  6.8                    
30965  6:30            2.4 12.8 20.4 23.0 20.8 15.5  8.6  1.5          
30965  9:30 10.6 17.4 27.9 39.4 47.6 50.9 48.6 42.6 34.2 24.5 15.3 10.0
30965 12:30 18.0 26.2 37.2 48.8 57.6 62.1 60.7 53.1 42.0 30.2 20.2 15.8
30965 15:30  5.2 12.9 21.6 30.1 36.7 40.8 40.4 34.5 24.2 13.3  4.8  2.2
30965 18:30                 2.4  8.5 12.6 12.2  6.4                    
31004  6:30            1.7 12.4 20.8 23.8 21.6 15.6  7.4               
31004  9:30  4.0 11.2 22.0 33.6 42.4 46.0 44.1 37.3 27.9 17.8  8.3  3.0
31004 12:30 10.0 18.1 29.0 40.7 49.6 54.2 52.8 45.2 34.0 22.4 12.3  7.7
31004 15:30       7.6 17.1 26.9 34.4 38.8 38.0 31.5 20.5  9.2  0.5     
31004 18:30                                                            
31088  6:30            2.2 12.1 19.9 23.7 22.2 16.0  6.4               
31088  9:30  3.8 11.6 21.8 32.9 41.2 45.3 43.8 37.0 26.8 15.8  6.4  1.9
31088 12:30  9.1 17.5 28.1 40.0 19.0 53.5 51.8 44.4 33.4 21.8 12.0  7.0
31088 15:30       6.4 16.1 26.8 34.8 38.7 37.2 30.7 20.8 10.4  1.5     
31088 18:30                 4.8 12.4 16.2 14.8  8.4                    
31174  6:30            2.1 12.7 20.7 23.7 21.4 15.6  8.2  0.5          
31174  9:30  7.0 14.2 24.7 36.5 45.0 48.5 46.3 39.9 30.8 21.0 11.7  6.2
31174 12:30 13.7 22.0 32.8 44.3 53.2 57.9 56.4 48.9 37.6 26.0 16.0 11.4
31174 15:30  2.5 10.1 19.2 28.4 35.3 39.7 39.1 32.8 22.1 11.0  2.4     
31174 18:30                 3.3 10.0 14.3 13.7  7.5                    
31416  6:30            2.3 12.9 20.5 23.4 21.2 15.6  8.4  0.9          
31416  9:30  9.0 16.2 26.4 38.2 46.5 49.8 47.6 41.4 32.6 23.0 13.7  8.2
31416 12:30 16.2 24.6 35.1 46.8 55.5 60.2 58.8 51.3 39.9 28.3 18.3 13.8
31416 15:30  4.2 12.0 20.6 29.5 36.2 40.3 39.9 33.8 23.2 12.3  3.6  1.0
31416 18:30                 2.8  9.2 13.4 12.9  6.9                    
31707  6:30            2.7 12.8 20.1 22.5 20.4 15.2  8.8  2.0          
31707  9:30 12.8 19.9 29.8 41.2 49.3 52.1 49.9 44.1 36.0 26.8 17.7 12.2
31707 12:30 20.8 29.4 39.8 51.4 60.1 64.5 63.4 55.9 44.7 32.9 22.9 18.5
31707 15:30  7.2 15.0 23.1 31.2 37.5 41.3 41.2 35.4 25.4 14.8  6.3  3.9
31707 18:30                 1.8  7.7 11.6 11.3  5.7                    
31960  6:30            3.3 12.8 19.5 21.7 19.5 14.8  9.2  3.0          
31960  9:30 16.4 22.9 32.9 43.9 51.4 54.0 51.8 46.5 39.2 30.4 21.6 16.1
31960 12:30 25.4 33.6 44.3 55.8 64.3 68.9 67.7 60.2 49.1 37.3 27.4 23.0
31960 15:30 10.3 17.6 25.4 32.9 38.4 42.0 42.0 36.9 27.2 17.0  9.0  6.7
31960 18:30                 0.8  6.1  9.9  9.7  4.7                    
32150  6:30            2.9 12.9 19.9 22.5 20.3 15.2  8.9  2.2          
32150  9:30 13.4 20.0 30.2 41.6 49.5 52.4 50.3 44.5 36.5 27.3 18.4 12.8
32150 12:30 21.5 29.8 40.6 52.0 60.7 65.2 63.9 56.5 45.3 33.5 23.7 19.1
32150 15:30  7.7 15.1 23.5 31.5 37.6 41.4 41.3 35.6 25.7 15.1  6.7  4.4
32150 18:30                 1.6  7.4 11.3 11.1  5.5                    
32165  6:30            3.2 12.8 19.7 21.9 19.7 15.0  9.2  2.9          
32165  9:30 15.7 22.2 32.3 43.4 51.1 53.7 51.5 46.1 38.6 29.7 20.8 15.3
32165 12:30 24.5 32.6 43.6 54.9 63.6 68.2 66.9 59.4 48.3 36.5 26.5 22.1
32165 15:30  9.6 17.0 25.0 32.6 38.3 41.9 41.9 36.6 27.0 16.7  8.5  6.1
32165 18:30                 1.1  6.4 10.2 10.1  4.9                    
32389  6:30            1.9 12.8 20.8 23.8 21.6 15.8  8.0  0.1          
32389  9:30  5.8 13.0 23.6 35.4 44.1 47.6 45.5 39.0 29.8 19.9 10.4  5.2
32389 12:30 12.3 20.4 31.3 42.9 51.8 56.4 54.9 47.5 36.3 24.6 14.5 10.0
32389 15:30  1.6  9.1 18.4 27.8 35.0 39.2 38.6 32.2 21.4 10.2  1.5     
32389 18:30                 3.6 10.4 14.7 14.0  7.8                    
34123  6:30            3.0 12.2 19.2 22.6 21.4 15.6  7.0               
34123  9:30 10.0 17.5 27.4 38.1 45.9 49.6 48.3 42.0 32.2 21.8 12.6  8.0
34123 12:30 16.8 24.9 35.6 47.6 56.6 61.1 59.4 52.0 40.9 29.5 19.6 14.6
34123 15:30  4.1 11.0 20.3 30.2 37.6 41.2 39.8 33.9 24.8 15.0  6.3  2.3
34123 18:30                 3.2 10.2 13.7 12.4  6.6                    
34186  6:30            2.5 12.3 20.4 22.6 21.0 15.6  8.5  1.2          
34186  9:30  9.8 16.8 27.1 38.4 47.1 49.8 48.2 42.1 33.4 23.7 14.6  9.1
34186 12:30 17.2 25.4 36.1 47.9 56.6 61.4 59.8 52.4 41.0 29.4 19.3 14.8
34186 15:30  4.8 12.3 21.1 30.5 36.5 41.2 40.2 34.2 23.7 12.8  4.3  1.5
34186 18:30                 3.2  8.8 13.6 12.6  6.6                    
34740  6:30            3.7 12.1 18.6 21.6 20.5 15.4  7.4               
34740  9:30 14.2 21.4 31.1 41.3 48.6 52.0 50.8 45.0 35.7 25.6 16.8 12.4
34740 12:30 21.9 30.0 40.8 52.6 61.5 65.9 64.3 57.0 46.0 34.6 24.7 19.8
34740 15:30  7.4 14.0 23.0 32.4 39.0 42.2 41.1 35.7 27.2 18.0  9.8  5.6
34740 18:30                 2.3  8.5 11.8 10.6  5.2                    
34880  6:30            3.8 12.1 18.6 21.6 20.4 15.3  7.4               
34880  9:30 14.4 21.6 31.2 41.4 48.7 52.1 50.8 45.1 35.8 25.8 16.8 12.4
34880 12:30 22.0 30.2 40.9 52.8 61.6 66.0 64.4 57.1 46.2 34.8 24.8 19.9
34880 15:30  7.4 14.2 23.0 32.4 39.1 42.2 41.1 35.7 27.3 18.0  9.8  5.6
34880 18:30                 2.3  8.5 11.8 10.6  5.2                    
36096  6:30            1.8 12.4 19.9 22.7 20.5 15.0  8.0  0.4          
36096  9:30  9.3 16.4 26.5 38.0 46.4 50.0 47.4 41.4 33.2 23.2 14.0  8.6
36096 12:30 17.0 25.4 35.9 47.6 56.6 61.0 59.6 52.2 40.8 29.3 19.3 14.7
36096 15:30  4.6 13.0 21.4 30.3 37.0 41.1 40.6 34.4 24.1 13.3  4.4  1.6
36096 18:30                 3.0  9.0 13.7 13.3  7.2                    
