23472  0:30 B  -0.03 -0.03 -0.04 -0.04 -0.06 -0.06 -0.05 -0.05 -0.06 -0.05 -0.03 -0.03
23472  6:30 B  -0.03 -0.03 -0.03 -0.02  0.09  0.21  0.17  0.09  0.00 -0.04 -0.03 -0.03
23472  6:30 D               0.04  0.08  0.09  0.07  0.07  0.06  0.04                  
23472  6:30 Q               0.06  0.21  0.34  0.40  0.35  0.25  0.10                  
23472  6:30 S               0.30  0.57  0.71  0.77  0.72  0.65  0.46                  
23472  6:30 S'              0.02  0.14  0.25  0.32  0.28  0.18  0.06                  
23472  9:30 B  -0.03 -0.02 -0.02  0.04  0.26  0.43  0.38  0.29  0.18  0.00 -0.03 -0.03
23472  9:30 D         0.05  0.10  0.13  0.13  0.09  0.10  0.09  0.07  0.05  0.03      
23472  9:30 Q         0.11  0.29  0.52  0.66  0.68  0.63  0.53  0.38  0.18  0.06      
23472  9:30 S         0.45  0.66  0.81  0.86  0.88  0.84  0.82  0.79  0.65  0.36      
23472  9:30 S'        0.06  0.20  0.39  0.53  0.59  0.53  0.44  0.31  0.13  0.03      
23472 12:30 B  -0.03 -0.02  0.01  0.08  0.32  0.48  0.44  0.37  0.24  0.03 -0.02 -0.03
23472 12:30 D   0.03  0.07  0.11  0.14  0.13  0.10  0.10  0.09  0.08  0.06  0.04  0.02
23472 12:30 Q   0.06  0.19  0.41  0.61  0.74  0.76  0.72  0.61  0.46  0.24  0.09  0.02
23472 12:30 S   0.31  0.59  0.76  0.85  0.90  0.91  0.87  0.86  0.83  0.70  0.45  0.08
23472 12:30 S'  0.03  0.12  0.30  0.47  0.61  0.66  0.62  0.52  0.38  0.18  0.05  0.00
23472 15:30 B  -0.03 -0.03 -0.01  0.04  0.22  0.35  0.32  0.24  0.10 -0.02 -0.04 -0.03
23472 15:30 D         0.04  0.08  0.11  0.11  0.09  0.09  0.08  0.06  0.04            
23472 15:30 Q         0.07  0.23  0.42  0.54  0.59  0.55  0.45  0.27  0.09            
23472 15:30 S                                                                         
23472 15:30 S'        0.34  0.61  0.75  0.82  0.84  0.81  0.79  0.70  0.42            
23472 18:30 B  -0.03 -0.03 -0.04 -0.03  0.05  0.11  0.10  0.03 -0.06 -0.05 -0.03 -0.03
23472 18:30 D               0.01  0.04  0.06  0.06  0.06  0.05                        
23472 18:30 Q               0.01  0.09  0.20  0.27  0.25  0.15                        
23472 18:30 S                     0.38  0.60  0.68  0.64  0.50                        
23472 18:30 S'              0.00  0.05  0.14  0.21  0.19  0.10                        
23552  0:30 B  -0.03 -0.03 -0.04 -0.04 -0.05 -0.06 -0.06 -0.05 -0.05 -0.05 -0.04 -0.03
23552  6:30 B  -0.03 -0.03 -0.03 -0.01  0.08  0.19  0.15  0.09  0.02 -0.04 -0.04 -0.04
23552  6:30 D               0.05  0.08  0.10  0.07  0.07  0.06  0.04                  
23552  6:30 Q               0.07  0.19  0.33  0.38  0.34  0.24  0.10                  
23552  6:30 S               0.29  0.50  0.64  0.73  0.69  0.60  0.48                  
23552  6:30 S'              0.02  0.11  0.23  0.30  0.26  0.18  0.06                  
23552  9:30 B        -0.02  0.00  0.05  0.21  0.37  0.33  0.28  0.17  0.00 -0.02 -0.03
23552  9:30 D         0.06  0.11  0.14  0.15  0.10  0.10  0.09  0.07  0.06  0.04      
23552  9:30 Q         0.13  0.31  0.52  0.64  0.67  0.62  0.53  0.37  0.16  0.06      
23552  9:30 S         0.43  0.64  0.77  0.82  0.86  0.81  0.79  0.74  0.54  0.33      
23552  9:30 S'        0.07  0.20  0.38  0.50  0.57  0.51  0.44  0.30  0.10  0.03      
23552 12:30 B  -0.03  0.00  0.02  0.08  0.26  0.43  0.38  0.34  0.22  0.02  0.00 -0.03
23552 12:30 D   0.04  0.08  0.13  0.16  0.16  0.10  0.11  0.10  0.08  0.07  0.05  0.01
23552 12:30 Q   0.08  0.20  0.42  0.62  0.73  0.76  0.73  0.63  0.46  0.21  0.10  0.04
23552 12:30 S   0.33  0.58  0.73  0.80  0.84  0.88  0.86  0.84  0.83  0.59  0.41  0.16
23552 12:30 S'  0.04  0.12  0.30  0.45  0.57  0.65  0.62  0.53  0.38  0.14  0.06  0.02
23552 15:30 B  -0.03 -0.03  0.00  0.04  0.21  0.31  0.28  0.23  0.10 -0.02 -0.04 -0.04
23552 15:30 D         0.05  0.08  0.12  0.13  0.10  0.09  0.09  0.06  0.03            
23552 15:30 Q         0.09  0.22  0.41  0.53  0.59  0.55  0.46  0.26  0.06            
23552 15:30 S         0.39  0.58  0.72  0.78  0.83  0.80  0.75  0.69  0.35            
23552 15:30 S'        0.05  0.14  0.29  0.41  0.49  0.45  0.37  0.20  0.03            
23552 18:30 B  -0.02 -0.04 -0.04 -0.03  0.03  0.10  0.07  0.02 -0.05 -0.04 -0.04 -0.04
23552 18:30 D                     0.03  0.07  0.06  0.06  0.04  0.02                  
23552 18:30 Q                     0.08  0.19  0.26  0.24  0.14  0.02                  
23552 18:30 S                     0.32  0.53  0.68  0.62  0.49  0.09                  
23552 18:30 S'                    0.03  0.12  0.19  0.17  0.10  0.00                  
23955  0:30 B  -0.04 -0.04 -0.05 -0.05 -0.06 -0.06 -0.05 -0.05 -0.05 -0.05 -0.04 -0.04
23955  6:30 B  -0.04 -0.04 -0.04  0.02  0.14  0.19  0.16  0.09  0.02 -0.05 -0.05 -0.04
23955  6:30 D               0.03  0.08  0.08  0.08  0.07  0.07  0.04                  
23955  6:30 Q               0.07  0.22  0.34  0.38  0.34  0.24  0.11                  
23955  6:30 S               0.29  0.59  0.70  0.74  0.69  0.61  0.46                  
23955  6:30 S'              0.03  0.14  0.25  0.30  0.26  0.17  0.07                  
23955  9:30 B  -0.03 -0.03  0.02  0.15  0.37  0.43  0.40  0.34  0.24  0.07 -0.03 -0.03
23955  9:30 D   0.03  0.07  0.11  0.13  0.13  0.10  0.10  0.10  0.08  0.07  0.04  0.02
23955  9:30 Q   0.05  0.18  0.38  0.59  0.69  0.72  0.68  0.59  0.44  0.25  0.11  0.04
23955  9:30 S   0.30  0.53  0.75  0.84  0.86  0.87  0.84  0.83  0.78  0.71  0.52  0.27
23955  9:30 S'  0.02  0.11  0.28  0.46  0.57  0.61  0.57  0.49  0.35  0.20  0.07  0.02
23955 12:30 B  -0.01  0.01  0.06  0.20  0.46  0.51  0.48  0.44  0.30  0.09  0.00 -0.02
23955 12:30 D   0.05  0.09  0.13  0.15  0.13  0.10  0.10  0.10  0.10  0.08  0.05  0.04
23955 12:30 Q   0.14  0.30  0.51  0.69  0.78  0.82  0.78  0.70  0.53  0.32  0.16  0.08
23955 12:30 S   0.51  0.70  0.82  0.88  0.89  0.90  0.87  0.87  0.80  0.76  0.60  0.39
23955 12:30 S'  0.08  0.21  0.39  0.55  0.65  0.72  0.68  0.60  0.44  0.25  0.11  0.04
23955 15:30 B  -0.04 -0.04  0.00  0.10  0.29  0.35  0.34  0.26  0.12 -0.02 -0.04 -0.04
23955 15:30 D   0.01  0.04  0.09  0.11  0.11  0.09  0.09  0.10  0.06  0.04  0.01      
23955 15:30 Q   0.02  0.10  0.27  0.44  0.54  0.60  0.57  0.47  0.28  0.09  0.01      
23955 15:30 S   0.16  0.43  0.66  0.78  0.79  0.84  0.80  0.77  0.68  0.44  0.11      
23955 15:30 S'  0.01  0.06  0.19  0.33  0.43  0.51  0.48  0.38  0.22  0.06  0.00      
23955 18:30 B  -0.04 -0.04 -0.05 -0.04  0.03  0.08  0.08  0.01 -0.06 -0.05 -0.04 -0.04
23955 18:30 D                     0.03  0.06  0.06  0.06  0.04                        
23955 18:30 Q                     0.07  0.15  0.23  0.20  0.11                        
23955 18:30 S                     0.34  0.47  0.60  0.57  0.43                        
23955 18:30 S'                    0.04  0.10  0.17  0.15  0.07                        
24382  0:30 B  -0.01 -0.01 -0.02 -0.03 -0.06 -0.06 -0.06 -0.06 -0.05 -0.03 -0.02 -0.02
24382  6:30 B  -0.01 -0.01 -0.01  0.03  0.17  0.22  0.19  0.11  0.02 -0.03 -0.02 -0.02
24382  6:30 D               0.04  0.07  0.08  0.07  0.06  0.05  0.04                  
24382  6:30 Q               0.07  0.18  0.34  0.39  0.35  0.23  0.11                  
24382  6:30 S               0.33  0.55  0.72  0.78  0.75  0.67  0.52                  
24382  6:30 S'              0.03  0.11  0.25  0.32  0.29  0.18  0.07                  
24382  9:30 B  -0.01  0.00  0.02  0.10  0.38  0.40  0.38  0.33  0.18  0.01 -0.01 -0.02
24382  9:30 D         0.05  0.09  0.12  0.11  0.09  0.08  0.07  0.06  0.05  0.03      
24382  9:30 Q         0.10  0.32  0.50  0.64  0.67  0.64  0.53  0.36  0.14  0.06      
24382  9:30 S         0.35  0.71  0.80  0.87  0.89  0.87  0.86  0.79  0.59  0.35      
24382  9:30 S'        0.04  0.22  0.38  0.53  0.58  0.56  0.45  0.30  0.09  0.02      
24382 12:30 B  -0.01  0.00  0.03  0.12  0.42  0.46  0.44  0.37  0.24  0.02 -0.02 -0.01
24382 12:30 D   0.03  0.07  0.10  0.14  0.12  0.09  0.09  0.08  0.07  0.06  0.04      
24382 12:30 Q   0.04  0.21  0.39  0.59  0.72  0.76  0.73  0.61  0.44  0.20  0.09      
24382 12:30 S   0.26  0.60  0.78  0.85  0.90  0.93  0.91  0.89  0.85  0.67  0.47      
24382 12:30 S'  0.00  0.13  0.28  0.46  0.60  0.67  0.65  0.53  0.37  0.14  0.05      
24382 15:30 B  -0.02 -0.03 -0.02  0.04  0.27  0.32  0.30  0.22  0.10 -0.02 -0.02 -0.02
24382 15:30 D         0.04  0.07  0.11  0.10  0.09  0.08  0.07  0.05  0.03            
24382 15:30 Q         0.07  0.21  0.40  0.53  0.58  0.56  0.45  0.26  0.10            
24382 15:30 S         0.37  0.61  0.75  0.82  0.87  0.82  0.82  0.73  0.47            
24382 15:30 S'        0.03  0.14  0.29  0.43  0.50  0.48  0.38  0.21  0.06            
24382 18:30 B  -0.02 -0.02 -0.03 -0.04  0.04  0.09  0.07  0.01 -0.05 -0.03 -0.02 -0.02
24382 18:30 D                     0.04  0.07  0.06  0.06  0.04  0.03                  
24382 18:30 Q                     0.09  0.18  0.27  0.25  0.14  0.05                  
24382 18:30 S                     0.35  0.56  0.69  0.67  0.56  0.29                  
24382 18:30 S'                    0.05  0.12  0.21  0.19  0.09  0.02                  
24507  0:30 B  -0.02 -0.02 -0.03 -0.04 -0.06 -0.06 -0.05 -0.05 -0.05 -0.05 -0.03 -0.02
24507  6:30 B  -0.02 -0.02 -0.01  0.06  0.18  0.22  0.18  0.11  0.00 -0.04 -0.03 -0.02
24507  6:30 D               0.04  0.07  0.08  0.08  0.08  0.06  0.04                  
24507  6:30 Q               0.07  0.20  0.33  0.39  0.35  0.23  0.10                  
24507  6:30 S               0.29  0.52  0.68  0.74  0.70  0.56  0.44                  
24507  6:30 S'              0.03  0.13  0.25  0.31  0.27  0.17  0.06                  
24507  9:30 B  -0.01  0.02  0.03  0.19  0.41  0.45  0.41  0.33  0.22  0.03 -0.02 -0.02
24507  9:30 D         0.06  0.11  0.13  0.12  0.11  0.11  0.10  0.07  0.06  0.04      
24507  9:30 Q         0.14  0.33  0.52  0.65  0.70  0.63  0.54  0.40  0.20  0.07      
24507  9:30 S         0.45  0.66  0.79  0.86  0.88  0.83  0.79  0.77  0.62  0.32      
24507  9:30 S'        0.08  0.22  0.39  0.53  0.59  0.52  0.44  0.33  0.13  0.03      
24507 12:30 B  -0.02  0.00  0.04  0.24  0.50  0.52  0.49  0.38  0.27  0.03 -0.02 -0.02
24507 12:30 D   0.04  0.09  0.13  0.14  0.14  0.10  0.10  0.12  0.09  0.07  0.05  0.02
24507 12:30 Q   0.05  0.24  0.43  0.61  0.76  0.78  0.75  0.62  0.48  0.24  0.13  0.02
24507 12:30 S   0.28  0.59  0.74  0.85  0.90  0.91  0.89  0.82  0.84  0.66  0.48      
24507 12:30 S'  0.01  0.15  0.30  0.49  0.62  0.68  0.64  0.51  0.40  0.17  0.07  0.00
24507 15:30 B  -0.02 -0.01 -0.01  0.13  0.32  0.37  0.34  0.25  0.10 -0.02 -0.03 -0.03
24507 15:30 D         0.05  0.09  0.11  0.11  0.09  0.09  0.09  0.06  0.04            
24507 15:30 Q         0.10  0.24  0.42  0.54  0.60  0.57  0.44  0.28  0.09            
24507 15:30 S         0.41  0.61  0.76  0.83  0.86  0.83  0.77  0.73  0.45            
24507 15:30 S'        0.05  0.15  0.31  0.43  0.51  0.48  0.35  0.22  0.05            
24507 18:30 B  -0.02 -0.03 -0.04 -0.01  0.06  0.12  0.10  0.03 -0.05 -0.04 -0.03 -0.03
24507 18:30 D                     0.05  0.07  0.07  0.06  0.05  0.03                  
24507 18:30 Q                     0.10  0.20  0.27  0.25  0.13  0.04                  
24507 18:30 S                     0.41  0.59  0.68  0.65  0.47  0.27                  
24507 18:30 S'                    0.05  0.13  0.20  0.19  0.08  0.02                  
24817  0:30 B  -0.02 -0.02 -0.03 -0.03 -0.05 -0.05 -0.05 -0.04 -0.04 -0.04 -0.03 -0.02
24817  6:30 B  -0.02 -0.02 -0.02  0.06  0.18  0.22  0.19  0.13  0.04 -0.04 -0.03 -0.02
24817  6:30 D               0.02  0.07  0.08  0.07  0.07  0.06  0.04                  
24817  6:30 Q               0.05  0.20  0.34  0.38  0.34  0.25  0.12                  
24817  6:30 S               0.32  0.53  0.71  0.76  0.72  0.62  0.53                  
24817  6:30 S'              0.03  0.13  0.26  0.31  0.27  0.18  0.08                  
24817  9:30 B  -0.01  0.02  0.07  0.16  0.39  0.47  0.44  0.36  0.26  0.09  0.01      
24817  9:30 D   0.03  0.07  0.10  0.12  0.11  0.09  0.09  0.09  0.07  0.06  0.04      
24817  9:30 Q   0.05  0.17  0.36  0.56  0.68  0.70  0.66  0.57  0.43  0.26  0.12      
24817  9:30 S   0.23  0.53  0.74  0.84  0.87  0.87  0.85  0.83  0.81  0.72  0.58      
24817  9:30 S'  0.02  0.10  0.27  0.44  0.57  0.61  0.57  0.48  0.36  0.20  0.08      
24817 12:30 B   0.03  0.05  0.08  0.17  0.41  0.52  0.52  0.43  0.31  0.10  0.04 -0.01
24817 12:30 D   0.05  0.08  0.11  0.13  0.12  0.09  0.09  0.10  0.08  0.07  0.05  0.03
24817 12:30 Q   0.13  0.28  0.49  0.67  0.77  0.80  0.78  0.67  0.52  0.31  0.16  0.06
24817 12:30 S   0.49  0.67  0.82  0.88  0.89  0.90  0.90  0.86  0.85  0.78  0.62  0.37
24817 12:30 S'  0.08  0.19  0.38  0.54  0.65  0.71  0.69  0.57  0.44  0.24  0.11  0.03
24817 15:30 B  -0.02  0.00  0.01  0.09  0.23  0.36  0.35  0.26  0.16  0.01 -0.03 -0.02
24817 15:30 D         0.05  0.07  0.10  0.10  0.08  0.08  0.08  0.05  0.03            
24817 15:30 Q         0.11  0.26  0.44  0.54  0.60  0.59  0.46  0.31  0.13            
24817 15:30 S         0.46  0.63  0.79  0.80  0.85  0.84  0.79  0.75  0.59            
24817 15:30 S'        0.06  0.18  0.34  0.43  0.52  0.50  0.39  0.26  0.10            
24817 18:30 B  -0.02 -0.02 -0.03 -0.03  0.03  0.10  0.08  0.02 -0.05 -0.04 -0.03 -0.02
24817 18:30 D                     0.03  0.05  0.06  0.05  0.05                        
24817 18:30 Q                     0.05  0.15  0.23  0.22  0.13                        
24817 18:30 S                     0.21  0.51  0.64  0.60  0.44                        
24817 18:30 S'                    0.02  0.10  0.18  0.16  0.08                        
24908  0:30 B  -0.02 -0.02 -0.02 -0.04 -0.05 -0.05 -0.05 -0.05 -0.05 -0.04 -0.02 -0.02
24908  6:30 B  -0.02 -0.02 -0.02  0.00  0.14  0.20  0.18  0.10  0.01 -0.04 -0.02 -0.02
24908  6:30 D               0.04  0.06  0.08  0.07  0.07  0.06  0.04                  
24908  6:30 Q               0.07  0.19  0.32  0.37  0.33  0.22  0.09                  
24908  6:30 S               0.31  0.56  0.69  0.74  0.70  0.60  0.41                  
24908  6:30 S'              0.03  0.13  0.24  0.30  0.26  0.16  0.05                  
24908  9:30 B  -0.01 -0.01  0.01  0.09  0.38  0.45  0.42  0.35  0.26  0.05 -0.01 -0.02
24908  9:30 D   0.03  0.06  0.10  0.12  0.11  0.10  0.10  0.09  0.07  0.06  0.04  0.02
24908  9:30 Q   0.05  0.16  0.36  0.58  0.68  0.72  0.67  0.57  0.44  0.25  0.10  0.03
24908  9:30 S   0.25  0.52  0.72  0.85  0.87  0.88  0.84  0.82  0.82  0.72  0.44  0.19
24908  9:30 S'  0.02  0.10  0.26  0.46  0.57  0.62  0.57  0.48  0.37  0.20  0.05  0.01
24908 12:30 B  -0.01  0.01  0.05  0.14  0.45  0.51  0.49  0.43  0.33  0.08  0.00 -0.01
24908 12:30 D   0.06  0.09  0.11  0.13  0.12  0.10  0.09  0.10  0.08  0.07  0.05  0.04
24908 12:30 Q   0.13  0.29  0.49  0.69  0.79  0.83  0.79  0.68  0.54  0.32  0.16  0.09
24908 12:30 S   0.45  0.69  0.82  0.90  0.91  0.92  0.89  0.90  0.86  0.79  0.58  0.37
24908 12:30 S'  0.07  0.20  0.38  0.57  0.67  0.73  0.70  0.59  0.46  0.26  0.11  0.05
24908 15:30 B  -0.02  0.00  0.01  0.07  0.28  0.37  0.34  0.27  0.15  0.01 -0.03 -0.02
24908 15:30 D   0.02  0.05  0.08  0.10  0.10  0.09  0.08  0.08  0.06  0.04  0.01      
24908 15:30 Q   0.03  0.12  0.27  0.45  0.55  0.61  0.58  0.46  0.30  0.10  0.02      
24908 15:30 S   0.19  0.43  0.66  0.80  0.82  0.85  0.82  0.78  0.73  0.47  0.19      
24908 15:30 S'  0.01  0.07  0.19  0.35  0.45  0.52  0.50  0.39  0.24  0.07  0.01      
24908 18:30 B  -0.02 -0.02 -0.03 -0.03  0.04  0.08  0.07  0.02 -0.05 -0.04 -0.03 -0.02
24908 18:30 D                     0.04  0.05  0.05  0.06  0.04                        
24908 18:30 Q                     0.07  0.16  0.23  0.21  0.11                        
24908 18:30 S                     0.33  0.52  0.64  0.59  0.43                        
24908 18:30 S'                    0.04  0.11  0.18  0.15  0.07                        
25138  0:30 B  -0.02 -0.02 -0.03 -0.04 -0.05       -0.05 -0.04 -0.05 -0.04 -0.03 -0.02
25138  6:30 B  -0.02 -0.02 -0.02  0.00  0.14  0.22  0.19  0.12  0.01 -0.03 -0.03 -0.02
25138  6:30 D               0.03  0.08  0.09  0.07  0.07  0.06  0.04                  
25138  6:30 Q               0.06  0.20  0.34  0.40  0.36  0.25  0.10                  
25138  6:30 S               0.07  0.46  0.69  0.77  0.70  0.59  0.33                  
25138  6:30 S'              0.03  0.12  0.25  0.32  0.29  0.19  0.06                  
25138  9:30 B  -0.02 -0.02  0.00  0.05  0.30  0.41  0.38  0.30  0.18 -0.01 -0.03 -0.02
25138  9:30 D         0.04  0.10  0.14  0.13  0.09  0.09  0.08  0.07  0.05  0.03      
25138  9:30 Q         0.09  0.29  0.49  0.62  0.66  0.63  0.51  0.35  0.17  0.05      
25138  9:30 S         0.45  0.78  0.83  0.85  0.88  0.84  0.85  0.83  0.73  0.25      
25138  9:30 S'        0.05  0.19  0.35  0.49  0.57  0.54  0.44  0.28  0.12  0.01      
25138 12:30 B  -0.02 -0.01  0.01  0.08  0.37  0.46  0.44  0.37  0.23  0.03       -0.02
25138 12:30 D         0.06  0.11  0.15  0.13  0.09  0.09  0.09  0.07  0.06            
25138 12:30 Q         0.17  0.37  0.57  0.70  0.74  0.71  0.61  0.42  0.21            
25138 12:30 S   0.30  0.66  0.84  0.86  0.91  0.93  0.87  0.86  0.85  0.81  0.67  0.19
25138 12:30 S'        0.11  0.26  0.43  0.57  0.64  0.62  0.52  0.34  0.15            
25138 15:30 B  -0.03 -0.02  0.01  0.05  0.24  0.34  0.32  0.24  0.11 -0.04 -0.03 -0.02
25138 15:30 D               0.08  0.12  0.11  0.09  0.08  0.07  0.06                  
25138 15:30 Q               0.22  0.39  0.52  0.57  0.56  0.43  0.26                  
25138 15:30 S         0.37  0.71  0.77  0.80  0.84  0.81  0.72  0.72  0.52            
25138 15:30 S'              0.15  0.27  0.41  0.49  0.48  0.36  0.20                  
25138 18:30 B  -0.02 -0.02 -0.04 -0.02  0.06  0.12  0.10  0.04 -0.05 -0.04 -0.03 -0.02
25138 18:30 D                     0.05  0.07  0.06  0.06  0.04  0.02                  
25138 18:30 Q                     0.10  0.21  0.28  0.26  0.15  0.05                  
25138 18:30 S                     0.24  0.54  0.64  0.54  0.40                        
25138 18:30 S'                    0.06  0.14  0.22  0.20  0.11  0.02                  
25551  0:30 Â  -0.02 -0.02 -0.02 -0.03 -0.04 -0.05 -0.04 -0.04 -0.04 -0.04 -0.03 -0.02
25551  6:30 B  -0.02 -0.02  0.00  0.02  0.11  0.22  0.19  0.11  0.02 -0.03 -0.03 -0.02
25551  6:30 D               0.04  0.07  0.10  0.07  0.07  0.05  0.04                  
25551  6:30 Q               0.08  0.18  0.34  0.38  0.35  0.23  0.10                  
25551  6:30 S               0.34  0.52  0.68  0.75  0.72  0.66  0.50  0.27            
25551  6:30 S'              0.04  0.11  0.25  0.31  0.28  0.17  0.07                  
25551  9:30 B  -0.02  0.00  0.02  0.05  0.21  0.43  0.41  0.33  0.23  0.05 -0.01 -0.02
25551  9:30 D         0.05  0.10  0.14  0.15  0.10  0.10  0.08  0.06  0.06  0.04      
25551  9:30 Q         0.12  0.33  0.53  0.67  0.69  0.65  0.54  0.40  0.19  0.08      
25551  9:30 S         0.50  0.72  0.80  0.85  0.87  0.87  0.84  0.81  0.66  0.42      
25551  9:30 S'        0.08  0.23  0.39  0.52  0.59  0.55  0.46  0.33  0.14  0.04      
25551 12:30 B  -0.01  0.01  0.05  0.08  0.26  0.51  0.48  0.40  0.27  0.08  0.00 -0.02
25551 12:30 D   0.04  0.07  0.12  0.16  0.16  0.10  0.09  0.10  0.07  0.06  0.04  0.02
25551 12:30 Q   0.09  0.22  0.45  0.64  0.77  0.78  0.74  0.64  0.48  0.26  0.11  0.04
25551 12:30 S   0.41  0.65  0.81  0.85  0.88  0.90  0.89  0.87  0.85  0.73  0.49  0.27
25551 12:30 S'  0.04  0.15  0.33  0.48  0.60  0.67  0.65  0.54  0.41  0.19  0.06  0.02
25551 15:30 B  -0.02 -0.02  0.00  0.03  0.17  0.36  0.34  0.28  0.13  0.01 -0.03 -0.02
25551 15:30 D         0.04  0.08  0.13  0.13  0.09  0.09  0.08  0.06  0.04            
25551 15:30 Q         0.10  0.25  0.42  0.55  0.59  0.56  0.45  0.27  0.11            
25551 15:30 S         0.46  0.66  0.75  0.81  0.84  0.83  0.81  0.72  0.51            
25551 15:30 S'        0.05  0.17  0.30  0.42  0.50  0.47  0.37  0.21  0.07            
25551 18:30 B  -0.02 -0.02 -0.03 -0.03  0.01  0.11  0.10  0.03 -0.04 -0.04 -0.03 -0.02
25551 18:30 D                     0.05  0.07  0.06  0.06  0.04  0.03                  
25551 18:30 Q                     0.10  0.19  0.26  0.23  0.13  0.05                  
25551 18:30 S                     0.39  0.55  0.66  0.64  0.52  0.34                  
25551 18:30 S'                    0.05  0.11  0.20  0.18  0.09  0.02                  
27823  0:30 B  -0.05 -0.05 -0.05 -0.05 -0.06 -0.06 -0.05 -0.05 -0.05 -0.06 -0.06 -0.05
27823  6:30 B  -0.05 -0.04 -0.03  0.07  0.14  0.18  0.15  0.09  0.03 -0.05 -0.06 -0.05
27823  6:30 D               0.04  0.06  0.09  0.09  0.08  0.07  0.05                  
27823  6:30 Q               0.09  0.19  0.31  0.36  0.31  0.22  0.12                  
27823  6:30 S               0.37  0.53  0.64  0.69  0.65  0.58  0.47                  
27823  6:30 S'              0.05  0.12  0.23  0.27  0.23  0.15  0.08                  
27823  9:30 B  -0.01  0.03  0.10  0.36  0.47  0.51  0.47  0.40  0.32  0.21  0.05 -0.03
27823  9:30 D   0.05  0.08  0.11  0.12  0.12  0.12  0.13  0.12  0.10  0.08  0.06  0.05
27823  9:30 Q   0.13  0.27  0.48  0.63  0.72  0.76  0.73  0.64  0.53  0.38  0.21  0.11
27823  9:30 S   0.50  0.68  0.81  0.85  0.86  0.88  0.85  0.83  0.82  0.79  0.67  0.53
27823  9:30 S'  0.07  0.19  0.37  0.51  0.60  0.65  0.60  0.51  0.43  0.31  0.15  0.07
27823 12:30 B   0.03  0.07  0.16  0.46  0.58  0.62  0.55  0.50  0.41  0.29  0.10  0.03
27823 12:30 D   0.08  0.11  0.13  0.13  0.13  0.12  0.13  0.13  0.11  0.09  0.07  0.06
27823 12:30 Q   0.26  0.42  0.63  0.78  0.86  0.89  0.84  0.76  0.65  0.49  0.30  0.21
27823 12:30 S   0.69  0.80  0.87  0.88  0.90  0.91  0.89  0.85  0.86  0.85  0.75  0.58
27823 12:30 S'  0.18  0.31  0.50  0.64  0.74  0.77  0.70  0.63  0.54  0.40  0.23  0.15
27823 15:30 B  -0.04  0.01  0.08  0.26  0.34  0.40  0.39  0.31  0.19  0.07 -0.03      
27823 15:30 D   0.03  0.07  0.09  0.11  0.10  0.10  0.13  0.11  0.09  0.06  0.03      
27823 15:30 Q   0.06  0.20  0.36  0.49  0.58  0.63  0.63  0.52  0.37  0.21  0.06      
27823 15:30 S   0.32  0.61  0.74  0.76  0.82  0.82  0.79  0.77  0.72  0.60  0.36      
27823 15:30 S'  0.02  0.13  0.26  0.38  0.48  0.53  0.51  0.41  0.28  0.15  0.03      
27823 18:30 B  -0.04 -0.05 -0.05 -0.02  0.01  0.06  0.05  0.01 -0.05 -0.06 -0.06 -0.05
27823 18:30 D                     0.04  0.05  0.06  0.06  0.04                        
27823 18:30 Q                     0.07  0.14  0.18  0.17  0.10                        
27823 18:30 S                     0.28  0.45  0.52  0.48  0.36                        
27823 18:30 S'                    0.03  0.08  0.12  0.11  0.05                        
29263  0:30 B  -0.03 -0.03 -0.04 -0.05 -0.06 -0.06 -0.05 -0.05 -0.05 -0.05 -0.04 -0.03
29263  6:30 B  -0.03 -0.03 -0.02  0.05  0.17  0.20  0.17  0.10  0.02 -0.05 -0.04 -0.03
29263  6:30 D               0.04  0.07  0.09  0.08  0.08  0.07  0.04  0.02            
29263  6:30 Q               0.07  0.20  0.32  0.37  0.33  0.23  0.11  0.04            
29263  6:30 S               0.28  0.56  0.68  0.71  0.66  0.58  0.49                  
29263  6:30 S'              0.03  0.13  0.23  0.28  0.25  0.16  0.07  0.02            
29263  9:30 B   0.00  0.00  0.05  0.25  0.46  0.49  0.45  0.37  0.27  0.12  0.01 -0.02
29263  9:30 D   0.04  0.08  0.12  0.14  0.13  0.12  0.12  0.11  0.09  0.07  0.05  0.03
29263  9:30 Q   0.08  0.19  0.40  0.60  0.70  0.74  0.69  0.60  0.47  0.30  0.14  0.05
29263  9:30 S   0.35  0.53  0.72  0.83  0.86  0.86  0.82  0.80  0.80  0.71  0.51  0.24
29263  9:30 S'  0.04  0.11  0.28  0.46  0.58  0.62  0.57  0.48  0.38  0.23  0.08  0.02
29263 12:30 B   0.01  0.04  0.10  0.33  0.57  0.57  0.55  0.46  0.36  0.17  0.02  0.01
29263 12:30 D   0.07  0.11  0.14  0.15  0.13  0.12  0.13  0.13  0.10  0.09  0.07  0.05
29263 12:30 Q   0.17  0.32  0.55  0.73  0.82  0.85  0.82  0.72  0.58  0.39  0.20  0.12
29263 12:30 S   0.52  0.68  0.82  0.89  0.90  0.90  0.86  0.84  0.86  0.77  0.62  0.50
29263 12:30 S'  0.10  0.22  0.41  0.58  0.69  0.72  0.69  0.59  0.48  0.30  0.14  0.07
29263 15:30 B  -0.03 -0.01  0.04  0.19  0.36  0.39  0.37  0.29  0.16  0.01 -0.03 -0.04
29263 15:30 D   0.03  0.05  0.09  0.11  0.11  0.11  0.11  0.11  0.07  0.05  0.01      
29263 15:30 Q   0.04  0.13  0.30  0.47  0.58  0.62  0.60  0.49  0.32  0.14  0.04      
29263 15:30 S   0.22  0.45  0.67  0.79  0.83  0.82  0.80  0.75  0.73  0.52  0.23      
29263 15:30 S'  0.01  0.07  0.21  0.36  0.47  0.51  0.49  0.38  0.25  0.09  0.02      
29263 18:30 B  -0.03 -0.04 -0.05 -0.03  0.03  0.08  0.08  0.01 -0.06 -0.05 -0.04 -0.03
29263 18:30 D                     0.04  0.06  0.07  0.06  0.05  0.01                  
29263 18:30 Q                     0.08  0.16  0.23  0.21  0.12  0.03                  
29263 18:30 S                     0.35  0.50  0.60  0.55  0.44  0.30                  
29263 18:30 S'                    0.04  0.10  0.16  0.15  0.07  0.01                  
30230  0:30 B  -0.02 -0.02 -0.03 -0.04 -0.04 -0.05 -0.05 -0.04 -0.04 -0.04 -0.03 -0.02
30230  6:30 B  -0.02 -0.01 -0.02  0.07  0.18  0.20  0.18  0.12  0.01 -0.04 -0.03 -0.02
30230  6:30 D               0.04  0.07  0.08  0.08  0.07  0.06  0.04                  
30230  6:30 Q               0.07  0.21  0.34  0.37  0.32  0.24  0.09                  
30230  6:30 S               0.28  0.55  0.71  0.70  0.68  0.64  0.46                  
30230  6:30 S'              0.02  0.14  0.26  0.28  0.25  0.18  0.06                  
30230  9:30 B  -0.01  0.04  0.09  0.27  0.47  0.48  0.45  0.39  0.31  0.15  0.03 -0.01
30230  9:30 D   0.05  0.08  0.11  0.12  0.12  0.11  0.11  0.09  0.08  0.07  0.05  0.04
30230  9:30 Q   0.08  0.21  0.40  0.60  0.70  0.72  0.67  0.59  0.47  0.31  0.15  0.06
30230  9:30 S   0.42  0.60  0.73  0.83  0.84  0.84  0.82  0.81  0.81  0.74  0.61  0.34
30230  9:30 S'  0.03  0.14  0.29  0.47  0.58  0.61  0.57  0.50  0.39  0.24  0.10  0.02
30230 12:30 B   0.05  0.08  0.13  0.32  0.54  0.55  0.54  0.48  0.38  0.20  0.05  0.02
30230 12:30 D   0.07  0.09  0.12  0.13  0.12  0.11  0.10  0.10  0.08  0.07  0.06  0.05
30230 12:30 Q   0.19  0.35  0.54  0.70  0.81  0.82  0.80  0.70  0.58  0.39  0.23  0.13
30230 12:30 S   0.59  0.73  0.80  0.87  0.88  0.86  0.86  0.83  0.85  0.81  0.67  0.51
30230 12:30 S'  0.12  0.25  0.42  0.58  0.68  0.71  0.69  0.59  0.50  0.31  0.16  0.08
30230 15:30 B  -0.02  0.00  0.04  0.18  0.34  0.37  0.36  0.29  0.16  0.04 -0.03 -0.03
30230 15:30 D   0.03  0.05  0.08  0.10  0.11  0.10  0.09  0.09  0.07  0.05  0.01      
30230 15:30 Q         0.14  0.30  0.45  0.57  0.61  0.59  0.48  0.32  0.15  0.03      
30230 15:30 S         0.49  0.70  0.77  0.81  0.80  0.81  0.77  0.72  0.57            
30230 15:30 S'        0.09  0.22  0.35  0.46  0.51  0.50  0.40  0.25  0.10  0.02      
30230 18:30 B  -0.02 -0.02 -0.03 -0.02  0.03  0.06  0.05  0.01 -0.05 -0.04 -0.03 -0.02
30230 18:30 D                     0.03  0.06  0.06  0.06  0.04                        
30230 18:30 Q                     0.06  0.16  0.21  0.19  0.12                        
30230 18:30 S                     0.29  0.50  0.56  0.54  0.48                        
30230 18:30 S'                    0.03  0.10  0.15  0.13  0.07                        
30252  0:30 B  -0.03 -0.03 -0.04 -0.06 -0.06 -0.06 -0.05 -0.05 -0.05 -0.05 -0.04 -0.03
30252  6:30 B  -0.03 -0.02 -0.02  0.09  0.18  0.22  0.18  0.11  0.03 -0.05 -0.04 -0.03
30252  6:30 D                     0.07  0.09  0.08  0.07  0.07  0.06                  
30252  6:30 Q                     0.21  0.33  0.37  0.32  0.24  0.11                  
30252  6:30 S                     0.57  0.66  0.72  0.67  0.59  0.40                  
30252  6:30 S'                    0.14  0.24  0.29  0.25  0.17  0.05                  
30252  9:30 B  -0.02  0.05  0.17  0.39  0.46  0.48  0.44  0.39  0.28  0.17  0.04      
30252  9:30 D         0.09  0.11  0.12  0.13  0.11  0.10  0.10  0.08  0.07  0.06      
30252  9:30 Q         0.23  0.41  0.58  0.70  0.72  0.67  0.59  0.45  0.32  0.17      
30252  9:30 S         0.61  0.72  0.82  0.82  0.83  0.82  0.81  0.79  0.74  0.59      
30252  9:30 S'        0.14  0.30  0.47  0.57  0.61  0.56  0.49  0.37  0.25  0.11      
30252 12:30 B   0.06  0.11  0.27  0.51  0.55  0.58  0.53  0.47  0.37  0.23  0.07  0.04
30252 12:30 D   0.08  0.11  0.12  0.13  0.14  0.11  0.11  0.10  0.08  0.08  0.07  0.06
30252 12:30 Q   0.19  0.36  0.53  0.71  0.81  0.84  0.78  0.71  0.57  0.41  0.24  0.14
30252 12:30 S   0.55  0.72  0.81  0.88  0.87  0.88  0.86  0.86  0.85  0.81  0.66  0.51
30252 12:30 S'  0.11  0.25  0.41  0.58  0.67  0.73  0.68  0.61  0.49  0.33  0.17  0.08
30252 15:30 B  -0.03  0.03  0.12  0.28  0.36  0.38  0.35  0.28  0.16  0.04 -0.04 -0.02
30252 15:30 D         0.06  0.09  0.10  0.11  0.09  0.09  0.08  0.06  0.05            
30252 15:30 Q         0.17  0.29  0.45  0.58  0.62  0.58  0.48  0.33  0.17            
30252 15:30 S         0.56  0.65  0.77  0.81  0.84  0.81  0.78  0.73  0.59            
30252 15:30 S'        0.11  0.20  0.35  0.46  0.53  0.50  0.39  0.26  0.12            
30252 18:30 B  -0.03 -0.03 -0.04 -0.04  0.02  0.08  0.10  0.00 -0.05 -0.06 -0.04 -0.03
30252 18:30 D                     0.04  0.06  0.06  0.05  0.04                        
30252 18:30 Q                     0.07  0.14  0.22  0.19  0.11                        
30252 18:30 S                     0.29  0.45  0.61  0.56  0.43                        
30252 18:30 S'                    0.03  0.09  0.16  0.13  0.07                        
30554  0:30 B  -0.04 -0.04 -0.04 -0.05 -0.05 -0.05 -0.05 -0.05 -0.05 -0.05 -0.05 -0.04
30554  6:30 B  -0.04 -0.04 -0.04  0.07  0.17  0.20  0.16  0.10  0.02 -0.05 -0.04 -0.04
30554  6:30 D               0.04  0.07  0.07  0.07  0.07  0.05  0.04  0.02            
30554  6:30 Q               0.08  0.21  0.33  0.37  0.32  0.22  0.11  0.04            
30554  6:30 S               0.38  0.61  0.70  0.76  0.70  0.65  0.51  0.37            
30554  6:30 S'              0.04  0.15  0.26  0.30  0.25  0.17  0.07  0.02            
30554  9:30 B  -0.01  0.03  0.15  0.35  0.47  0.49  0.46  0.41  0.32  0.17  0.04  0.00
30554  9:30 D   0.05  0.08  0.10  0.12  0.12  0.10  0.10  0.09  0.08  0.07  0.06  0.04
30554  9:30 Q   0.14  0.27  0.45  0.65  0.76  0.78  0.73  0.64  0.53  0.37  0.21  0.11
30554  9:30 S   0.56  0.69  0.82  0.90  0.83  0.90  0.87  0.86  0.87  0.82  0.68  0.51
30554  9:30 S'  0.08  0.19  0.35  0.53  0.64  0.67  0.63  0.55  0.44  0.30  0.15  0.07
30554 12:30 B   0.03  0.06  0.22  0.46  0.56  0.58  0.56  0.50  0.40  0.23  0.06  0.01
30554 12:30 D   0.07  0.10  0.11  0.13  0.12  0.11  0.11  0.10  0.09  0.08  0.07  0.06
30554 12:30 Q   0.26  0.42  0.61  0.79  0.88  0.90  0.87  0.77  0.66  0.47  0.29  0.20
30554 12:30 S   0.72  0.84  0.92  0.94  0.91  0.94  0.91  0.89  0.93  0.88  0.78  0.67
30554 12:30 S'  0.19  0.32  0.49  0.66  0.75  0.80  0.76  0.67  0.56  0.39  0.22  0.14
30554 15:30 B  -0.02  0.00  0.09  0.26  0.36  0.37  0.38  0.30  0.17  0.04 -0.04 -0.04
30554 15:30 D   0.03  0.06  0.08  0.10  0.11  0.09  0.11  0.07  0.06  0.05  0.03      
30554 15:30 Q   0.07  0.18  0.33  0.50  0.62  0.66  0.65  0.50  0.35  0.17  0.05      
30554 15:30 S   0.44  0.61  0.75  0.83  0.91  0.89  0.84  0.83  0.78  0.63  0.35      
30554 15:30 S'  0.04  0.12  0.25  0.39  0.50  0.57  0.54  0.43  0.29  0.12  0.02      
30554 18:30 B  -0.04 -0.04 -0.05 -0.05  0.00  0.04  0.04 -0.01 -0.06 -0.06 -0.05 -0.04
30554 18:30 D                     0.03  0.05  0.05  0.07  0.04                        
30554 18:30 Q                     0.06  0.14  0.20  0.19  0.10                        
30554 18:30 S                     0.33  0.62  0.61  0.52  0.46                        
30554 18:30 S'                    0.03  0.09  0.15  0.12  0.06                        
30758  0:30 B  -0.04 -0.04 -0.06 -0.07 -0.06 -0.06 -0.06 -0.05 -0.06 -0.05 -0.05 -0.04
30758  6:30 B  -0.04 -0.04 -0.04  0.06  0.15  0.18  0.16  0.10  0.02 -0.05 -0.05 -0.04
30758  6:30 D               0.04  0.07  0.08  0.08  0.07  0.06  0.04  0.02            
30758  6:30 Q               0.08  0.20  0.31  0.35  0.30  0.22  0.12  0.05            
30758  6:30 S               0.35  0.55  0.67  0.69  0.64  0.60  0.49  0.34            
30758  6:30 S'              0.04  0.13  0.23  0.27  0.23  0.16  0.08  0.02            
30758  9:30 B   0.01  0.08  0.23  0.37  0.46  0.48  0.48  0.42  0.32  0.19  0.05  0.01
30758  9:30 D   0.05  0.09  0.11  0.12  0.12  0.11  0.11  0.10  0.08  0.08  0.06  0.05
30758  9:30 Q   0.14  0.28  0.45  0.64  0.76  0.77  0.72  0.64  0.53  0.38  0.22  0.12
30758  9:30 S   0.49  0.63  0.75  0.84  0.87  0.86  0.83  0.82  0.83  0.76  0.62  0.47
30758  9:30 S'  0.08  0.19  0.34  0.52  0.63  0.65  0.61  0.54  0.45  0.30  0.16  0.08
30758 12:30 B   0.05  0.13  0.35  0.48  0.54  0.58  0.57  0.52  0.40  0.26  0.08  0.03
30758 12:30 D   0.08  0.10  0.12  0.12  0.13  0.11  0.12  0.10  0.09  0.08  0.08  0.07
30758 12:30 Q   0.28  0.43  0.62  0.78  0.89  0.90  0.86  0.79  0.65  0.48  0.30  0.22
30758 12:30 S   0.66  0.77  0.86  0.91  0.92  0.90  0.87  0.87  0.89  0.84  0.72  0.61
30758 12:30 S'  0.20  0.33  0.50  0.66  0.76  0.78  0.74  0.69  0.56  0.40  0.23  0.15
30758 15:30 B  -0.02  0.02  0.14  0.25  0.33  0.36  0.37  0.30  0.17  0.06 -0.04 -0.04
30758 15:30 D   0.04  0.06  0.09  0.10  0.11  0.10  0.10  0.09  0.07  0.05  0.03  0.01
30758 15:30 Q   0.08  0.20  0.34  0.49  0.61  0.64  0.61  0.52  0.36  0.21  0.05  0.02
30758 15:30 S   0.41  0.59  0.73  0.80  0.84  0.84  0.79  0.78  0.76  0.64  0.37  0.21
30758 15:30 S'  0.04  0.13  0.26  0.39  0.50  0.55  0.51  0.44  0.29  0.15  0.03  0.01
30758 18:30 B  -0.04 -0.05 -0.07 -0.07  0.00  0.03  0.04 -0.01 -0.07 -0.06 -0.05 -0.04
30758 18:30 D                     0.03  0.05  0.05  0.05  0.03  0.03                  
30758 18:30 Q                     0.05  0.13  0.18  0.17  0.09  0.05                  
30758 18:30 S                     0.32  0.45  0.56  0.54  0.39                        
30758 18:30 S'                    0.03  0.08  0.13  0.12  0.05  0.02                  
30965  0:30 B  -0.04 -0.04 -0.06 -0.07 -0.07 -0.06 -0.05 -0.06 -0.06 -0.06 -0.06 -0.05
30965  6:30 B  -0.04 -0.04 -0.03  0.07  0.16  0.18  0.17  0.09  0.02 -0.04 -0.06 -0.04
30965  6:30 D               0.04  0.06  0.08  0.08  0.07  0.06  0.04  0.02            
30965  6:30 Q               0.07  0.20  0.32  0.35  0.31  0.23  0.12  0.04            
30965  6:30 S               0.32  0.58  0.70  0.72  0.70  0.63  0.52  0.29            
30965  6:30 S'              0.03  0.13  0.24  0.28  0.24  0.17  0.08  0.02            
30965  9:30 B   0.02  0.10  0.25  0.41  0.49  0.53  0.51  0.45  0.36  0.22  0.08  0.01
30965  9:30 D   0.06  0.09  0.11  0.12  0.12  0.11  0.10  0.09  0.08  0.07  0.07  0.06
30965  9:30 Q   0.18  0.32  0.50  0.68  0.77  0.77  0.75  0.67  0.57  0.42  0.27  0.17
30965  9:30 S   0.61  0.75  0.83  0.89  0.89  0.88  0.87  0.87  0.88  0.84  0.74  0.61
30965  9:30 S'  0.12  0.24  0.39  0.56  0.66  0.68  0.65  0.58  0.49  0.35  0.20  0.11
30965 12:30 B   0.07  0.16  0.37  0.53  0.59  0.61  0.62  0.56  0.43  0.29  0.12  0.05
30965 12:30 D   0.09  0.11  0.12  0.14  0.12  0.11  0.11  0.10  0.09  0.08  0.08  0.08
30965 12:30 Q   0.34  0.50  0.67  0.82  0.90  0.92  0.88  0.83  0.68  0.53  0.37  0.28
30965 12:30 S   0.77  0.85  0.91  0.93  0.93  0.91  0.90  0.91  0.92  0.90  0.82  0.74
30965 12:30 S'  0.25  0.38  0.55  0.69  0.78  0.80  0.78  0.72  0.60  0.45  0.29  0.21
30965 15:30 B  -0.02  0.03  0.16  0.27  0.35  0.39  0.39  0.32  0.19  0.06 -0.03 -0.04
30965 15:30 D   0.04  0.07  0.09  0.12  0.11  0.10  0.10  0.08  0.07  0.05  0.04  0.02
30965 15:30 Q   0.10  0.22  0.38  0.51  0.61  0.65  0.64  0.54  0.38  0.21  0.08  0.03
30965 15:30 S   0.47  0.65  0.77  0.82  0.85  0.85  0.83  0.83  0.79  0.68  0.44  0.23
30965 15:30 S'  0.06  0.16  0.28  0.40  0.51  0.55  0.54  0.46  0.32  0.16  0.04  0.01
30965 18:30 B  -0.04 -0.05 -0.07 -0.06 -0.01  0.03  0.04 -0.02 -0.06 -0.06 -0.06 -0.05
30965 18:30 D                     0.09  0.05  0.05  0.05  0.03                        
30965 18:30 Q                     0.06  0.11  0.17  0.16  0.08                        
30965 18:30 S                     0.24  0.44  0.54  0.51  0.41                        
30965 18:30 S'                    0.02  0.07  0.11  0.11  0.05                        
31416  0:30 B  -0.03 -0.03 -0.04 -0.05 -0.05 -0.05 -0.04 -0.05 -0.04 -0.05 -0.04 -0.03
31416  6:30 B  -0.03 -0.03 -0.02  0.04  0.16  0.19  0.16  0.09  0.02 -0.04 -0.04 -0.03
31416  6:30 D               0.04  0.07  0.09  0.09  0.08  0.06  0.04  0.02            
31416  6:30 Q               0.07  0.18  0.32  0.36  0.31  0.22  0.11  0.04            
31416  6:30 S               0.31  0.52  0.67  0.69  0.64  0.61  0.48  0.44            
31416  6:30 S'              0.03  0.12  0.23  0.27  0.23  0.16  0.07  0.02            
31416  9:30 B   0.00  0.02  0.07  0.27  0.50  0.51  0.48  0.42  0.32  0.19  0.02  0.00
31416  9:30 D   0.06  0.09  0.12  0.14  0.12  0.11  0.11  0.10  0.08  0.07  0.06  0.05
31416  9:30 Q   0.15  0.29  0.49  0.66  0.76  0.77  0.72  0.65  0.53  0.39  0.22  0.13
31416  9:30 S   0.52  0.70  0.81  0.85  0.88  0.87  0.84  0.85  0.85  0.56  0.68  0.50
31416  9:30 S'  0.09  0.20  0.37  0.52  0.63  0.66  0.61  0.56  0.45  0.31  0.16  0.08
31416 12:30 B   0.01  0.03  0.10  0.35  0.57  0.60  0.58  0.53  0.43  0.25  0.05  0.01
31416 12:30 D   0.09  0.11  0.14  0.15  0.13  0.11  0.12  0.10  0.09  0.08  0.07  0.07
31416 12:30 Q   0.29  0.46  0.65  0.80  0.88  0.89  0.85  0.78  0.66  0.48  0.32  0.24
31416 12:30 S   0.71  0.83  0.89  0.90  0.90  0.90  0.88  0.89  0.89  0.84  0.78  0.67
31416 12:30 S'  0.20  0.35  0.52  0.65  0.74  0.78  0.74  0.68  0.57  0.40  0.25  0.16
31416 15:30 B  -0.03 -0.02  0.02  0.18  0.35  0.39  0.39  0.32  0.20  0.03 -0.04 -0.04
31416 15:30 D   0.03  0.06  0.10  0.12  0.12  0.10  0.10  0.09  0.07  0.05  0.02  0.01
31416 15:30 Q   0.06  0.19  0.35  0.49  0.59  0.64  0.62  0.53  0.37  0.17  0.04  0.01
31416 15:30 S   0.33  0.60  0.74  0.78  0.81  0.83  0.81  0.81  0.75  0.75  0.31  0.12
31416 15:30 S'  0.03  0.13  0.26  0.37  0.48  0.53  0.52  0.44  0.30  0.12  0.02  0.00
31416 18:30 B  -0.03 -0.04 -0.04 -0.05  0.02  0.06  0.05 -0.01 -0.05 -0.05 -0.05 -0.03
31416 18:30 D                     0.03  0.06  0.06  0.05  0.03  0.03                  
31416 18:30 Q                     0.05  0.14  0.18  0.16  0.08  0.04                  
31416 18:30 S                     0.22  0.44  0.56  0.52  0.38  0.14                  
31416 18:30 S'                    0.02  0.08  0.13  0.11  0.04  0.00                  
31707  0:30 B  -0.06 -0.06 -0.06 -0.07 -0.06 -0.06 -0.05 -0.05 -0.06 -0.06 -0.06 -0.06
31707  6:30 B  -0.05 -0.06 -0.03  0.04  0.13  0.17  0.15  0.09  0.02 -0.04 -0.06 -0.05
31707  6:30 D               0.04  0.06  0.08  0.07  0.07  0.05  0.04  0.02            
31707  6:30 Q               0.07  0.16  0.28  0.32  0.28  0.19  0.10  0.04            
31707  6:30 S               0.29  0.45  0.59  0.64  0.59  0.54  0.42  0.27            
31707  6:30 S'              0.03  0.10  0.20  0.24  0.21  0.14  0.06  0.02            
31707  9:30 B   0.03  0.10  0.25  0.42  0.50  0.53  0.51  0.44  0.37  0.25  0.10  0.02
31707  9:30 D   0.07  0.09  0.11  0.13  0.13  0.12  0.11  0.09  0.06  0.08  0.07  0.06
31707  9:30 Q   0.21  0.33  0.51  0.68  0.77  0.77  0.74  0.67  0.57  0.44  0.29  0.19
31707  9:30 S   0.61  0.72  0.80  0.84  0.85  0.85  0.82  0.83  0.83  0.80  0.72  0.59
31707  9:30 S'  0.14  0.24  0.40  0.55  0.64  0.66  0.63  0.58  0.51  0.36  0.22  0.13
31707 12:30 B   0.09  0.19  0.38  0.53  0.60  0.64  0.63  0.58  0.49  0.33  0.16  0.06
31707 12:30 D   0.10  0.11  0.13  0.14  0.13  0.13  0.13  0.10  0.09  0.09  0.09  0.09
31707 12:30 Q   0.38  0.53  0.70  0.83  0.91  0.92  0.91  0.84  0.73  0.56  0.41  0.32
31707 12:30 S   0.78  0.85  0.89  0.89  0.89  0.88  0.87  0.90  0.89  0.87  0.81  0.74
31707 12:30 S'  0.29  0.42  0.57  0.69  0.78  0.79  0.78  0.74  0.63  0.47  0.32  0.24
31707 15:30 B  -0.01  0.04  0.17  0.29  0.36  0.41  0.42  0.34  0.22  0.08 -0.02 -0.04
31707 15:30 D   0.05  0.08  0.10  0.12  0.12  0.11  0.11  0.09  0.09  0.06  0.05  0.04
31707 15:30 Q   0.13  0.25  0.40  0.53  0.62  0.65  0.63  0.55  0.40  0.23  0.10  0.07
31707 15:30 S   0.48  0.66  0.76  0.79  0.81  0.82  0.81  0.81  0.77  0.68  0.49  0.36
31707 15:30 S'  0.07  0.17  0.30  0.41  0.50  0.54  0.52  0.46  0.31  0.17  0.06  0.03
31707 18:30 B  -0.05 -0.06 -0.07 -0.06 -0.01  0.04  0.04 -0.01 -0.06 -0.06 -0.06 -0.06
31707 18:30 D                     0.03  0.05  0.06  0.05  0.04                        
31707 18:30 Q                     0.05  0.10  0.15  0.14  0.08                        
31707 18:30 S                     0.22  0.36  0.49  0.47  0.37                        
31707 18:30 S'                    0.01  0.05  0.10  0.09  0.04                        
31770  0:30 B  -0.05 -0.05 -0.06 -0.06 -0.06 -0.05 -0.05 -0.05 -0.06 -0.06 -0.06 -0.06
31770  6:30 B  -0.05 -0.06 -0.04  0.06  0.17  0.19  0.18  0.10  0.02 -0.05 -0.06 -0.06
31770  6:30 D               0.04  0.06  0.08  0.08  0.07  0.05  0.04  0.02            
31770  6:30 Q               0.06  0.18  0.30  0.34  0.31  0.20  0.10  0.03            
31770  6:30 S               0.17  0.49  0.63  0.68  0.67  0.59  0.40  0.10            
31770  6:30 S'              0.02  0.11  0.22  0.26  0.24  0.15  0.06  0.01            
31770  9:30 B   0.03  0.07  0.13  0.36  0.54  0.55  0.53  0.45  0.37  0.25  0.12  0.03
31770  9:30 D   0.07  0.09  0.12  0.13  0.13  0.11  0.11  0.09  0.08  0.08  0.06  0.06
31770  9:30 Q   0.20  0.33  0.52  0.67  0.78  0.79  0.76  0.67  0.57  0.43  0.28  0.18
31770  9:30 S   0.57  0.73  0.81  0.83  0.87  0.87  0.85  0.86  0.86  0.83  0.75  0.58
31770  9:30 S'  0.13  0.24  0.40  0.54  0.65  0.67  0.65  0.58  0.49  0.35  0.22  0.12
31770 12:30 B   0.06  0.10  0.17  0.44  0.62  0.65  0.63  0.57  0.46  0.32  0.15  0.06
31770 12:30 D   0.09  0.12  0.14  0.15  0.13  0.12  0.11  0.10  0.09  0.08  0.07  0.07
31770 12:30 Q   0.36  0.52  0.69  0.83  0.91  0.93  0.90  0.82  0.70  0.54  0.38  0.30
31770 12:30 S   0.77  0.84  0.90  0.89  0.90  0.91  0.89  0.90  0.88  0.86  0.82  0.75
31770 12:30 S'  0.27  0.40  0.55  0.68  0.78  0.82  0.79  0.72  0.61  0.45  0.30  0.23
31770 15:30 B  -0.02  0.02  0.06  0.26  0.39  0.43  0.43  0.34  0.22  0.08 -0.02 -0.04
31770 15:30 D   0.04  0.07  0.10  0.11  0.11  0.10  0.09  0.08  0.07  0.05  0.03  0.02
31770 15:30 Q   0.10  0.22  0.37  0.50  0.60  0.65  0.63  0.53  0.39  0.20  0.07  0.04
31770 15:30 S   0.42  0.63  0.73  0.77  0.81  0.84  0.83  0.80  0.83  0.63  0.38  0.24
31770 15:30 S'  0.06  0.15  0.27  0.39  0.49  0.55  0.53  0.45  0.32  0.15  0.04  0.02
31770 18:30 B  -0.05 -0.05 -0.06 -0.05  0.00  0.05  0.05 -0.02 -0.06 -0.06 -0.06 -0.06
31770 18:30 D                     0.03  0.04  0.05  0.05  0.03                        
31770 18:30 Q                     0.04  0.09  0.15  0.14  0.06                        
31770 18:30 S                     0.15  0.34  0.52  0.49  0.31                        
31770 18:30 S'                    0.01  0.05  0.11  0.10  0.03                        
32389  0:30 B  -0.05 -0.05 -0.05 -0.06 -0.06 -0.06 -0.06 -0.06 -0.06 -0.06 -0.06 -0.05
32389  6:30 B  -0.05 -0.05 -0.04  0.01  0.16  0.19  0.17  0.10  0.02 -0.06 -0.06 -0.05
32389  6:30 D               0.04  0.08  0.09  0.08  0.08  0.06  0.04  0.01            
32389  6:30 Q               0.08  0.21  0.34  0.38  0.34  0.23  0.12  0.02            
32389  6:30 S               0.43  0.56  0.69  0.74  0.69  0.65  0.54                  
32389  6:30 S'              0.04  0.13  0.25  0.30  0.26  0.17  0.08  0.01            
32389  9:30 B  -0.03  0.00  0.04  0.17  0.45  0.49  0.46  0.39  0.29  0.17  0.03 -0.02
32389  9:30 D   0.04  0.07  0.11  0.14  0.13  0.11  0.10  0.09  0.08  0.07  0.05  0.04
32389  9:30 Q   0.10  0.25  0.46  0.63  0.74  0.76  0.72  0.63  0.50  0.35  0.18  0.08
32389  9:30 S   0.49  0.69  0.78  0.85  0.87  0.88  0.86  0.86  0.84  0.79  0.65  0.43
32389  9:30 S'  0.06  0.18  0.34  0.49  0.61  0.65  0.61  0.54  0.42  0.28  0.13  0.04
32389 12:30 B   0.01  0.04  0.07  0.22  0.54  0.57  0.55  0.47  0.37  0.21  0.06  0.01
32389 12:30 D   0.06  0.09  0.13  0.15  0.14  0.11  0.10  0.10  0.08  0.07  0.06  0.05
32389 12:30 Q   0.22  0.39  0.60  0.75  0.85  0.87  0.83  0.75  0.61  0.42  0.26  0.17
32389 12:30 S   0.70  0.82  0.87  0.90  0.91  0.91  0.89  0.89  0.89  0.82  0.74  0.63
32389 12:30 S'  0.16  0.30  0.47  0.60  0.71  0.75  0.73  0.65  0.52  0.35  0.20  0.12
32389 15:30 B  -0.04 -0.01  0.02  0.14  0.34  0.37  0.37  0.29  0.17  0.04 -0.05 -0.05
32389 15:30 D         0.05  0.09  0.11  0.11  0.09  0.09  0.08  0.06  0.04  0.03      
32389 15:30 Q         0.15  0.33  0.47  0.58  0.62  0.60  0.50  0.33  0.16  0.05      
32389 15:30 S         0.56  0.71  0.78  0.82  0.83  0.82  0.81  0.76  0.65  0.33      
32389 15:30 S'        0.10  0.24  0.36  0.47  0.52  0.50  0.42  0.27  0.12  0.02      
32389 18:30 B  -0.05 -0.05 -0.06 -0.05  0.03  0.06  0.07  0.00 -0.06 -0.07 -0.06 -0.05
32389 18:30 D                     0.03  0.05  0.06  0.06  0.04                        
32389 18:30 Q                     0.06  0.14  0.20  0.19  0.10                        
32389 18:30 S                     0.27  0.49  0.57  0.55  0.42                        
32389 18:30 S'                    0.03  0.09  0.14  0.13  0.06                        
34186  0:30 B  -0.04 -0.04 -0.05 -0.06 -0.06 -0.06 -0.05 -0.06 -0.06 -0.05 -0.06 -0.05
34186  6:30 B  -0.04 -0.04 -0.03  0.07  0.15  0.18  0.15  0.09  0.02 -0.04 -0.05 -0.04
34186  6:30 D               0.04  0.07  0.09  0.10  0.09  0.07  0.05  0.02            
34186  6:30 Q               0.07  0.19  0.31  0.35  0.30  0.21  0.11  0.04            
34186  6:30 S               0.30  0.51  0.60  0.64  0.58  0.50  0.41  0.24            
34186  6:30 S'              0.03  0.12  0.21  0.25  0.21  0.14  0.06  0.01            
34186  9:30 B   0.00  0.03  0.13  0.41  0.48  0.50  0.47  0.40  0.32  0.22  0.07  0.01
34186  9:30 D   0.06  0.10  0.13  0.14  0.14  0.14  0.14  0.14  0.11  0.08  0.07  0.06
34186  9:30 Q   0.16  0.30  0.49  0.64  0.74  0.76  0.73  0.64  0.53  0.40  0.23  0.14
34186  9:30 S   0.54  0.65  0.77  0.80  0.81  0.80  0.77  0.77  0.76  0.77  0.66  0.53
34186  9:30 S'  0.10  0.20  0.36  0.50  0.60  0.62  0.59  0.50  0.42  0.32  0.17  0.08
34186 12:30 B   0.04  0.07  0.18  0.50  0.58  0.59  0.57  0.50  0.40  0.29  0.12  0.04
34186 12:30 D   0.09  0.13  0.17  0.15  0.13  0.13  0.14  0.14  0.11  0.09  0.08  0.08
34186 12:30 Q   0.30  0.47  0.66  0.78  0.86  0.89  0.85  0.77  0.65  0.49  0.32  0.25
34186 12:30 S   0.67  0.77  0.84  0.85  0.87  0.86  0.82  0.81  0.81  0.82  0.73  0.66
34186 12:30 S'  0.21  0.34  0.49  0.64  0.73  0.75  0.71  0.64  0.54  0.40  0.24  0.17
34186 15:30 B  -0.03  0.00  0.07  0.27  0.35  0.37  0.35  0.28  0.17  0.05 -0.02 -0.04
34186 15:30 D   0.04  0.07  0.11  0.11  0.11  0.11  0.12  0.11  0.08  0.05  0.03  0.01
34186 15:30 Q   0.07  0.21  0.35  0.48  0.58  0.62  0.59  0.51  0.35  0.18  0.06  0.03
34186 15:30 S   0.36  0.57  0.67  0.75  0.78  0.79  0.74  0.72  0.66  0.55  0.34  0.19
34186 15:30 S'  0.04  0.13  0.24  0.37  0.47  0.51  0.47  0.40  0.26  0.12  0.03  0.01
34186 18:30 B  -0.04 -0.05 -0.06 -0.05 -0.01  0.03  0.03 -0.03 -0.06 -0.06 -0.06 -0.05
34186 18:30 D                     0.03  0.05  0.06  0.06  0.04  0.01                  
34186 18:30 Q                     0.05  0.10  0.16  0.14  0.07  0.01                  
34186 18:30 S                     0.21  0.33  0.44  0.41  0.25  0.05                  
34186 18:30 S'                    0.02  0.05  0.10  0.09  0.03  0.00                  
34927  0:30 B  -0.05 -0.05 -0.06 -0.06 -0.06 -0.06 -0.06 -0.05 -0.05 -0.06 -0.06 -0.05
34927  6:30 B  -0.05 -0.05 -0.02  0.06  0.12  0.15  0.12  0.07  0.02 -0.03 -0.05 -0.05
34927  6:30 D               0.04  0.07  0.10  0.10  0.10  0.08  0.05  0.03            
34927  6:30 Q               0.07  0.16  0.26  0.29  0.24  0.18  0.10  0.05            
34927  6:30 S               0.23  0.38  0.47  0.49  0.43  0.37  0.30  0.22            
34927  6:30 S'              0.02  0.08  0.16  0.18  0.14  0.09  0.05  0.01            
34927  9:30 B   0.07  0.14  0.29  0.42  0.49  0.52  0.48  0.43  0.36  0.26  0.16  0.07
34927  9:30 D   0.08  0.11  0.14  0.16  0.18  0.18  0.18  0.17  0.14  0.12  0.09  0.08
34927  9:30 Q   0.23  0.35  0.50  0.66  0.76  0.77  0.73  0.66  0.58  0.45  0.31  0.22
34927  9:30 S   0.57  0.62  0.69  0.72  0.74  0.73  0.71  0.67  0.70  0.68  0.63  0.56
34927  9:30 S'  0.14  0.23  0.35  0.48  0.57  0.58  0.54  0.48  0.43  0.33  0.22  0.14
34927 12:30 B   0.15  0.25  0.43  0.53  0.60  0.63  0.60  0.55  0.46  0.35  0.23  0.12
34927 12:30 D   0.11  0.14  0.16  0.18  0.18  0.18  0.19  0.18  0.15  0.13  0.10  0.09
34927 12:30 Q   0.40  0.55  0.69  0.81  0.90  0.92  0.88  0.82  0.72  0.57  0.42  0.35
34927 12:30 S   0.71  0.76  0.79  0.77  0.80  0.79  0.76  0.75  0.77  0.75  0.72  0.67
34927 12:30 S'  0.28  0.41  0.52  0.61  0.72  0.72  0.68  0.63  0.56  0.44  0.31  0.25
34927 15:30 B   0.00  0.08  0.18  0.28  0.35  0.39  0.37  0.30  0.20  0.09  0.01 -0.02
34927 15:30 D   0.05  0.09  0.12  0.14  0.14  0.16  0.15  0.15  0.12  0.08  0.05  0.04
34927 15:30 Q   0.12  0.26  0.38  0.50  0.59  0.63  0.60  0.53  0.40  0.24  0.11  0.07
34927 15:30 S   0.42  0.57  0.63  0.66  0.69  0.69  0.66  0.63  0.62  0.53  0.40  0.27
34927 15:30 S'  0.07  0.17  0.25  0.35  0.44  0.46  0.43  0.37  0.28  0.15  0.06  0.03
34927 18:30 B  -0.05 -0.06 -0.06 -0.06 -0.02  0.01  0.01 -0.02 -0.06 -0.06 -0.05 -0.06
34927 18:30 D                     0.03  0.05  0.06  0.06  0.04                        
34927 18:30 Q                     0.04  0.08  0.12  0.11  0.06                        
34927 18:30 S                     0.12  0.25  0.33  0.28  0.19                        
34927 18:30 S'                    0.01  0.03  0.06  0.05  0.02                        
36096  0:30 B  -0.02 -0.02 -0.04 -0.06 -0.05 -0.05 -0.05 -0.05 -0.05 -0.05 -0.04 -0.03
36096  6:30 B  -0.02 -0.02 -0.03  0.06  0.15  0.19  0.17  0.09  0.01 -0.04 -0.04 -0.03
36096  6:30 D               0.04  0.06  0.08  0.08  0.07  0.06  0.04  0.02            
36096  6:30 Q               0.06  0.18  0.31  0.36  0.31  0.21  0.1   0.04            
36096  6:30 S               0.25  0.53  0.65  0.72  0.67  0.6   0.46  0.27            
36096  6:30 S'              0.02  0.12  0.23  0.28  0.24  0.16  0.06  0.02            
36096  9:30 B   0.01  0.06  0.23  0.42  0.48  0.52  0.49  0.45  0.34  0.21  0.06  0.00
36096  9:30 D   0.07  0.11  0.13  0.12  0.12  0.10  0.11  0.09  0.09  0.08  0.07  0.07
36096  9:30 Q   0.13  0.28  0.48  0.65  0.77  0.79  0.74  0.67  0.55  0.39  0.23  0.12
36096  9:30 S   0.34  0.56  0.75  0.86  0.89  0.89  0.85  0.87  0.85  0.78  0.63  0.36
36096  9:30 S'  0.06  0.17  0.35  0.53  0.65  0.68  0.63  0.58  0.46  0.31  0.16  0.06
36096 12:30 B   0.06  0.13  0.35  0.52  0.58  0.61  0.60  0.54  0.43  0.27  0.10  0.04
36096 12:30 D   0.11  0.14  0.18  0.13  0.13  0.11  0.11  0.10  0.10  0.09  0.09  0.09
36096 12:30 Q   0.28  0.44  0.65  0.8   0.91  0.92  0.88  0.80  0.68  0.5   0.32  0.23
36096 12:30 S   0.59  0.7   0.84  0.92  0.92  0.92  0.9   0.91  0.9   0.84  0.72  0.55
36096 12:30 S'  0.18  0.31  0.46  0.67  0.78  0.81  0.77  0.70  0.58  0.41  0.24  0.14
36096 15:30 B  -0.01  0.02  0.16  0.29  0.34  0.39  0.39  0.32  0.19  0.06 -0.03 -0.03
36096 15:30 D   0.04  0.07  0.10  0.10  0.10  0.09  0.09  0.08  0.08  0.06  0.03  0.02
36096 15:30 Q   0.07  0.18  0.35  0.5   0.61  0.65  0.64  0.53  0.38  0.2   0.06  0.02
36096 15:30 S   0.25  0.47  0.68  0.81  0.84  0.86  0.85  0.83  0.76  0.6   0.30  0.15
36096 15:30 S'  0.03  0.11  0.25  0.40  0.50  0.56  0.55  0.45  0.31  0.14  0.03  0.00
36096 18:30 B  -0.02 -0.03 -0.05 -0.05 -0.01  0.05  0.04 -0.02 -0.06 -0.05 -0.05 -0.03
36096 18:30 D                     0.03  0.05  0.05  0.05  0.03  0.01                  
36096 18:30 Q                     0.05  0.12  0.18  0.16  0.08  0.01                  
36096 18:30 S                     0.24  0.42  0.56  0.53  0.36  0.08                  
36096 18:30 S'                    0.02  0.07  0.12  0.11  0.05  0.00                  
36259  0:30 B  -0.04 -0.04 -0.06 -0.07 -0.07 -0.07 -0.07 -0.06 -0.07 -0.06 -0.06 -0.04
36259  6:30 B  -0.04 -0.04 -0.03  0.07  0.16  0.19  0.17  0.11  0.03 -0.04 -0.05 -0.04
36259  6:30 D               0.03  0.06  0.07  0.06  0.06  0.05  0.04  0.02            
36259  6:30 Q               0.07  0.20  0.33  0.38  0.33  0.23  0.13  0.05            
36259  6:30 S               0.38  0.64  0.76  0.80  0.76  0.69  0.58  0.36            
36259  6:30 S'              0.03  0.15  0.26  0.31  0.27  0.18  0.09  0.02            
36259  9:30 B   0.02  0.08  0.23  0.40  0.48  0.50  0.47  0.43  0.36  0.22  0.10  0.01
36259  9:30 D   0.06  0.08  0.10  0.11  0.11  0.09  0.08  0.08  0.08  0.07  0.06  0.05
36259  9:30 Q   0.20  0.36  0.54  0.71  0.82  0.83  0.79  0.71  0.61  0.46  0.29  0.18
36259  9:30 S   0.69  0.84  0.91  0.96  0.96  0.96  0.94  0.94  0.95  0.92  0.83  0.71
36259  9:30 S'  0.14  0.28  0.44  0.60  0.71  0.75  0.71  0.63  0.53  0.39  0.23  0.13
36259 12:30 B   0.07  0.14  0.31  0.50  0.55  0.56  0.57  0.51  0.41  0.28  0.13  0.06
36259 12:30 D   0.08  0.10  0.11  0.11  0.11  0.09  0.09  0.09  0.08  0.07  0.07  0.07
36259 12:30 Q   0.37  0.54  0.72  0.87  0.96  0.97  0.95  0.86  0.74  0.57  0.39  0.31
36259 12:30 S   0.87  0.94  0.99  1.01  1.01  0.99  0.98  0.99  0.99  0.97  0.90  0.85
36259 12:30 S'  0.29  0.44  0.60  0.76  0.85  0.88  0.86  0.78  0.66  0.49  0.32  0.24
36259 15:30 B  -0.03  0.03  0.13  0.27  0.32  0.35  0.34  0.30  0.18  0.06 -0.03 -0.03
36259 15:30 D   0.04  0.07  0.08  0.09  0.09  0.08  0.08  0.08  0.06  0.05  0.03  0.02
36259 15:30 Q   0.10  0.26  0.40  0.55  0.64  0.69  0.67  0.59  0.42  0.23  0.07  0.04
36259 15:30 S   0.56  0.77  0.86  0.91  0.92  0.93  0.92  0.92  0.88  0.77  0.51  0.34
36259 15:30 S'  0.06  0.19  0.32  0.46  0.55  0.61  0.59  0.51  0.35  0.19  0.04  0.02
36259 18:30 B  -0.04 -0.05 -0.06 -0.07 -0.02  0.01  0.02 -0.04 -0.08 -0.07 -0.06 -0.04
36259 18:30 D                     0.03  0.04  0.05  0.04  0.04  0.02                  
36259 18:30 Q                     0.05  0.12  0.18  0.17  0.09  0.03                  
36259 18:30 S                     0.33  0.54  0.66  0.64  0.46  0.20                  
36259 18:30 S'                    0.02  0.07  0.13  0.13  0.05  0.00                  
