20069  1 18  VII 17  VII 25  VII 15  VII  9  VII 16  VII     2      1      9
20069  2          (1946)  (1959)          (2004)  (1946)       (1946) (1959)
20087  1 19  VII 17  VII  2 VIII 15  VII  7  VII 16  VII     3      1     17
20087  2          (1937)  (1965)          (1971)  (1937)       (1937) (1965)
20292  1 18  VII 16  VII  5 VIII 15  VII 10  VII 16  VII     3      1     20
20292  2          (1936)  (1965)          (1945)  (1937)       (1937) (1965)
20476  1 23  VII 17  VII  9   IX 14  VII  4  VII 16  VII     9      1     57
20476  2          (1981)  (1995)          (1987)  (1979)       (1990) (1995)
20667  1  9 VIII 17  VII 28   IX  8  VII 12   VI 16  VII    32      1     92
20667  2          (1934)  (2008)          (2011)  (1934)       (1934) (2008)
20674  1  7 VIII 16  VII 24   IX  7  VII 11   VI 15  VII    30      1     88
20674  2          (1936)  (2005)          (2011)  (1936)       (1936) (1945)
20744  1  5   IX 19  VII  6    X 23   VI 31    V 14  VII    73     17    114
20744  2          (2009)  (2007)          (1993)  (1980)       (1980) (2007)
20891  1 30 VIII  5 VIII 19   IX 13   VI 28    V  1  VII    77     46    100
20891  2          (1930)  (1991)          (2011)  (1949)       (1930) (1973)
20982  1 28 VIII  8 VIII 18   IX 14   VI 24    V 30   VI    76     49    103
20982  2          (1950)  (1991)          (1945)  (1989)       (1951) (1960)
21432  1 22  VII 17  VII 13   IX 11  VII 20   VI 15  VII    10      1     68
21432  2          (1939)  (2010)          (2011)  (1936)       (1939) (1991)
21802  1 15 VIII 18  VII 20   IX 21   VI  3   VI 16  VII    55     13    105
21802  2          (1989)  (1991)          (1999)  (1937)       (1955) (1999)
21908  1 13 VIII 18  VII 20   IX 10   VI 22    V 13  VII    64     28    110
21908  2          (1957)  (1999)          (2011)  (1954)       (1958) (1999)
21921  1 23 VIII 21  VII 15   IX 11   VI 22    V  2  VII    74     35    105
21921  2          (1959)  (1971)          (2012)  (1939)       (1996) (1971)
21931  1 21 VIII 18  VII 12   IX 19   VI  1   VI 13  VII    62     15    100
21931  2          (1943)  (1970)          (2005)  (1988)       (1963) (2005)
21946  1 13 VIII 17  VII 21   IX 24   VI  6   VI 14  VII    49      4    102
21946  2          (1969)  (2007)          (1961)  (1972)       (1975) (2007)
21982  1 23  VII 17  VII  5    X 12  VII 25   VI 15  VII    10      1     98
21982  2          (1929)  (2007)          (1999)  (1928)       (1929) (2007)
22113  1 20   IX 26 VIII 20    X 31    V  8    V 21   VI   114     72    151
22113  2          (1987)  (1940)          (1989)  (1998)       (1998) (2007)
22165  1  1    X 18  VII  6   XI 17   VI 23    V  8  VII   107     22    154
22165  2          (1932)  (1987)          (2011)  (1977)       (1932) (2011)
22217  1  8   IX  4 VIII  6    X 29    V  8    V 15   VI   100     61    139
22217  2          (1918)  (1954)          (2010)  (1924)       (1918) (1934)
22235  1 24 VIII 18  VII 25   IX 13   VI 19    V 16  VII    72     31    106
22235  2          (1962)  (1940)          (2011)  (1967)       (1963) (2013)
22471  1 13   IX  2 VIII 17    X  9   VI 14    V 16  VII    97     25    137
22471  2          (1968)  (2005)          (2012)  (1985)       (1968) (1991)
22520  1 27   IX  6   IX 24    X 25    V 28   IV 12   VI   126     93    164
22520  2          (1991)  (1924)          (1920)  (1942)       (1958) (2003)
22550  1 18   IX  3 VIII 21    X 30    V 26   IV 14  VII   110     20    172
22550  2          (1980)  (1889)          (1906)  (1980)       (1980) (1963)
22619  1  3    X 12   IX 28    X 20    V 26   IV 19   VI   138    100    166
22619  2          (1973)  (2000)          (1989)  (1978)       (1978) (2005)
22641  1 17   IX 18  VII 21    X 30    V 29   IV 21   VI   110     37    155
22641  2          (1941)  (1981)          (2013)  (1983)       (1941) (1950)
22676  1  4   IX  4 VIII 10    X  3   VI  9    V 21   VI    93     50    129
22676  2          (1980)  (1974)          (2005)  (1969)       (1980) (1974)
22768  1 15   IX 18  VII 19    X 25    V 25   IV 15  VII   112     13    166
22768  2          (1891)  (2003)          (1975)  (1893)       (1891) (2003)
22802  1 23   IX 21 VIII 20    X 20    V 26   IV 19   VI   126    100    160
22802  2          (1949)  (1981)          (1989)  (1978)       (1976) (2013)
22820  1 25   IX 15 VIII 24    X 24    V 29   IV  6  VII   124     65    167
22820  2          (1969)  (1950)          (2013)  (1958)       (1958) (2005)
22837  1 15   IX 12 VIII 26    X 28    V 30   IV 30   VI   109     50    170
22837  2          (1975)  (1983)          (1897)  (1908)       (1969) (1983)
23022  1 13 VIII 17  VII 25   IX  4  VII  4   VI 15  VII    39      1    101
23022  2          (1937)  (2011)          (2012)  (1940)       (1942) (1989)
23032  1 16 VIII 16  VII 25   IX  4  VII 15   VI 15  VII    43      1     97
23032  2          (1916)  (2005)          (1943)  (1916)       (1916) (1955)
23058  1  2   IX  8 VIII 24   IX 17   VI 29    V  4  VII    76     47    118
23058  2          (2004)  (2005)          (2005)  (1992)       (1964) (2005)
23074  1  4   IX  4 VIII 27   IX 13   VI 25    V 13  VII    84     34    111
23074  2          (1933)  (1916)          (1945)  (1938)       (1933) (1952)
23205  1  7   IX 31  VII  3    X 10   VI 18    V  8  VII    89     29    130
23205  2          (2014)  (1975)          (1934)  (1997)       (1997) (1934)
23242  1 28 VIII 23  VII 29   IX 20   VI  6   VI 14  VII    68     32    106
23242  2          (1957)  (1959)          (1990)  (1976)       (1994) (1959)
23256  1 10   IX 16 VIII  5    X 13   VI 25    V 29   VI    89     58    132
23256  2          (1946)  (1991)          (2011)  (1970)       (1958) (2011)
23274  1  5   IX 24  VII  5    X  9   VI 20    V 29   VI    89     41    127
23274  2          (1946)  (1991)          (1941)  (1949)       (1946) (1991)
23324  1 24 VIII 17  VII 27   IX 15   VI 24    V 11  VII    70     22    107
23324  2          (1950)  (2008)          (2011)  (1996)       (1950) (2008)
23330  1  3   IX 24  VII  1    X  9   VI 20    V 12  VII    87     31    130
23330  2          (2003)  (1932)          (1991)  (1960)       (1960) (1932)
23383  1  7 VIII 17  VII 10   IX 25   VI 29    V 16  VII    43      2     87
23383  2          (1962)  (2002)          (2012)  (1949)       (1949) (1984)
23405  1  6   IX 17  VII  8    X  5   VI 12    V 30   VI    91     36    133
23405  2          (1914)  (1900)          (1977)  (1936)       (1914) (1974)
23445  1 10   IX  2 VIII  3    X 10   VI 24    V 15  VII    92     41    126
23445  2          (1963)  (1979)          (2011)  (1962)       (1962) (1991)
23463  1 18 VIII 17  VII 17   IX 15   VI  2   VI 15  VII    63     19    105
23463  2          (1981)  (1984)          (2001)  (1976)       (1981) (1984)
23472  1  5   IX  8 VIII 22   IX  5   VI 18    V 23   VI    91     49    117
23472  2          (1977)  (1983)          (2011)  (1974)       (1977) (2011)
23552  1  8   IX  2 VIII  7    X  6   VI 19    V 13  VII    92     20    136
23552  2          (1960)  (2011)          (2002)  (1960)       (1960) (2011)
23631  1  5   IX 24  VII 28   IX  3   VI 13    V  5  VII    94     45    134
23631  2          (2003)  (1962)          (1977)  (1997)       (2003) (1945)
23662  1 29 VIII 22  VII 27   IX 10   VI 19    V 15  VII    81     33    110
23662  2          (1988)  (1964)          (2002)  (1949)       (1949) (2005)
23678  1  8   IX 31  VII  3    X  4   VI 19    V  3  VII    97     54    131
23678  2          (1938)  (1916)          (1941)  (1926)       (1938) (1959)
23711  1  1   IX 17  VII  3    X  7   VI  3    V 16  VII    86      8    128
23711  2          (1891)  (1923)          (1897)  (1978)       (1891) (1974)
23724  1 27 VIII 23  VII 25   IX  8   VI 17    V  6  VII    79     21    119
23724  2          (1949)  (1957)          (2011)  (1944)       (1949) (1957)
23734  1  7   IX 15 VIII  2    X  5   VI 17    V 11  VII    95     64    135
23734  2          (1951)  (2012)          (2011)  (1945)       (1970) (1991)
23867  1 13   IX  1 VIII  6    X 27    V 12    V 14   VI   110     56    142
23867  2          (1938)  (1936)          (1943)  (1992)       (1938) (1945)
23884  1  8   IX 14 VIII  3    X  3   VI 17    V 21   VI    97     62    130
23884  2          (1989)  (2012)          (2011)  (1956)       (1989) (2012)
23891  1 27 VIII 17  VII 19   IX 10   VI 19    V 16  VII    79     12    113
23891  2          (1954)  (1995)          (2011)  (1938)       (1938) (1985)
23914  1 18   IX 10 VIII 17    X 26    V  1    V 20   VI   114     60    154
23914  2          (1934)  (2011)          (2005)  (1933)       (1934) (2011)
23921  1  5   IX  8 VIII  5    X  3   VI  9    V  6  VII    94     53    135
23921  2          (1960)  (2011)          (1948)  (1935)       (1970) (2011)
23933  1 20   IX 17 VIII 14    X 24    V  1    V 14   VI   118     80    152
23933  2          (1901)  (1947)          (2003)  (1992)       (1901) (1947)
23955  1 13   IX 16 VIII 13    X 28    V 13    V 29   VI   108     50    153
23955  2          (1964)  (1945)          (1945)  (1970)       (1970) (1945)
23966  1 31 VIII  6 VIII 24   IX  3   VI 18    V 26   VI    88     54    123
23966  2          (1967)  (1991)          (2011)  (1980)       (1989) (1991)
23986  1  5   IX  6 VIII 24   IX  5   VI 19    V 29   VI    94     62    119
23986  2          (1967)  (1948)          (1953)  (1981)       (1976) (1960)
24125  1 17 VIII 17  VII 14   IX 13   VI 20    V 15  VII    65      4    107
24125  2          (1937)  (1974)          (2011)  (1940)       (1937) (2011)
24136  1  7 VIII 18  VII  9   IX 12   VI 22    V 14  VII    57      5    101
24136  2          (1955)  (1998)          (2011)  (1957)       (1957) (2011)
24143  1 28 VIII 20  VII 13   IX  5   VI 14    V 17   VI    84     46    106
24143  2          (1942)  (1939)          (2010)  (1966)       (1942) (1939)
24266  1 13 VIII 19  VII 11   IX  6   VI 11    V 15  VII    66     18    114
24266  2          (1955)  (1919)          (2010)  (1972)       (1963) (2010)
24329  1 26  VII 17  VII 14 VIII 30   VI  1   VI 16  VII    26      1     57
24329  2          (1942)  (2011)          (2009)  (1966)       (1987) (2012)
24343  1 24 VIII 19  VII 14   IX  4   VI  9    V 14  VII    82     34    109
24343  2          (1955)  (1952)          (2010)  (1937)       (1937) (2011)
24382  1  8 VIII 19  VII  5   IX 12   VI 15    V 16  VII    57      3    108
24382  2          (1943)  (1996)          (2010)  (1966)       (1966) (2000)
24507  1 30 VIII 26  VII 18   IX 10   VI 15    V  8  VII    80     39    113
24507  2          (1935)  (1986)          (2011)  (1978)       (1935) (2002)
24606  1  4 VIII 17  VII  7   IX 29   VI 28    V 16  VII    36      4    102
24606  2          (1955)  (2001)          (2001)  (1963)       (2007) (2001)
24641  1  4   IX  6 VIII 22   IX 29    V 10    V 17   VI    99     64    124
24641  2          (1981)  (1952)          (1975)  (1962)       (1981) (1949)
24661  1 21 VIII 19  VII 14   IX  8   VI 19    V 13  VII    74     23    110
24661  2          (1959)  (1938)          (2011)  (1961)       (1959) (1998)
24671  1 13 VIII 21  VII  7   IX 15   VI 28    V 16  VII    59     26     87
24671  2          (1986)  (1971)          (1974)  (1966)       (1984) (1973)
24688  1 29  VII 17  VII 24 VIII  3  VII  2   VI 16  VII    26      1     65
24688  2          (1955)  (2013)          (1997)  (1947)       (1967) (1991)
24713  1 16 VIII 17  VII  9   IX 16   VI 21    V 15  VII    61      9     99
24713  2          (1950)  (1998)          (2011)  (1966)       (1959) (1975)
24738  1 23 VIII 18  VII 18   IX  7   VI 17    V 14  VII    77     28    113
24738  2          (1965)  (1959)          (1977)  (1966)       (1965) (1959)
24790  1  1 VIII 17  VII 28 VIII 26   VI 28    V 16  VII    36      1     77
24790  2          (1949)  (1991)          (2009)  (1947)       (1949) (1961)
24817  1 17 VIII 16  VII 15   IX 13   VI 24    V 15  VII    65      5    101
24817  2          (1972)  (1986)          (1991)  (1966)       (1966) (1986)
24908  1 18 VIII 18  VII 12   IX 16   VI 25    V 13  VII    63     18    100
24908  2          (1935)  (1995)          (2011)  (2007)       (1965) (2001)
24959  1  2   IX 30  VII 21   IX 30    V 12    V  6  VII    95     53    124
24959  2          (1996)  (1926)          (1903)  (1978)       (1976) (1896)
24966  1 30 VIII 17  VII 24   IX 31    V  2    V 10  VII    90     17    125
24966  2          (1937)  (1982)          (2010)  (1963)       (1963) (2010)
24967  1 14 VIII 19  VII  9   IX 15   VI 15    V 15  VII    62     10    102
24967  2          (1969)  (2008)          (2007)  (1946)       (1975) (2007)
25062  1 28  VII 17  VII  4    X 12  VII 29   VI 16  VII    16      1     97
25062  2          (1961)  (2007)          (2007)  (1961)       (1961) (2007)
25138  1  6 VIII 17  VII 11   IX 17   VI 20    V 16  VII    49      3    106
25138  2          (1970)  (2007)          (1995)  (1946)       (1970) (1995)
25173  1 31  VII 16  VII  4    X  7  VII 10   VI 15  VII    23      1    116
25173  2          (1936)  (2007)          (1967)  (1936)       (1936) (2007)
25206  1 25 VIII 26  VII 19   IX  6   VI 16    V 14  VII    79     21    112
25206  2          (1961)  (1995)          (1959)  (1966)       (1964) (1995)
25248  1  4 VIII 17  VII  6   IX 21   VI 21    V 15  VII    42      2    105
25248  2          (1971)  (2007)          (2010)  (1948)       (1971) (2007)
25282  1 16 VIII 18  VII  6    X  4  VII  8   VI 16  VII    43      3    120
25282  2          (1969)  (2007)          (2007)  (1975)       (1969) (2007)
25325  1 30  VII 17  VII 26 VIII 20   VI 18    V 16  VII    41      3     84
25325  2          (1947)  (1968)          (1943)  (1970)       (1970) (1943)
25356  1  5 VIII 17  VII 30 VIII 18   VI 30    V 15  VII    48      8     82
25356  2          (1989)  (1977)          (1990)  (1969)       (1970) (1977)
25378  1  3   IX 27  VII  3    X 12   VI 25    V 30   VI    84     27    115
25378  2          (1982)  (2007)          (1990)  (1982)       (1982) (2010)
25399  1 12   IX 25  VII  5    X 20   VI  2   VI 10  VII    83     39    125
25399  2          (2010)  (2007)          (2007)  (1981)       (1981) (2007)
25400  1  4   IX 11 VIII 28   IX 30    V 12    V 14  VII    97     64    128
25400  2          (1957)  (2003)          (1995)  (1966)       (1966) (1995)
25428  1  5 VIII 17  VII 10   IX 14   VI 20    V 16  VII    52      2    102
25428  2          (1965)  (1991)          (2010)  (1986)       (1965) (1991)
25503  1  7 VIII 17  VII 10   IX 15   VI 25    V 16  VII    52      1     93
25503  2          (1986)  (1975)          (2002)  (1949)       (1986) (1997)
25538  1  3 VIII 17  VII  1   IX 27   VI  4   VI 16  VII    37      5     75
25538  2          (1969)  (1995)          (1991)  (1971)       (1970) (1991)
25551  1 17 VIII 17  VII 15   IX  9   VI 19    V 12  VII    69     19    103
25551  2          (2005)  (1903)          (1967)  (1959)       (2012) (1899)
25563  1  7   IX 13 VIII 30   IX 13   VI 29    V  1  VII    85     54    115
25563  2          (1967)  (2008)          (1967)  (1956)       (1956) (2007)
25594  1  9   IX  5 VIII  3    X 14   VI 24    V  3  VII    87     34    119
25594  2          (1939)  (1961)          (1958)  (1946)       (1946) (1961)
25677  1 13   IX 26 VIII 30   IX 13   VI 19    V  6  VII    92     61    123
25677  2          (1994)  (1970)          (1967)  (1975)       (1971) (1967)
25705  1 20 VIII 21  VII 12   IX  7   VI 12    V 15  VII    74      6    122
25705  2          (1986)  (2002)          (1995)  (1966)       (1986) (1995)
25745  1 23 VIII 26  VII 27   IX  5   VI 20    V 16  VII    79     16    127
25745  2          (1973)  (2010)          (2009)  (1966)       (1981) (2010)
25927  1 27   IX  1   IX 15    X  5   VI 28    V 18   VI   113     88    136
25927  2          (1962)  (1939)          (1971)  (1960)       (1962) (1939)
25932  1 20   IX 31 VIII  9    X  7   VI 24    V 27   VI   105     65    132
25932  2          (1969)  (1953)          (2011)  (1969)       (1969) (1957)
25954  1 21   IX 19 VIII 19    X 28    V 14    V 12   VI   116     79    147
25954  2          (1993)  (1939)          (1937)  (1950)       (1993) (1970)
25956  1 14   IX 12 VIII 11    X  1   VI 14    V 16   VI   105     62    150
25956  2          (1957)  (2014)          (2014)  (1941)       (1957) (2014)
26063  1 11    X 15   IX 17   XI  3    V  6   IV 28    V   162    114    201
26063  2          (1944)  (1917)          (1989)  (1918)       (1968) (2008)
26157  1  4    X 10   IX 28    X  9    V 16   IV  8   VI   146    114    175
26157  2          (2007)  (1985)          (1998)  (2008)       (2003) (1983)
26275  1 26   IX 30 VIII 21    X  7    V  8   IV  4   VI   141    105    177
26275  2          (1966)  (1955)          (1989)  (2003)       (1997) (1989)
26359  1  3    X  9   IX  2   XI  4    V  6   IV 28    V   153    117    179
26359  2          (1975)  (2008)          (1989)  (1987)       (1968) (1989)
26781  1 28   IX  3   IX 27    X  5    V  9   IV  4   VI   147     99    191
26781  2          (1997)  (2008)          (1950)  (2003)       (1997) (1950)
26997  1  4    X 10   IX 29    X 28   IV  2   IV 23    V   159    115    196
26997  2          (1968)  (2007)          (2001)  (1993)       (2002) (2012)
27037  1 15   IX 10 VIII 21    X 23    V 27   IV 21   VI   115     77    164
27037  2          (1939)  (1955)          (1948)  (1983)       (1962) (1955)
27051  1 13   IX 21  VII 20    X 27    V 30   IV 26   VI   110     48    164
27051  2          (1949)  (1974)          (1897)  (1895)       (1949) (2003)
27333  1 28   IX  5   IX 25    X  8    V  4   IV  7   VI   143     95    186
27333  2          (1947)  (1991)          (2001)  (1931)       (1947) (2012)
27459  1  3    X  5   IX 28    X  4    V  2   IV 10   VI   152    101    199
27459  2          (1949)  (1905)          (1973)  (1963)       (1930) (2012)
27595  1  1    X  5   IX 10   XI  4    V  8   IV  3   VI   149    101    199
27595  2          (1949)  (1981)          (2005)  (1892)       (1930) (2012)
27612  1  2    X  7   IX  3   XI  1    V 24  III 24    V   154    117    195
27612  2          (1956)  (2008)          (1975)  (1968)       (1968) (1975)
27648  1 28   IX 30 VIII  2   XI  8    V 28  III 11   VI   143     93    194
27648  2          (1900)  (1974)          (1975)  (1963)       (1947) (1905)
27675  1 28   IX 22 VIII 28    X  7    V 30  III  5   VI   143    100    192
27675  2          (1914)  (1905)          (1951)  (1908)       (1899) (1905)
27707  1 30   IX 31 VIII 20    X 29   IV 31  III 27    V   153    114    190
27707  2          (1966)  (2005)          (1973)  (1968)       (1968) (2012)
27823  1 28   IX  6   IX 22    X  3    V 31  III 26    V   148    114    188
27823  2          (1949)  (1952)          (1973)  (1940)       (1953) (1937)
27857  1 24   IX 30 VIII 28    X 10    V  7   IV 11   VI   138     99    191
27857  2          (1900)  (1952)          (2012)  (1934)       (1892) (2012)
27995  1 27   IX  2   IX 19    X  6    V  4   IV  5   VI   144    102    182
27995  2          (1955)  (1922)          (2001)  (1930)       (1930) (2005)
28009  1  6   IX 23  VII  2    X 28    V  3    V 25   VI   101     52    134
28009  2          (1997)  (2013)          (1987)  (1966)       (1997) (1977)
28064  1 21   IX 30 VIII  9    X 24    V 30   IV 16   VI   120     86    150
28064  2          (1968)  (1997)          (1962)  (1969)       (1938) (1997)
28138  1  5   IX 18  VII  3    X  5   VI 10    V  6  VII    92     12    133
28138  2          (1914)  (1950)          (1977)  (1914)       (1914) (1977)
28224  1 19   IX 25 VIII 21    X 23    V 29   IV 17   VI   119     87    162
28224  2          (1912)  (2003)          (1922)  (1969)       (1979) (1995)
28255  1 19   IX 27 VIII  9    X 22    V 27   IV 13   VI   120     85    154
28255  2          (1954)  (1997)          (1943)  (1970)       (1938) (1943)
28275  1 21   IX 27 VIII 17    X 18    V 20   IV  7   VI   125     87    157
28275  2          (2014)  (2011)          (1915)  (1992)       (1968) (1915)
28418  1 26   IX 31 VIII 26    X 14    V 12   IV  7   VI   135     93    196
28418  2          (1986)  (1991)          (1997)  (1930)       (1949) (1991)
28434  1 12   IX  6 VIII 19    X 26    V 25   IV 24   VI   108     62    144
28434  2          (1980)  (1999)          (2001)  (1979)       (1980) (2001)
28493  1 11   IX 31  VII  8    X 28    V  8    V 24   VI   108     56    147
28493  2          (1989)  (1948)          (1953)  (1966)       (1966) (1980)
28552  1 20   IX 20 VIII 20    X 20    V 27   IV 17   VI   123     86    165
28552  2          (1959)  (1999)          (1979)  (1969)       (1969) (1999)
28573  1 16   IX 12 VIII 17    X 21    V 13   IV 15   VI   118     78    162
28573  2          (1939)  (2011)          (2007)  (1941)       (1939) (2007)
28666  1 24   IX 28 VIII 19    X 17    V 13   IV 10   VI   129     88    164
28666  2          (1937)  (1999)          (2007)  (1975)       (1968) (1999)
28698  1 20   IX 22 VIII  8    X 19    V  1    V 12   VI   124     88    158
28698  2          (1936)  (1991)          (1962)  (1933)       (1986) (1991)
28704  1 17   IX 16 VIII 12    X 15    V 10   IV 11   VI   126     93    163
28704  2          (1969)  (2004)          (1991)  (1963)       (1963) (1991)
28722  1 26   IX 17 VIII  1   XI 12    V 14   IV 16   VI   137     77    194
28722  2          (1969)  (1905)          (1953)  (1999)       (1969) (1905)
28748  1 21   IX  1   IX 18    X 14    V 14   IV 10   VI   129     88    165
28748  2          (1986)  (2011)          (2005)  (1952)       (1944) (2005)
29111  1 15   IX 22 VIII 11    X 25    V 11    V 16   VI   112     75    145
29111  2          (1937)  (1932)          (1977)  (1992)       (1992) (1932)
29231  1 15   IX 20 VIII  8    X 26    V  7    V 16   VI   111     67    149
29231  2          (1959)  (1943)          (1956)  (1992)       (1959) (1943)
29263  1  9   IX  2 VIII  2    X 27    V  7    V 17   VI   104     66    131
29263  2          (1932)  (1886)          (1908)  (1956)       (1967) (1960)
29282  1 15   IX 20 VIII  5    X 25    V 13    V 21   VI   113     78    135
29282  2          (1937)  (1952)          (1981)  (1996)       (1996) (1997)
29313  1  5   IX 23  VII  8    X  4   VI 10    V  9  VII    93     14    137
29313  2          (1931)  (1943)          (2004)  (1931)       (1931) (2004)
29328  1 10   IX 14 VIII  2    X 28    V 12    V 18   VI   104     72    138
29328  2          (2005)  (1959)          (1999)  (1936)       (1937) (1959)
29379  1  8   IX 21 VIII 25   IX 30    V 15    V 21   VI   100     73    130
29379  2          (2006)  (2002)          (1999)  (1996)       (1996) (2002)
29570  1 17   IX 21 VIII  6    X 20    V 19   IV 10   VI   120     89    159
29570  2          (2006)  (1960)          (1927)  (1992)       (1992) (2007)
29594  1  8   IX  9 VIII  1    X 30    V 10    V  9  VII   102     48    134
29594  2          (1967)  (2012)          (1981)  (1957)       (1957) (2012)
29612  1 17   IX 27 VIII 11    X 22    V 24   IV 15   VI   118     90    147
29612  2          (1967)  (1932)          (1915)  (1992)       (1933) (1915)
29645  1 16   IX 27 VIII  4    X 24    V  6    V 17   VI   116     86    149
29645  2          (1975)  (1987)          (2002)  (1961)       (1961) (1987)
29752  1  3   IX 28  VII 23   IX  9   VI 15    V  8  VII    87     44    122
29752  2          (1971)  (2012)          (2000)  (1954)       (1971) (2000)
29789  1 16 VIII 17  VII 10   IX 25   VI 30    V 15  VII    52      6     93
29789  2          (1975)  (2003)          (2011)  (1945)       (1940) (1994)
29866  1 12   IX 17 VIII  5    X 24    V  4    V 14   VI   111     82    154
29866  2          (1945)  (1966)          (1966)  (1930)       (1934) (1966)
29939  1 18   IX 14 VIII 11    X 18    V 14   IV  9   VI   124     82    165
29939  2          (1955)  (2012)          (2007)  (1949)       (1955) (2007)
30054  1  3   IX 20  VII 25   IX  4   VI 17    V 25   VI    92     48    128
30054  2          (1979)  (2004)          (2007)  (1969)       (1979) (2007)
30089  1 14 VIII 19  VII 17   IX 20   VI 26    V 16  VII    56      9    103
30089  2          (2002)  (2009)          (2012)  (1989)       (1950) (1998)
30230  1 10   IX 11 VIII  1    X 31    V  8    V 30   VI   101     63    134
30230  2          (1964)  (1927)          (2001)  (1896)       (1964) (1927)
30252  1 11   IX 23 VIII 27   IX  1   VI 15    V 17   VI   103     79    126
30252  2          (1987)  (1988)          (2002)  (1991)       (1987) (2002)
30309  1 13   IX 17 VIII 11    X 29    V  5    V  5  VII   108     51    151
30309  2          (1958)  (2012)          (2002)  (1907)       (1958) (2012)
30372  1 20 VIII 17  VII 21   IX 10   VI 21    V  9  VII    71     14    119
30372  2          (1972)  (1983)          (2008)  (1957)       (1972) (1983)
30385  1  5   IX  1 VIII 26   IX 30    V 16    V  2  VII    97     58    125
30385  2          (1940)  (1959)          (1953)  (1960)       (1940) (1983)
30393  1 22 VIII 20  VII 20   IX  8   VI 18    V 14  VII    75     12    118
30393  2          (1950)  (1983)          (1975)  (1937)       (1937) (1983)
30433  1 24   IX  1   IX 14    X 28    V  8    V 10   VI   119     90    145
30433  2          (1975)  (1943)          (1997)  (1989)       (1969) (1997)
30521  1  3   IX  2 VIII 19   IX 10   VI 19    V 14  VII    86     41    113
30521  2          (1940)  (1960)          (2002)  (1957)       (1957) (2010)
30554  1 13 VIII 17  VII 11   IX 23   VI 29    V 16  VII    52     18     95
30554  2          (1987)  (1984)          (1985)  (1961)       (1940) (1986)
30612  1 13   IX 17 VIII  1    X 28    V  8    V 30   VI   107     65    143
30612  2          (1941)  (1975)          (2000)  (1981)       (1976) (2000)
30636  1 13   IX 19 VIII  4    X 27    V  8    V 14   VI   109     72    140
30636  2          (1958)  (1919)          (1997)  (1983)       (1962) (1945)
30650  1 22 VIII 21  VII 12   IX 16   VI 27    V 15  VII    69     21    102
30650  2          (2007)  (1984)          (2006)  (1957)       (1951) (1964)
30673  1 23 VIII 23  VII 16   IX 11   VI 22    V 14  VII    75     28    109
30673  2          (1950)  (1956)          (1994)  (1987)       (1964) (2008)
30710  1 13   IX 19 VIII 12    X 28    V 23   IV 23   VI   107     71    157
30710  2          (1945)  (2005)          (2007)  (1900)       (1902) (2007)
30758  1  7   IX  7 VIII 28   IX  1   VI  8    V 25   VI   100     65    128
30758  2          (1892)  (1988)          (1997)  (1969)       (1892) (1943)
30777  1 12   IX 25 VIII 27   IX 28    V  8    V 15   VI   107     80    132
30777  2          (1942)  (1994)          (1997)  (1965)       (1972) (1979)
30844  1 24 VIII 19  VII 19   IX 17   VI 21    V 12  VII    69     23    117
30844  2          (1992)  (1944)          (1950)  (1971)       (1992) (1950)
30879  1 11   IX 15 VIII 29   IX 27    V  7    V 25   VI   107     71    135
30879  2          (1912)  (1994)          (2002)  (1978)       (1978) (2002)
30925  1 14   IX 20 VIII  3    X 23    V  7    V 21   VI   112     73    145
30925  2          (1976)  (1959)          (1950)  (1916)       (1981) (2000)
30935  1  8   IX 18 VIII 24   IX  3   VI 13    V  9  VII    97     55    117
30935  2          (1958)  (1987)          (2002)  (1978)       (1978) (1950)
30949  1  6   IX  8 VIII 21   IX  1   VI 13    V  4  VII    96     62    124
30949  2          (1947)  (1973)          (2002)  (1988)       (1947) (1964)
30965  1 11   IX 18 VIII  2    X 28    V  5    V 15   VI   106     68    135
30965  2          (1909)  (1959)          (2010)  (1969)       (1909) (1959)
31004  1  2   IX 23  VII  1    X  3   VI 16    V 15  VII    91     51    138
31004  2          (1942)  (1949)          (1949)  (2007)       (1978) (1949)
31088  1 21   IX 30 VIII 10    X  1   VI 14    V 25   VI   113     89    139
31088  2          (1988)  (1996)          (1943)  (1985)       (2001) (1983)
31137  1 31  VII 16  VII 23 VIII  1  VII  6   VI 15  VII    29      3     59
31137  2          (1964)  (2009)          (2010)  (1992)       (1992) (2003)
31168  1 27   IX  6   IX 18    X  6   VI 21    V 30   VI   113     90    135
31168  2          (1967)  (1933)          (1989)  (1935)       (1960) (1936)
31174  1 30 VIII 18  VII  6    X 27   VI  4   VI 15  VII    65      8    103
31174  2          (1966)  (1936)          (1990)  (1960)       (1966) (1947)
31253  1  9   IX 20 VIII 29   IX 26    V  1    V 11  VII   106     65    137
31253  2          (1941)  (2004)          (1984)  (1964)       (1964) (1984)
31329  1 10   IX 24  VII 29   IX  4   VI 12    V 16  VII    99     47    135
31329  2          (1923)  (2004)          (1984)  (1921)       (1923) (2012)
31369  1 25   IX  5   IX 13    X 27    V 10    V 18   VI   121     92    142
31369  2          (1916)  (1974)          (2001)  (1926)       (1940) (1895)
31416  1 19   IX  1   IX  4    X 24    V  7    V 17   VI   118     90    147
31416  2          (2005)  (1994)          (2002)  (1982)       (1952) (2004)
31439  1 27   IX  4 VIII 14    X 20    V 30   IV  9   VI   130     87    157
31439  2          (1991)  (2000)          (2014)  (1940)       (1991) (2000)
31478  1 20 VIII 26  VII 12   IX 17   VI 23    V 16  VII    66     28    101
31478  2          (1990)  (1988)          (1966)  (1997)       (1985) (1988)
31707  1  3    X 14   IX 17    X  3    V 17   IV 17    V   152    129    181
31707  2          (1995)  (1972)          (1975)  (1980)       (1969) (1975)
31770  1  6    X 14   IX  1   XI 22    V 25   IV 14  VII   137     81    190
31770  2          (1935)  (1967)          (1967)  (1931)       (1931) (1967)
31829  1 14    X  3    X  2   XI 17    V 29   IV 18   VI   149    111    185
31829  2          (1955)  (1995)          (1948)  (1969)       (1969) (1995)
31960  1 24    X  7    X  9   XI 18   IV  1   IV  7    V   189    163    211
31960  2          (1955)  (1954)          (2001)  (1983)       (1983) (2001)
31961  1  3    X 15   IX 20    X 30   IV 25  III 23    V   155    125    198
31961  2          (1997)  (1943)          (1970)  (1952)       (1911) (1970)
31989  1 19    X 27   IX  7   XI 24   IV  9   IV 11    V   177    151    200
31989  2          (1964)  (2011)          (1991)  (1980)       (1980) (1992)
32027  1  7    X  5 VIII 28    X 27    V 10    V 28   VI   133     75    161
32027  2          (1972)  (2003)          (2001)  (1937)       (1972) (2012)
32061  1  7    X 31 VIII 30    X 24    V  2    V 19   VI   134     73    166
32061  2          (1885)  (1919)          (1967)  (1884)       (1885) (1935)
32076  1 20   IX 16  VII 11    X 20   VI 25    V 14  VII    93      5    127
32076  2          (1988)  (2000)          (1975)  (1941)       (1988) (1943)
32098  1  3    X 16   IX 21    X 26    V 26   IV 23   VI   130     93    160
32098  2          (1997)  (1965)          (1967)  (1913)       (1913) (1967)
32099  1 27    X  2    X 10   XI  3   VI 15    V 25   VI   146    122    172
32099  2          (1960)  (2003)          (2009)  (1969)       (1960) (2003)
32150  1 30   IX 15   IX 18    X 23    V  5    V 13   VI   131    103    160
32150  2          (1997)  (2000)          (1991)  (1971)       (1966) (2000)
32165  1 12   XI 22    X 28   XI  9    V 21   IV 27    V   187    158    209
32165  2          (1951)  (1997)          (1959)  (1947)       (1964) (1959)
32213  1 29    X 14    X 16   XI 27    V  2    V 16   VI   154    124    188
32213  2          (2007)  (1990)          (2007)  (1980)       (1980) (1990)
32252  1  3   IX 12 VIII  1    X 11   VI 28    V 15  VII    84     28    116
32252  2          (1946)  (2006)          (2005)  (1976)       (1976) (2006)
32287  1 13   IX 15 VIII 13    X  2   VI 15    V 23   VI   103     65    146
32287  2          (1998)  (1996)          (1991)  (1960)       (1938) (1996)
32389  1 19   IX 25 VIII 13    X 26    V  6    V 18   VI   117     87    153
32389  2          (1943)  (1996)          (2007)  (1937)       (1969) (2006)
32477  1  9   IX 29  VII  4    X  9   VI 22    V  6  VII    93     33    129
32477  2          (1965)  (2004)          (1977)  (1939)       (1958) (2004)
32509  1 17    X 28   IX  7   XI 21    V  5    V 13   VI   150    111    183
32509  2          (1997)  (1944)          (1984)  (1977)       (1977) (1984)
32562  1 18   IX 28 VIII 15    X  4   VI 18    V 23   VI   106     76    136
32562  2          (1972)  (1981)          (1996)  (1981)       (1992) (2008)
32618  1 16    X 28 VIII 16   XI 24    V 18   IV  4  VII   145     80    197
32618  2          (1929)  (1991)          (1962)  (1923)       (1923) (1991)
34110  1  5    X 11   IX 28    X 27   IV 25  III 29    V   160    124    196
34110  2          (1895)  (1905)          (1951)  (1918)       (1891) (1950)
34123  1  7    X 11   IX 28    X 26   IV 24  III  4   VI   165    107    214
34123  2          (1968)  (1952)          (1966)  (1967)       (1967) (2008)
34152  1  3    X 18   IX 27    X 25   IV 28  III 11   VI   162    130    203
34152  2          (1958)  (2012)          (1975)  (1963)       (1990) (2012)
34163  1 25   IX  1   IX 24    X  8    V  2   IV 11   VI   141    104    202
34163  2          (1900)  (2012)          (1990)  (1963)       (1930) (2012)
34186  1  4    X 18   IX 26    X 26   IV  2   IV  4   VI   160    106    195
34186  2          (1958)  (1991)          (1983)  (1967)       (1967) (2005)
34579  1 12    X 17   IX  5   XI 14   IV 24  III 18    V   180    122    225
34579  2          (1936)  (1983)          (1951)  (1936)       (1936) (1983)
34720  1 28    X 25   IX 10  XII  1   IV  8  III  1    V   210    167    257
34720  2          (1956)  (1996)          (2008)  (1940)       (1956) (1996)
34740  1 17    X 19   IX 15   XI  8   IV 12  III  9   VI   191    117    230
34740  2          (1958)  (1967)          (1977)  (1976)       (1976) (2008)
34866  1 14    X 13   IX 12   XI 16   IV 19  III 15    V   182    136    223
34866  2          (1951)  (2003)          (1993)  (1947)       (1949) (1991)
34880  1 20    X 21   IX 21   XI  8   IV 19  III 10    V   194    158    226
34880  2          (1958)  (1954)          (1901)  (1952)       (1912) (1954)
34927  1 26    X 18   IX 14  XII  1   IV 12  III 11    V   207    130    271
34927  2          (1952)  (2010)          (1962)  (1952)       (1952) (2010)
34949  1 22    X 26   IX 16   XI 11   IV 19  III  9    V   194    145    232
34949  2          (1973)  (1967)          (1970)  (1999)       (1986) (2008)
35011  1 26   IX 31 VIII 22    X  3    V  4   IV  4   VI   146     95    185
35011  2          (1976)  (1974)          (1990)  (1979)       (1979) (1990)
36038  1 14   IX 19 VIII  5    X 22    V 27   IV 15   VI   115     82    147
36038  2          (1936)  (1935)          (1962)  (1992)       (1936) (1945)
36064  1 27   IX  5   IX 18    X 21    V 28   IV 18   VI   129     93    161
36064  2          (1951)  (1991)          (1945)  (1961)       (1968) (1965)
36096  1 16   IX 27 VIII  5    X 19    V 23   IV 15   VI   120     92    147
36096  2          (2006)  (1966)          (2007)  (1970)       (1970) (2007)
36229  1  3   IX  4 VIII 23   IX 26    V  7    V  5  VII   100     52    132
36229  2          (1971)  (1984)          (1950)  (1936)       (1972) (1990)
36259  1 24 VIII 22  VII 16   IX  8   VI 17    V 15  VII    76     36    111
36259  2          (1954)  (2007)          (1968)  (1940)       (1940) (1968)
36307  1 12   IX  8 VIII 11    X 24    V 30   IV 19   VI   111     83    147
36307  2          (1967)  (1991)          (1999)  (1961)       (1961) (2003)
37001  1 11   XI 17    X 11  XII 22  III 20   II 25   IV   233    198    282
37001  2          (1977)  (2003)          (1989)  (1987)       (1965) (2008)
37061  1 18    X 17   IX 12   XI 11   IV 10  III 11    V   190    148    236
37061  2          (1934)  (2012)          (1977)  (1952)       (1934) (2008)
37107  1  1   XI 26   IX 13  XII  7   IV 10  III  8    V   209    165    256
37107  2          (1956)  (1980)          (2001)  (1999)       (1949) (1966)
37126  1 19   IX  1 VIII 21    X 24    V 24   IV 11  VII   118     56    172
37126  2          (1979)  (1972)          (2012)  (1992)       (1979) (2012)
37228  1 23    X  2    X 16   XI  9   IV 27   II 12    V   198    155    255
37228  2          (1917)  (2012)          (2008)  (1915)       (1915) (2008)
37470  1 29   XI 18    X 26  XII 18  III 24    I 11   IV   257    198    312
37470  2          (1976)  (1940)          (1995)  (1942)       (1976) (1995)
37472  1 14   XI  4    X 22  XII 24  III 16   II 10    V   234    187    298
37472  2          (1993)  (1947)          (1989)  (1952)       (1998) (1966)
37663  1 26    X 18   IX 24   XI 13   IV 13  III 12    V   195    130    232
37663  2          (1952)  (1954)          (1962)  (1912)       (1952) (2012)
31152  1 31 VIII 23  VII 20   IX  3   VI 13    V  6  VII    88     17    119
31152  2          (1956)  (1965)          (2013)  (1956)       (1956) (2008)
