20069  1  7  VII  1  VII  1    X 24   VI 31    I 30   VI     6      1     27
20069  2          (1966)  (1999)          (1998)  (1972)       (1966) (2005)
20087  1  6  VII  1  VII 10  XII 23   VI 31    I 30   VI     8      1    234
20087  2          (1966)  (1998)          (1994)  (1968)       (1966) (1998)
20292  1  8  VII  1  VII  1    X 25   VI 10    V 30   VI    12      1    144
20292  2          (1974)  (1999)          (1999)  (1980)       (1974) (1999)
20476  1 11  VII  1  VII  9    X 27   VI 15   VI 30   VI    11      1     83
20476  2          (1977)  (2002)          (2010)  (1980)       (1977) (2010)
20667  1 14  VII  1  VII  1  XII 19   VI 28   II 30   VI    14      1     72
20667  2          (1966)  (2002)          (1974)  (1980)       (1966) (2006)
20674  1 18  VII  1  VII  1   XI 22   VI 31    I 30   VI    26      1    185
20674  2          (1966)  (1995)          (1994)  (1968)       (1966) (1995)
20891  1  9 VIII  1  VII  7   IX 17   VI  1   VI 30   VI    52      1     86
20891  2          (1974)  (2003)          (1990)  (1980)       (2006) (2003)
20982  1 18 VIII  3  VII 18   IX 19   VI  7   VI 29   VI    59      7     93
20982  2          (1974)  (1991)          (1985)  (1980)       (1999) (1991)
21432  1 11  VII  1  VII  1    X 26   VI 15   VI 30   VI    14      1    104
21432  2          (1969)  (2010)          (2005)  (1972)       (1972) (2010)
21802  1  1 VIII  2  VII  1    X 17   VI 30   IV 30   VI    44      1    103
21802  2          (1977)  (2010)          (1968)  (1972)       (1996) (1968)
21908  1 10 VIII  1  VII  1    X 15   VI 31    V 30   VI    56      2    117
21908  2          (1972)  (2010)          (1975)  (1986)       (1987) (2010)
21921  1  6 VIII  2  VII  1    X 15   VI  3   VI 28   VI    50      8    114
21921  2          (2003)  (2010)          (1969)  (1992)       (2003) (2010)
21931  1  4 VIII  1  VII  1    X 17   VI 29    V 30   VI    47      1    110
21931  2          (1972)  (2010)          (2005)  (1984)       (1984) (2010)
21946  1 29  VII  2  VII  1    X 19   VI 31    V 29   VI    39      6    110
21946  2          (1978)  (2010)          (1990)  (1970)       (1984) (2010)
21982  1 12    X 21   IX 28    X  6   VI 20    V 20   VI   129    103    151
21982  2          (1981)  (2008)          (1990)  (1982)       (1989) (2006)
22113  1 25 VIII  7  VII 21   IX 11   VI 23    V 29   VI    75     19    106
22113  2          (1968)  (2006)          (2007)  (1969)       (1969) (2006)
22165  1 26 VIII  1  VII 18    X 17   VI 25    V 30   VI    70      1    134
22165  2          (1966)  (2005)          (1989)  (1969)       (1969) (2005)
22217  1 28 VIII 23  VII 18   IX  7   VI 17    V 30   VI    82     34    124
22217  2          (1982)  (2009)          (2009)  (1969)       (1982) (2009)
22235  1  2 VIII  1  VII 14   IX 17   VI 24    V 30   VI    45      1    105
22235  2          (1966)  (1981)          (1972)  (1980)       (1969) (1988)
22471  1 16 VIII  1  VII 20   IX 15   VI 27    V 30   VI    63      4    105
22471  2          (1969)  (2004)          (1977)  (1985)       (1969) (1977)
22520  1  1   IX  2  VII 16    X  8   VI 10    V 25   VI    85      8    135
22520  2          (1986)  (1981)          (1977)  (1969)       (1986) (1981)
22550  1 31 VIII  7  VII 30   IX  6   VI 13    V 26   VI    86     34    127
22550  2          (1992)  (2009)          (2005)  (1969)       (1992) (2005)
22619  1 11   IX 15 VIII 10    X  1   VI  8    V 21   VI   102     55    142
22619  2          (1969)  (2007)          (1983)  (1969)       (1969) (1983)
22641  1 27 VIII  2  VII 11    X  8   VI 15    V 29   VI    80      9    129
22641  2          (1986)  (1981)          (1991)  (1975)       (1992) (1981)
22676  1  4   IX 11 VIII  2    X  4   VI 13    V 23   VI    93     55    122
22676  2          (1982)  (1992)          (1984)  (1983)       (1969) (1991)
22768  1  8   IX 19  VII 22    X 26    V 29  III 20   VI   106     52    155
22768  2          (1967)  (1968)          (1973)  (1969)       (1967) (1973)
22802  1  8   IX  2 VIII  2    X 28    V  7    V 22   VI   104     59    143
22802  2          (2000)  (1992)          (2010)  (1977)       (1977) (2010)
22820  1  9   IX 12 VIII 14    X 30    V  7    V 26   VI   103     50    146
22820  2          (1975)  (1984)          (1989)  (1969)       (1969) (1981)
22837  1  6   IX  2  VII  7    X  2   VI  4    V 29   VI    97     41    146
22837  2          (1986)  (1984)          (2005)  (1969)       (1968) (1984)
23022  1 18  VII  1  VII 10   IX 22   VI  4  III 30   VI    23      1     83
23022  2          (1966)  (1995)          (2007)  (1968)       (1966) (1995)
23032  1 28  VII  1  VII  1    X 21   VI 31    I 30   VI    38      1    197
23032  2          (1966)  (2000)          (1974)  (1988)       (1966) (1974)
23058  1  8 VIII  1  VII 21   IX 15   VI 28   II 30   VI    49      2     96
23058  2          (1971)  (1999)          (1974)  (1970)       (1975) (2001)
23074  1 24 VIII  1  VII  5   XI 17   VI 28    V 30   VI    66      5    140
23074  2          (1974)  (1994)          (1999)  (1988)       (1992) (1994)
23205  1 17 VIII  1  VII  1    X 15   VI 27    V 30   VI    63      1    109
23205  2          (1985)  (1975)          (1991)  (1986)       (1986) (1975)
23242  1  8 VIII  1  VII 11   IX 18   VI  9  III 30   VI    50      2    158
23242  2          (1966)  (2001)          (1976)  (1988)       (1971) (1976)
23256  1 30 VIII  2  VII  1    X 16   VI 29    V 30   VI    75      4    114
23256  2          (1981)  (1970)          (2005)  (1966)       (1981) (1991)
23274  1 14 VIII  1  VII 15   IX 14   VI 29    V 29   VI    61      4    101
23274  2          (1981)  (1984)          (1988)  (1971)       (1971) (1984)
23324  1 13 VIII  1  VII 16   IX 16   VI 20    V 30   VI    59      8    101
23324  2          (1971)  (2000)          (1991)  (1969)       (1975) (1981)
23330  1  5 VIII  1  VII 17   IX 17   VI 27    V 30   VI    49      4     86
23330  2          (1971)  (2008)          (1991)  (1970)       (1999) (1989)
23383  1 28  VII  1  VII  1   XI 19   VI  8    V 30   VI    38      1    138
23383  2          (1970)  (1994)          (2006)  (1980)       (1971) (1994)
23405  1  3   IX  8 VIII 25   IX 10   VI 18    V 29   VI    86     46    120
23405  2          (1982)  (2001)          (1991)  (1969)       (1969) (1991)
23445  1 28 VIII  1  VII  5    X 12   VI 23    V 29   VI    76      3    123
23445  2          (1966)  (2009)          (2000)  (1968)       (1966) (2009)
23463  1  2 VIII  1  VII  5   IX 16   VI 27    V 30   VI    46      2     94
23463  2          (1973)  (2002)          (2005)  (1968)       (1973) (2001)
23472  1 17 VIII  2  VII 13   IX 14   VI 26    V 29   VI    63      7     99
23472  2          (1966)  (2007)          (1982)  (1980)       (1966) (1982)
23552  1  6   IX  1  VII  2    X 10   VI 24    V 30   VI    88     10    131
23552  2          (1973)  (1991)          (1991)  (1970)       (1973) (1991)
23631  1 30 VIII  2  VII 16   IX  8   VI 20    V 25   VI    82     28    115
23631  2          (2009)  (2001)          (1991)  (1966)       (2009) (1991)
23662  1 29 VIII  2  VII  1   XI  9   VI 28   II 30   VI    81      4    246
23662  2          (2010)  (1967)          (1967)  (1970)       (2010) (1967)
23678  1  2   IX  5 VIII 21   IX  9   VI 19    V 30   VI    85     54    113
23678  2          (1967)  (1983)          (2002)  (1970)       (1991) (2005)
23711  1 28 VIII  2  VII 20   IX  8   VI 18    V 26   VI    79     18    121
23711  2          (1975)  (1977)          (1991)  (1980)       (1975) (1991)
23724  1 27 VIII 26  VII 25   IX  9   VI 12    V 29   VI    79     31    130
23724  2          (1966)  (1991)          (1989)  (1970)       (1966) (1991)
23734  1 31 VIII  9  VII 21   IX  7   VI 20    V 29   VI    86     16    119
23734  2          (1968)  (2000)          (1991)  (1970)       (1968) (2001)
23867  1  4   IX  8  VII  1    X  5   VI 16    V 29   VI    91     31    138
23867  2          (1973)  (1997)          (1997)  (1970)       (1973) (1997)
23884  1  2   IX  8  VII 23   IX  7   VI 23    V 25   VI    87     45    114
23884  2          (2005)  (1991)          (2001)  (1966)       (2005) (1983)
23891  1  6   IX  1  VII 20   IX  8   VI 26    V 26   VI    90     22    114
23891  2          (1972)  (2007)          (1998)  (1987)       (1972) (2010)
23914  1  6   IX  3 VIII 23    X 27    V 19   IV 18   VI   102     56    141
23914  2          (1971)  (1968)          (1967)  (1968)       (1971) (2001)
23921  1  2   IX  5 VIII  4    X  4   VI 28   IV 27   VI    90     53    159
23921  2          (2008)  (1977)          (1977)  (1970)       (1970) (1977)
23933  1  7   IX 16 VIII  1    X  1   VI 13    V 22   VI    97     65    134
23933  2          (1982)  (1991)          (2000)  (1968)       (1969) (1991)
23955  1  2   IX 17 VIII 18   IX  5   VI 15    V 29   VI    90     50    118
23955  2          (1977)  (1984)          (2000)  (1970)       (1970) (2000)
23966  1 23 VIII  3  VII 13   IX  7   VI 18    V 30   VI    76      6    118
23966  2          (1999)  (2005)          (2005)  (1968)       (1999) (2005)
23986  1 16 VIII  2  VII 17   IX 12   VI 22    V 30   VI    65     11    112
23986  2          (1970)  (2008)          (2001)  (2000)       (1988) (2008)
24125  1  6 VIII  1  VII  1    X 16   VI 30   IV 30   VI    50      4    105
24125  2          (1974)  (2010)          (1968)  (1972)       (1980) (2010)
24136  1  3 VIII  1  VII  1    X 14   VI 30    V 27   VI    50      6    117
24136  2          (1972)  (2010)          (2009)  (1976)       (1980) (2010)
24143  1 13 VIII  1  VII  1    X 11   VI 31    V 25   VI    62     15    116
24143  2          (1999)  (2010)          (1999)  (1976)       (1972) (2010)
24266  1  1 VIII  2  VII  1    X 12   VI 25    V 30   VI    50      5    126
24266  2          (1983)  (2010)          (2009)  (1977)       (1972) (2010)
24329  1 27  VII  1  VII 30    X 18   VI 25   IV 30   VI    38      1    188
24329  2          (1986)  (1966)          (1966)  (1987)       (1987) (1966)
24343  1 15 VIII  5  VII  1    X  7   VI 31  III 26   VI    68     21    184
24343  2          (1978)  (1970)          (1970)  (1984)       (1978) (1970)
24382  1  3 VIII  3  VII  1    X 11   VI 25    V 29   VI    52      6    109
24382  2          (1978)  (2010)          (2009)  (1992)       (1972) (2010)
24507  1 17 VIII  3  VII 16   IX 13   VI 27    V 30   VI    64      3    106
24507  2          (1974)  (1986)          (2001)  (2000)       (2000) (1984)
24606  1  4 VIII  1  VII  9   IX 16   VI 30    V 30   VI    48      2     94
24606  2          (1999)  (2002)          (1970)  (1980)       (1989) (2001)
24641  1 25 VIII  3  VII  1    X  5   VI 14    V 26   VI    81     15    129
24641  2          (1972)  (2010)          (1983)  (2006)       (1972) (2010)
24661  1 22 VIII  9  VII  1    X  6   VI 21   IV 30   VI    79     20    143
24661  2          (1979)  (1992)          (1989)  (1971)       (1979) (1989)
24671  1 11 VIII  2  VII  1    X 10   VI 18    V 29   VI    61     13    121
24671  2          (1993)  (2010)          (1995)  (1996)       (1984) (2010)
24688  1 16  VII  1  VII  2   IX 21   VI  2   VI 30   VI    25      1     64
24688  2          (1990)  (1992)          (1997)  (1968)       (1990) (1992)
24713  1  9 VIII  1  VII  9   IX 13   VI 25    V 30   VI    57      8     98
24713  2          (1972)  (1988)          (2007)  (2000)       (1972) (1998)
24738  1 13 VIII  2  VII  1    X 11   VI 21    V 29   VI    62      8    122
24738  2          (1972)  (2010)          (1975)  (1976)       (1972) (2010)
24790  1 22  VII  1  VII  1   IX 15   VI 28    V 30   VI    36      1     91
24790  2          (1970)  (1980)          (1984)  (1968)       (1992) (1983)
24817  1 14 VIII  1  VII  7   IX 10   VI 20    V 30   VI    64      8    110
24817  2          (1989)  (1980)          (2002)  (1976)       (1966) (2002)
24908  1 21 VIII  1  VII 12   IX 12   VI 23    V 30   VI    69      1    108
24908  2          (1999)  (1979)          (2001)  (2000)       (1999) (2001)
24959  1 28 VIII  5  VII  1    X  2   VI 15    V 27   VI    85     24    137
24959  2          (1978)  (2010)          (2007)  (1976)       (1976) (2010)
24966  1 28 VIII  6  VII  1    X  3   VI 14    V 26   VI    84     26    140
24966  2          (1978)  (2010)          (2010)  (1976)       (1976) (2010)
24967  1 15 VIII  3  VII  1    X  7   VI  1   IV 29   VI    68     12    139
24967  2          (1984)  (2010)          (1995)  (1972)       (1967) (1995)
25062  1 26   IX 19 VIII 14    X  3   VI 30   IV 28   VI   117     80    162
25062  2          (1993)  (1988)          (1973)  (1983)       (1993) (1995)
25138  1 29  VII  1  VII 11   IX 14   VI 24    V 30   VI    45      2     99
25138  2          (1991)  (2007)          (2002)  (1966)       (1975) (2007)
25173  1 26   IX  1 VIII  1   XI 30    V 27    I 23   VI   117     53    278
25173  2          (1984)  (1974)          (1999)  (1988)       (1984) (1999)
25206  1 17 VIII  3  VII  1    X  8   VI 18    V 25   VI    69     17    136
25206  2          (1982)  (2010)          (2010)  (1972)       (1984) (2010)
25248  1 28  VII  1  VII  1    X 13   VI 30   IV 30   VI    44      1    114
25248  2          (1966)  (2000)          (2008)  (1976)       (1966) (2000)
25282  1  8    X 29 VIII  9   XI  4   VI 28   II 27   VI   122     66    165
25282  2          (1988)  (1974)          (2002)  (1973)       (1988) (1996)
25325  1 28  VII  1  VII 29 VIII 13   VI 18    V 30   VI    44      1     90
25325  2          (1966)  (1991)          (2006)  (1972)       (1966) (1991)
25356  1 27  VII  1  VII  6   IX 15   VI 31  III 30   VI    41      1    124
25356  2          (1966)  (2007)          (2006)  (1976)       (1966) (2006)
25378  1  5 VIII  1  VII 23   IX 16   VI 18    I 30   VI    48      1    243
25378  2          (1966)  (1997)          (1980)  (1976)       (1977) (1980)
25399  1 14    X 14   IX 12   XI  7   VI  4   IV 24   VI   129     82    193
25399  2          (1985)  (2002)          (1996)  (1985)       (1985) (1996)
25400  1 16 VIII 12  VII  1    X  4   VI 16    V 21   VI    73     33    115
25400  2          (1966)  (2010)          (1968)  (1986)       (1966) (2010)
25428  1  3 VIII  1  VII 10   IX  9   VI 30   IV 30   VI    55      1    102
25428  2          (1966)  (1991)          (1998)  (1966)       (1966) (1991)
25503  1  5 VIII  1  VII  1  XII 12   VI 18   IV 30   VI    54      1    227
25503  2          (1970)  (1995)          (1995)  (1970)       (1970) (1995)
25538  1  2 VIII  1  VII  1    X 13   VI 31  III 30   VI    50      1    184
25538  2          (1966)  (2008)          (2007)  (1966)       (1966) (2007)
25551  1  1 VIII  1  VII 15   IX 13   VI 30    V 30   VI    49      7     99
25551  2          (1966)  (2007)          (1990)  (1982)       (1975) (2007)
25563  1 21 VIII  4  VII 29   IX 16   VI  2   VI 29   VI    67     10    115
25563  2          (1968)  (2007)          (1992)  (1975)       (1972) (2007)
25594  1 19 VIII  1  VII  1  XII 12   VI 22  III 30   VI    66      1    173
25594  2          (1981)  (2002)          (1994)  (1981)       (1981) (2007)
25677  1 16 VIII  1  VII 29   IX 18   VI  3   VI 30   VI    59      1    112
25677  2          (1982)  (2007)          (1984)  (1982)       (1982) (2007)
25705  1 21 VIII  1  VII  1    X  6   VI 30   IV 29   VI    75     16    109
25705  2          (1990)  (2010)          (2007)  (1968)       (1990) (2002)
25745  1 16 VIII  1  VII  1  XII  9   VI 30   IV 29   VI    67     16    215
25745  2          (1966)  (2006)          (2006)  (1988)       (1978) (2006)
25927  1 19   IX 18 VIII 10    X  7   VI 25    V 26   VI   105     80    131
25927  2          (1981)  (1969)          (1991)  (1975)       (1981) (1996)
25932  1  7   IX  7  VII  1   XI 14   VI 23    V 30   VI    84     13    162
25932  2          (1978)  (2002)          (2002)  (2005)       (1978) (2002)
25954  1  6   IX  4  VII 29   IX  4   VI 30   IV 25   VI    92     25    137
25954  2          (1970)  (2010)          (2006)  (1972)       (1970) (2006)
25956  1  9   IX 14 VIII  9    X  2   VI 31  III 27   VI   100     53    172
25956  2          (1982)  (1996)          (2005)  (1993)       (1993) (2004)
26063  1 20   IX 29 VIII 19    X 19    V 21   IV 12   VI   123     90    166
26063  2          (1973)  (2003)          (2010)  (1984)       (1969) (2003)
26157  1 27   IX  3 VIII  5   XI 16    V 24   IV 13   VI   134     89    167
26157  2          (1966)  (1975)          (1993)  (1984)       (1982) (1992)
26275  1 21   IX 30 VIII 18    X 14    V 16   IV 10   VI   130     89    169
26275  2          (1966)  (1999)          (1989)  (1982)       (1997) (1989)
26359  1 22   IX 22 VIII  2   XI 17    V 16   IV 19   VI   128     83    170
26359  2          (1977)  (2008)          (1998)  (2000)       (1977) (2008)
26781  1 15   IX 25 VIII  3    X 17    V 18   IV 11   VI   121     91    155
26781  2          (1971)  (1982)          (1983)  (1982)       (2001) (2010)
26997  1 28   IX 30 VIII 19    X  8    V 19   IV 12   VI   143    105    175
26997  2          (1966)  (2003)          (1970)  (1982)       (1968) (2003)
27037  1 11   IX 16 VIII  3    X 25    V  2    V 15   VI   109     77    154
27037  2          (1969)  (1989)          (1989)  (2003)       (1969) (1989)
27051  1 11   IX 16 VIII  4    X 30    V  4    V 23   VI   105     54    135
27051  2          (1969)  (2009)          (2010)  (1969)       (1969) (2009)
27333  1 26   IX  6   IX 18    X 14    V 28   II  4   VI   134    106    170
27333  2          (1972)  (1999)          (1983)  (1978)       (1967) (1989)
27459  1 26   IX 31 VIII 18    X 14    V 15   IV  3   VI   135    103    165
27459  2          (1966)  (1999)          (2001)  (1967)       (1967) (2001)
27595  1 21   IX 16 VIII 18    X 18    V 28   IV 12   VI   126     83    172
27595  2          (1969)  (1997)          (2005)  (1982)       (1969) (1997)
27612  1 26   IX 31 VIII 26    X 11    V 22   IV 28    V   138    109    168
27612  2          (1966)  (2008)          (2002)  (1968)       (1966) (2006)
27648  1 20   IX 24 VIII 16    X 14    V 14   IV  4   VI   128     97    166
27648  2          (1971)  (1981)          (2001)  (1978)       (1989) (2001)
27675  1 14   IX 30  VII  4    X 22    V 30   IV 13   VI   116     71    153
27675  2          (1972)  (1984)          (2010)  (1979)       (1972) (1984)
27707  1 22   IX 28 VIII 18    X 13    V  6   IV 12   VI   132     99    177
27707  2          (1973)  (1999)          (2001)  (1975)       (1997) (1976)
27823  1 16   IX 27 VIII  7    X 18    V 18   IV 29   VI   119     92    158
27823  2          (2002)  (1991)          (1983)  (1992)       (1999) (1979)
27857  1 14   IX 12 VIII 30   IX 21    V 26   IV 23   VI   116     76    157
27857  2          (1975)  (1979)          (1979)  (1983)       (1975) (1979)
27995  1 20   IX 31 VIII 11    X 17    V 18   IV 12   VI   126     96    161
27995  2          (1976)  (1985)          (2001)  (2007)       (1994) (1980)
28009  1 10   IX 21 VIII  2    X 26    V 30   IV 21   VI   107     73    153
28009  2          (1977)  (1982)          (1983)  (1970)       (1970) (1983)
28064  1 12   IX 27 VIII 30   IX 30    V  7    V 21   VI   105     70    128
28064  2          (1967)  (1970)          (2003)  (1966)       (1967) (2005)
28138  1 20 VIII  5  VII 22   IX  9   VI 18    V 27   VI    73     18    119
28138  2          (2009)  (1992)          (1991)  (1978)       (1997) (2006)
28224  1  4   IX 23  VII 22   IX 31    V 15   IV 25   VI    97     48    158
28224  2          (1997)  (1988)          (1977)  (1966)       (1975) (1977)
28255  1  7   IX 24  VII 30   IX 30    V  1    V 29   VI   100     36    145
28255  2          (1997)  (1970)          (1977)  (1999)       (1997) (1977)
28275  1 11   IX 10 VIII  2    X 28    V 31  III 20   VI   106     60    177
28275  2          (1975)  (1991)          (1966)  (1968)       (1975) (1966)
28418  1 12   IX 15 VIII  2    X 25    V 29   IV 17   VI   110     59    148
28418  2          (1969)  (2007)          (2005)  (1969)       (1969) (2005)
28434  1  6   IX 24  VII 13    X  1   VI 27   IV 25   VI    97     53    168
28434  2          (1997)  (1977)          (2001)  (1966)       (1997) (1977)
28493  1  5   IX 21  VII  1    X  3   VI 17    V 24   VI    94     45    122
28493  2          (1973)  (1970)          (1990)  (1966)       (1973) (1970)
28552  1  8   IX  6  VII 19    X 29    V 26   IV 18   VI   103     18    154
28552  2          (1997)  (1999)          (1977)  (1997)       (1997) (1977)
28573  1  9   IX 16 VIII 26   IX 30    V 15    V 20   VI   100     58    127
28573  2          (1969)  (1987)          (1990)  (1968)       (1969) (2000)
28666  1  9   IX 14 VIII 30   IX 30    V 26   IV 28   VI   102     62    130
28666  2          (1977)  (1970)          (1977)  (1978)       (1999) (2003)
28698  1 11   IX 23 VIII 28   IX 25    V  1    V 14   VI   109     75    146
28698  2          (1978)  (2004)          (2003)  (1992)       (1978) (2003)
28704  1 14   IX 13 VIII  3    X 21    V 20   IV 13   VI   116     61    153
28704  2          (1975)  (1982)          (1977)  (1975)       (1975) (1979)
28722  1  9   IX 11  VII  5    X 24    V 27   IV 25   VI   109     16    155
28722  2          (1975)  (1980)          (2005)  (1975)       (1975) (2010)
28748  1 16   IX 17 VIII  3    X 19    V 22  III 10   VI   119     81    191
28748  2          (1969)  (1982)          (1977)  (2008)       (1969) (1977)
29111  1  2   IX 18 VIII 21   IX  1   VI 11    V 29   VI    94     50    120
29111  2          (1970)  (1984)          (1977)  (1970)       (1970) (2000)
29231  1 12   IX 27 VIII 30   IX 30    V 10    V 29   VI   104     61    129
29231  2          (1996)  (1987)          (2004)  (1968)       (1968) (2004)
29263  1  6   IX  7 VIII 30   IX  3   VI 15    V 20   VI    96     66    121
29263  2          (1967)  (1987)          (2005)  (1998)       (1967) (2005)
29282  1 30 VIII  1  VII 15   IX  7   VI 21    V 29   VI    85      2    114
29282  2          (1986)  (2000)          (2002)  (1981)       (1986) (2001)
29313  1 31 VIII  1  VII 24   IX  5   VI 10    V 30   VI    88      1    137
29313  2          (1970)  (2004)          (2004)  (1970)       (1970) (2004)
29328  1  1   IX  1  VII 23   IX  6   VI 19    V 27   VI    87     24    115
29328  2          (1988)  (1987)          (2002)  (1978)       (1988) (2003)
29379  1  2   IX  4  VII 18   IX  5   VI 19    V 23   VI    89     23    119
29379  2          (1989)  (2007)          (2005)  (1998)       (1989) (2002)
29570  1 10   IX  8 VIII 25   IX 30    V 11    V 29   VI   103     62    127
29570  2          (1967)  (1991)          (2000)  (1981)       (1981) (2000)
29594  1  4   IX  4  VII 25   IX  2   VI 19    V 28   VI    92     20    117
29594  2          (1989)  (1987)          (2005)  (1976)       (1989) (1995)
29612  1  3   IX  1  VII 23   IX  5   VI 10    V 30   VI    91     17    136
29612  2          (1970)  (2004)          (2004)  (1999)       (1970) (2004)
29645  1  6   IX  2  VII 26   IX  1   VI 12    V 24   VI    97     20    128
29645  2          (1970)  (1977)          (1978)  (1974)       (1970) (1977)
29752  1  8 VIII  1  VII 13   IX 15   VI 24    V 29   VI    55      3    106
29752  2          (1978)  (2005)          (2001)  (1970)       (1970) (2001)
29789  1  4 VIII  1  VII 10   IX 20   VI 30    V 29   VI    44      1     93
29789  2          (1973)  (2005)          (2003)  (1968)       (1973) (1994)
29866  1 10   IX 24 VIII  4    X 28    V 10    V 23   VI   105     80    135
29866  2          (1982)  (1966)          (1984)  (1974)       (1974) (1966)
29939  1 13   IX 22 VIII 30   IX 26    V 22   IV 20   VI   110     80    154
29939  2          (2008)  (1966)          (1977)  (1995)       (1995) (1977)
30054  1  2   IX 20  VII 22   IX  6   VI 20    V 27   VI    89     42    114
30054  2          (1979)  (1988)          (2002)  (1976)       (1979) (1991)
30089  1 19 VIII  4  VII 16   IX 10   VI 22    V 30   VI    69     20    112
30089  2          (1978)  (1983)          (2008)  (1972)       (1978) (1983)
30230  1  9   IX 23 VIII  1    X  6   VI 22    V 30   VI    96     70    118
30230  2          (2006)  (1968)          (1993)  (1981)       (2006) (1966)
30252  1  4   IX  2  VII 22   IX  8   VI 15    V 30   VI    88     26    125
30252  2          (2004)  (1974)          (2002)  (1986)       (2004) (2002)
30309  1 14   IX  7 VIII 12    X 26    V 17  III 23   VI   109     58    138
30309  2          (1984)  (1966)          (1967)  (1974)       (1984) (1969)
30372  1 16 VIII  1  VII 21   IX 12   VI 21    V 29   VI    63      1    109
30372  2          (1986)  (1983)          (2008)  (1972)       (1986) (2008)
30385  1 30 VIII  9  VII 22   IX  5   VI 19    V 28   VI    85     20    119
30385  2          (1978)  (1983)          (1992)  (1976)       (1978) (1983)
30393  1 19 VIII  7  VII 17   IX 14   VI 26    V 29   VI    66     12    101
30393  2          (1978)  (1983)          (1988)  (1972)       (1976) (1985)
30433  1 11   IX  8  VII 27   IX  5   VI 30   IV 25   VI    99     24    144
30433  2          (1978)  (1988)          (2007)  (1974)       (1978) (2007)
30521  1  3   IX  8  VII 27   IX 11   VI 28    V 30   VI    85     24    111
30521  2          (1978)  (1988)          (1994)  (1981)       (1978) (1991)
30554  1 30  VII  1  VII  9   IX 19   VI 29    V 30   VI    41      1     98
30554  2          (1969)  (1990)          (1985)  (1969)       (1969) (1990)
30612  1  5   IX  9 VIII 27   IX  5   VI 13    V 30   VI    93     63    120
30612  2          (1967)  (1988)          (2002)  (1981)       (1976) (1988)
30636  1 10   IX 14 VIII 11  XII  3   VI 30   IV 28   VI    99     64    225
30636  2          (1995)  (2007)          (2007)  (1987)       (1976) (2007)
30650  1 23 VIII  1  VII 27   IX 10   VI 14   IV 29   VI    75      2    139
30650  2          (1987)  (1968)          (1967)  (1983)       (1987) (1968)
30673  1 26 VIII  1  VII 21   IX  7   VI 15  III 29   VI    77      2    108
30673  2          (1987)  (1983)          (1995)  (1972)       (1987) (1983)
30710  1 10   IX  1  VII 27   IX 30    V  8    V 22   VI   103     30    132
30710  2          (1971)  (1988)          (2001)  (1996)       (1971) (2001)
30758  1  5   IX  9 VIII 28   IX  3   VI  9    V 25   VI    96     62    132
30758  2          (1977)  (1988)          (1979)  (1969)       (1977) (1979)
30777  1  5   IX  9  VII 20   IX  2   VI 12    V 27   VI    96     20    125
30777  2          (1978)  (2004)          (1979)  (1987)       (1978) (1984)
30844  1 12 VIII  1  VII 11   IX 17   VI 24    V 30   VI    55      6     99
30844  2          (1970)  (1994)          (1979)  (1969)       (1969) (1986)
30879  1  3   IX  9  VII 19   IX  3   VI 15    V 28   VI    91     36    116
30879  2          (1978)  (2007)          (1979)  (1976)       (1978) (2007)
30925  1 30 VIII  2  VII 18   IX  6   VI 15    V 28   VI    86     16    116
30925  2          (1972)  (2004)          (2000)  (1966)       (1972) (2000)
30935  1 27 VIII  3  VII 16   IX 11   VI 14    V 30   VI    76     11    111
30935  2          (1988)  (2001)          (1979)  (1969)       (1966) (1980)
30949  1 27 VIII  4  VII 23   IX  6   VI 29   IV 28   VI    83     13    147
30949  2          (1988)  (1984)          (1984)  (1987)       (2003) (1984)
30965  1  2   IX  9  VII 16   IX  7   VI 24    V 27   VI    88     41    114
30965  2          (1978)  (1980)          (2010)  (1987)       (1978) (2008)
31004  1 19 VIII  2  VII  1    X 12   VI 29    V 26   VI    68     14    113
31004  2          (1999)  (2010)          (1983)  (1976)       (1978) (1983)
31088  1 17   IX 27 VIII 30   IX 30    V 13    V 25   VI   110     84    136
31088  2          (1992)  (1968)          (1981)  (1985)       (1972) (1998)
31137  1 27  VII  1  VII 14   IX 20   VI  5   VI 30   VI    35      5     99
31137  2          (1974)  (1983)          (1981)  (1984)       (1966) (1983)
31168  1  7   IX  3  VII 29   IX 11   VI 26    V 28   VI    88      7    118
31168  2          (1966)  (1983)          (1968)  (1973)       (1966) (1968)
31174  1 10 VIII  1  VII 14   IX 18   VI 28    V 30   VI    52      1    107
31174  2          (1976)  (1969)          (2009)  (1972)       (1976) (2009)
31253  1  7   IX  8 VIII 17   XI  2   VI 16    V 24   VI    98     58    159
31253  2          (1984)  (1970)          (2002)  (1969)       (1984) (1970)
31329  1  6   IX  1  VII 29   IX  8   VI 23    V 30   VI    92      1    119
31329  2          (1967)  (2004)          (1990)  (1967)       (1967) (2009)
31369  1 17   IX  9  VII  9    X 27    V 31  III 21   VI   113     21    137
31369  2          (1973)  (1988)          (1968)  (1967)       (1973) (1988)
31416  1 16   IX  1   IX  4    X 28    V  6    V 23   VI   111     86    147
31416  2          (2005)  (1994)          (2004)  (1973)       (1973) (2004)
31439  1 22   IX  5   IX  8    X 28    V  9    V 19   VI   116     79    141
31439  2          (1974)  (1994)          (1991)  (1967)       (1967) (1991)
31478  1 15 VIII  2  VII  9    X 13   VI 15   II 30   VI    62      8    188
31478  2          (1979)  (1995)          (2003)  (1967)       (1979) (2003)
31707  1 25   IX  6   IX  9    X 12    V 30   IV 28    V   137    113    161
31707  2          (1978)  (2000)          (1990)  (1973)       (1978) (1990)
31770  1 25   IX  5   IX 13    X 31    V 29   IV 25   VI   118     91    150
31770  2          (1996)  (2000)          (1995)  (1982)       (1982) (1995)
31829  1  1    X  8   IX 16    X 24    V 30   IV 20   VI   129     82    162
31829  2          (1969)  (1991)          (1977)  (1984)       (1969) (1991)
31960  1  9    X  4   IX 27    X  3    V 22   IV 23    V   158    122    185
31960  2          (1966)  (1998)          (1975)  (1976)       (1966) (1998)
31961  1  1    X  1   IX 17    X  9    V 19   IV  1   VI   145    108    176
31961  2          (1972)  (1994)          (2000)  (1970)       (1972) (2000)
31989  1 11    X 21   IX  3   XI  9    V  1   IV 28    V   153    125    188
31989  2          (2001)  (1998)          (1997)  (2007)       (1979) (1995)
32027  1 29   IX  5 VIII 16    X 29    V 10    V 14   VI   125     60    157
32027  2          (1972)  (2004)          (2001)  (2003)       (1972) (2000)
32061  1 29   IX 15   IX 13    X 29    V 30   IV 17   VI   122     94    148
32061  2          (1991)  (2006)          (1966)  (1996)       (2001) (1966)
32076  1 31 VIII  2  VII 11    X 16   VI 29    V 29   VI    76      2    126
32076  2          (1966)  (2000)          (2005)  (1968)       (1968) (2005)
32098  1  2    X 21   IX 18    X 23    V 26   IV 16   VI   133     98    166
32098  2          (2001)  (1972)          (1967)  (1977)       (1977) (2000)
32099  1  5    X  2  VII 12   XI  4   VI 14    V 30   VI   122     23    156
32099  2          (1966)  (2005)          (1998)  (1968)       (1966) (1995)
32150  1 26   IX 12   IX  2   XI 30    V  1    V 30   VI   118     86    174
32150  2          (1993)  (1973)          (1975)  (1968)       (2001) (1972)
32165  1 12    X 13  VII  4   XI 26    V  2    V 20   VI   140     39    175
32165  2          (1973)  (1999)          (2000)  (1971)       (1973) (2000)
32213  1  5    X  1  VII  1   XI 29    V 14   IV 30   VI   127      1    185
32213  2          (1976)  (2009)          (1994)  (1976)       (1976) (2009)
32252  1  5   IX  1  VII  1  XII  4   VI 31    I 27   VI    86     13    151
32252  2          (1966)  (2006)          (2007)  (1969)       (1966) (2008)
32287  1  7   IX 15  VII  6    X  5   VI 20    V 25   VI    94     26    135
32287  2          (1976)  (2004)          (1994)  (1980)       (1976) (2004)
32389  1  5   IX 10  VII  4    X  3   VI 17    V 18   VI    94     29    125
32389  2          (1991)  (2008)          (2009)  (2000)       (1991) (2008)
32477  1  2   IX  2  VII  2    X  6   VI 17    V 24   VI    89     25    128
32477  2          (2003)  (2008)          (2009)  (1972)       (2003) (2008)
32509  1 29   IX  4   IX  1  XII 26    V 31    I 28   VI   125     68    305
32509  2          (1973)  (1992)          (2008)  (1973)       (1973) (2008)
32562  1  3   IX  2  VII  9    X 10   VI 15    V 29   VI    86      9    132
32562  2          (1974)  (2008)          (1996)  (1972)       (1974) (2008)
32618  1 21   IX  2 VIII  1  XII  3   VI 10    V 28   VI   109     56    150
32618  2          (1986)  (1996)          (2006)  (1975)       (1986) (2006)
34110  1 22   IX 29 VIII 12    X 11    V  9   IV 30    V   134     98    168
34110  2          (1994)  (2007)          (1973)  (1997)       (1997) (1989)
34123  1 25   IX 31 VIII 28    X  7    V  1   IV  5   VI   142    105    192
34123  2          (1966)  (1980)          (1983)  (2003)       (1968) (1980)
34152  1 23   IX 31 VIII 15    X 13    V 12   IV  4   VI   134    104    169
34152  2          (1973)  (1999)          (1983)  (1967)       (2003) (1983)
34163  1 19   IX 29 VIII  4    X 12    V  6   IV 10   VI   131    102    177
34163  2          (2001)  (1992)          (1983)  (1990)       (2008) (1983)
34186  1 21   IX 29 VIII 11    X 15    V  4   IV 10   VI   129     90    164
34186  2          (1983)  (1985)          (1983)  (1970)       (1972) (2005)
34579  1  7    X 19   IX 27    X 21   IV 27  III  4   VI   169    107    202
34579  2          (1967)  (2007)          (1983)  (1967)       (1967) (1983)
34720  1 17    X 23   IX 14   XI 13   IV 25  III 11    V   187    144    222
34720  2          (1987)  (1967)          (1983)  (1991)       (1986) (1967)
34740  1 10    X 31 VIII  6   XI 23   IV 28  III 28    V   171    125    197
34740  2          (1966)  (1974)          (2008)  (1969)       (1969) (2001)
34866  1 11    X  1   IX  5   XI 18   IV 28  III 20    V   176    106    214
34866  2          (1966)  (2002)          (2000)  (1981)       (1966) (1991)
34880  1  8    X 12   IX 27    X 19   IV 29  III 14    V   170    137    194
34880  2          (1968)  (2009)          (1983)  (2000)       (1968) (1991)
34927  1 18    X 29   IX 27   XI 15   IV 16  III 20    V   186    134    229
34927  2          (1986)  (2009)          (1991)  (1969)       (1969) (1991)
34949  1 13    X 20   IX  8   XI 21   IV 30  III 16    V   175    144    203
34949  2          (1973)  (1974)          (1966)  (1981)       (1986) (1989)
35011  1 17   IX 20 VIII  3    X 21    V 12   IV 14   VI   119     92    160
35011  2          (1980)  (1974)          (1983)  (1999)       (1980) (2005)
36038  1  5   IX 10 VIII 23   IX 31    V 11    V 28   VI    96     69    128
36038  2          (2004)  (2003)          (1982)  (1970)       (2004) (1990)
36064  1 21   IX 30 VIII 18    X 24    V  7    V 15   VI   121     89    151
36064  2          (1967)  (2010)          (2008)  (1971)       (1971) (2010)
36096  1  6   IX 29  VII 13    X  1   VI 26   IV 30   VI    97     43    153
36096  2          (1971)  (1974)          (1983)  (1987)       (1971) (1980)
36229  1 15 VIII  3  VII 24   IX  6   VI 11    V 25   VI    70     21    117
36229  2          (1973)  (1977)          (1982)  (1987)       (1972) (1977)
36259  1  6 VIII  1  VII 20   IX 14   VI 16    V 30   VI    54      2    105
36259  2          (1970)  (1984)          (1982)  (1977)       (1970) (1984)
36307  1 11   IX 29  VII  1   XI 30    V 30   IV 29   VI   104     43    159
36307  2          (1971)  (1973)          (1981)  (1970)       (1967) (1973)
37001  1 26    X 19  VII 24   XI  3   IV 11  III  7    V   207    112    243
37001  2          (1975)  (2000)          (1977)  (1986)       (1975) (2000)
37061  1 13    X 17   IX  2  XII 21   IV 26  III 21    V   173    137    199
37061  2          (2006)  (1983)          (1970)  (1992)       (1986) (1966)
37107  1 22    X  1    X 18   XI 19   IV 24  III 31    V   186    148    217
37107  2          (1970)  (2009)          (1979)  (2001)       (2001) (1991)
37126  1  5 VIII  1  VII  4    X 16   VI 30   IV 30   VI    49      1    126
37126  2          (1970)  (1978)          (1998)  (1968)       (1990) (1978)
37228  1 17    X  1    X  4   XI 17   IV 17  III 10    V   183    148    220
37228  2          (1986)  (2009)          (2008)  (1999)       (1992) (1991)
37470  1 17   XI 18    X 20  XII 31  III  2  III 26   IV   229    195    273
37470  2          (1976)  (1966)          (2008)  (1968)       (1987) (1991)
37472  1  9   XI  4    X 19  XII 30  III 10   II  2    V   224    180    307
37472  2          (1993)  (1966)          (1983)  (1978)       (1971) (1983)
37663  1 13    X 20   IX  4   XI 26   IV 30  III  6   VI   170    120    200
37663  2          (1987)  (2003)          (1977)  (1967)       (1969) (1991)
31152  1  3   IX 17 VIII  1    X 10   VI 30   IV 25   VI    77     59     99
31152  2          (1967)  (1971)          (1975)  (1973)       (1967) (1971)
