20069 0     0.0  29.6  28.3  10.9   8.8   4.4   1.9   2.9   5.1  12.3  16.2  53.5  25.5   3.4   4.6
20069 1-3 100.0  44.4  41.5  63.6  49.5  28.1  30.0  29.7  21.0  42.5  48.7  25.6  41.8  29.3  30.0
20069 4-6   0.0   3.7  20.8  21.8  34.1  47.4  43.8  44.0  37.6  27.4  18.9  18.6  19.7  42.3  41.2
20069 >6    0.0  14.8   1.9   0.9   4.4  18.8  22.8  21.6  34.3  17.8  13.5   2.3  10.0  23.2  22.5
20087 0     0.0  25.0   0.0  29.4  10.3   5.8   0.9   3.3   3.2  20.0  50.0   0.0  20.0   3.4   3.7
20087 1-3 100.0  50.0   0.0  52.9  64.1  42.4  31.4  38.6  23.1  10.0  50.0 100.0  40.0  34.9  35.0
20087 4-6   0.0  25.0 100.0  11.8  20.5  42.4  51.6  37.3  44.2  20.0   0.0   0.0  20.0  42.9  42.5
20087 >6    0.0   0.0   0.0   5.9   5.1   7.6  11.6  14.5  29.5  50.0   0.0   0.0  20.0  15.1  15.2
20292 0     0.0   0.0   0.0   8.7  10.3   3.4   1.9   1.9   2.1   4.8   4.0   6.3   4.4   2.4   2.5
20292 1-3  50.0   0.0   0.0  17.4  28.7  18.9  12.2  15.1  17.0  39.7  36.0  12.5  32.7  15.2  15.7
20292 4-6   0.0   0.0   0.0   4.4  18.4  24.9  25.5  29.3  21.2   7.9   4.0   0.0   5.3  25.8  25.2
20292 >6    0.0   0.0   0.0   4.4   9.2  17.9  25.3  21.1  21.4   3.2   0.0   0.0   1.8  21.7  21.1
20476 0     0.0  22.2   0.0   4.6   9.6   6.7   5.5   4.6   6.5   7.6   0.0  20.0   9.5   5.6   5.7
20476 1-3  50.0  33.3  66.7  54.6  61.5  36.1  39.2  30.0  22.9  22.6  57.1  53.3  35.8  34.3  34.4
20476 4-6   0.0   0.0  33.3  13.6  24.1  38.2  40.3  37.8  35.3  32.1  42.9  20.0  27.4  38.0  37.8
20476 >6   50.0  44.4   0.0  22.7   4.8  19.1  15.0  27.6  35.3  28.3   0.0   6.7  22.1  22.1  22.1
20667 0    36.7  10.9  21.3   9.2   8.5   1.6   1.5   2.3   1.6   3.9  24.8  11.9  14.8   2.7   4.6
20667 1-3  46.7  60.9  61.3  51.1  43.9  29.9  31.4  27.3  30.6  26.3  52.3  61.4  45.8  32.0  34.3
20667 4-6  13.3  18.5  14.0  33.2  31.5  48.1  44.2  45.9  43.6  32.1  14.7  24.8  22.4  43.8  40.3
20667 >6    2.2   8.7   2.7   5.2  12.7  17.7  21.2  22.2  22.8  36.5   4.6   1.0  15.7  19.4  18.8
20674 0     8.0  18.5   5.9   7.1   0.0   1.4   1.2   1.7   1.8   1.8   7.7   5.0   4.5   1.5   1.7
20674 1-3  16.0  22.2  26.5  31.6  27.7  19.2  18.8  19.6  19.0  14.8  47.7  40.0  22.8  19.6  19.9
20674 4-6  28.0  14.8  23.5  30.6  39.0  47.7  45.6  43.9  40.1  26.3  23.1  27.5  25.2  44.5  43.0
20674 >6   48.0  44.4  41.2  30.6  32.8  30.1  33.2  34.1  38.6  50.0  21.5  25.0  42.9  33.3  34.1
20744 0    13.5   0.0  12.8   6.7  11.3  11.6  13.5  20.6  15.0   7.2   8.3   7.4   8.6  14.1  13.3
20744 1-3  27.0  33.3  46.2  22.5  36.6  41.6  44.5  43.2  36.4  14.5  20.0  22.2  24.3  40.6  38.4
20744 4-6  35.1  19.1  23.1  29.2  34.4  31.1  31.8  26.1  34.1  36.1  40.0  48.2  34.8  30.9  31.5
20744 >6   24.3  47.6  15.4  41.6  17.7  15.0  10.3   9.9  14.6  42.2  31.7  22.2  31.8  14.2  16.5
20891 0     4.5   7.0   3.5  11.1   4.4   2.5   0.0   3.9   6.3   3.0   9.2   8.2   6.1   4.7   5.9
20891 1-3  35.7  45.4  39.5  27.8  30.4  34.6  20.0  37.2  35.2  30.3   7.6  34.6  37.7  33.8  37.2
20891 4-6  17.0  18.4  27.5   5.6  23.9  38.3  10.0  20.5  18.9   3.0   0.8   9.7  16.2  22.6  17.1
20891 >6    0.0   0.5   0.4   0.0   0.0   2.5   5.0   0.0   0.6   0.0   0.0   0.0   0.2   1.0   0.3
20982 0    16.7  28.0  28.6  50.0  27.8  21.1  29.0  35.9  20.7  35.4  17.9  45.1  31.5  27.8  28.9
20982 1-3  56.7  68.0  64.3  35.7  58.3  67.1  60.5  51.6  67.4  56.9  75.0  41.2  57.3  60.0  59.2
20982 4-6  13.3   4.0   7.1  14.3  13.9  11.8  10.5  12.5  10.9   7.7   7.1   9.8   8.5  11.8  10.9
20982 >6   13.3   0.0   0.0   0.0   0.0   0.0   0.0   0.0   1.1   0.0   0.0   3.9   2.8   0.4   1.1
21432 0    50.0  71.4   0.0  11.4   9.9   4.1   3.8   4.6   5.0  25.8  20.0 100.0  32.5   4.7   6.4
21432 1-3  37.5  21.4  62.5  25.7  42.9  28.4  36.3  29.5  29.5  51.5  40.0   0.0  44.7  32.6  33.3
21432 4-6   0.0   7.1  12.5   5.7  25.3  37.5  34.1  30.2  24.5   6.1   0.0   0.0   5.3  31.5  29.9
21432 >6    0.0   0.0   0.0   2.9   3.3  17.7  12.6  15.8  18.0   3.0   0.0   0.0   1.8  14.1  13.3
21802 0     0.0  42.9        14.6  18.2  25.7   0.0  20.9  21.2  46.0  33.3   0.0  37.7  19.6  22.6
21802 1-3   0.0   0.0        14.6  25.0  22.9  20.0  28.6  18.8  18.9  11.1  33.3  14.8  22.6  21.3
21802 4-6   0.0   0.0         2.4   0.0   5.7  30.0  11.0   0.0   2.7  11.1  33.3   4.9   5.2   5.2
21802 >6    0.0   0.0         0.0   0.0   5.7   0.0   2.2   0.0   0.0   0.0   0.0   0.0   1.3   1.1
21908 0    36.4  15.4   0.0   0.0  60.0  40.0  42.4  38.8  32.4  29.2   0.0  50.0  29.3  37.3  36.0
21908 1-3  63.6  61.5   0.0   0.0  40.0  60.0  30.3  36.4  43.1  37.5   0.0   0.0  41.4  38.3  38.8
21908 4-6   0.0   0.0   0.0   0.0   0.0   0.0   0.0   0.6   0.0   0.0   0.0   0.0   0.0   0.3   0.3
21908 >6    0.0   0.0   0.0   0.0   0.0   0.0   0.0   0.0   0.0   0.0   0.0   0.0   0.0   0.0   0.0
21921 0    50.0  47.5   0.0 100.0 100.0              25.0  22.2  44.4  32.1  58.2  49.6  31.0  48.1
21921 1-3  25.9  11.3   0.0   0.0   0.0              50.0  55.6  48.2   7.1  11.0  18.5  48.3  20.9
21921 4-6   0.0   0.0   0.0   0.0   0.0               0.0   0.0   3.7   0.0   2.2   0.9   0.0   0.8
21921 >6    0.0   0.0   0.0   0.0   0.0               0.0   0.0   0.0   0.0   0.0   0.0   0.0   0.0
21931 0     0.0   0.0   0.0  11.1  11.4   4.6   3.1  10.7  10.9  21.3  13.3   0.0  15.1   9.1   9.8
21931 1-3  20.0   0.0  42.9  33.3  41.3  26.9  28.9  38.4  34.7  41.3  66.7  75.0  40.3  35.2  35.8
21931 4-6   0.0   0.0   0.0   0.0   6.5  25.0  27.3  12.4   5.7   1.3   0.0   0.0   0.8  12.9  11.5
21931 >6    0.0   0.0   0.0   0.0   0.0   1.9   1.6   0.0   0.0   0.0   0.0   0.0   0.0   0.5   0.4
21946 0    18.0   9.7  27.5   8.1   2.7   1.9   2.2   1.6   6.6  10.2  12.1  28.9  14.5   3.5   6.0
21946 1-3  40.0  29.0  40.0  62.1  28.1   9.4  11.0  22.0  39.0  45.7  41.4   9.6  39.3  25.6  28.7
21946 4-6  12.0   0.0  15.0  14.9  34.9  41.4  37.9  31.0  20.0   3.3  17.2   1.9   7.4  31.0  25.6
21946 >6    0.0   0.0   0.0   0.0   3.6  15.5  15.9   6.1   1.9   0.0   1.0   0.0   0.2   7.2   5.6
21982 0    16.1  32.1  31.7  20.9   7.8   5.8   6.2   5.7   6.9   5.2   8.1  33.9  20.1   6.4   7.4
21982 1-3  39.3  43.4  38.3  31.3  41.7  43.1  39.9  36.7  37.8  28.1  46.0  44.6  38.3  39.1  39.1
21982 4-6  16.1   7.6   6.7   6.0  10.7  19.5  19.1  21.0  14.7  13.5  13.5   5.4  10.6  18.3  17.7
21982 >6    1.8   0.0   0.0   1.5   1.9   1.2   4.5   2.8   2.4   3.1   0.0   0.0   1.1   2.9   2.7
22113 0     8.2  29.1  13.5  23.1  11.1  21.4  20.9  18.9  13.9  14.6  22.7  19.2  17.8  17.4  17.7
22113 1-3  63.3  55.9  68.9  66.7  63.0  53.6  60.5  67.6  69.3  66.4  64.5  56.9  62.8  66.0  63.8
22113 4-6  25.2  15.0  16.9  10.3  22.2  17.9  16.3  11.7  16.8  18.3  11.6  23.3  18.2  15.1  17.3
22113 >6    3.4   0.0   0.7   0.0   3.7   7.1   2.3   1.8   0.0   0.7   1.2   0.7   1.1   1.6   1.3
22165 0     7.8   7.1   6.4   4.0   1.7   3.4   2.8   4.4   2.0   2.6   2.0   4.7   4.8   3.1   3.3
22165 1-3  22.1  22.4  29.1  25.5  25.0  23.0  24.4  24.5  21.0  15.3  26.0  12.5  21.6  23.9  23.6
22165 4-6  39.0  42.4  41.1  33.4  36.3  33.6  35.0  34.0  38.5  35.0  28.0  32.8  36.5  35.0  35.2
22165 >6   31.2  28.2  23.4  37.1  36.9  40.0  37.8  37.1  38.5  47.1  44.0  50.0  37.0  38.0  37.9
22217 0    48.7  58.6  32.4  31.6  14.3  27.5  26.3  30.5  33.9  41.0  46.4  49.1  44.8  28.8  34.8
22217 1-3  43.6  34.5  64.8  65.0  75.8  64.7  68.4  66.1  61.5  52.4  37.5  50.9  48.7  66.0  59.5
22217 4-6   5.1   5.2   2.8   3.4   9.9   7.8   5.3   3.4   4.6   6.7  16.1   0.0   6.0   5.3   5.5
22217 >6    2.6   1.7   0.0   0.0   0.0   0.0   0.0   0.0   0.0   0.0   0.0   0.0   0.5   0.0   0.2
22235 0    55.0  46.8  43.2  25.2  19.2  26.7  21.0  33.2  26.9  18.1  25.1  43.2  34.4  26.7  31.2
22235 1-3  45.0  47.7  56.8  71.0  77.8  73.3  79.0  66.8  69.8  76.8  67.2  53.5  61.3  71.2  65.4
22235 4-6   0.0   3.7   0.0   2.8   3.0   0.0   0.0   0.0   3.3   5.1   7.2   3.2   4.1   2.0   3.2
22235 >6    0.0   1.8   0.0   0.0   0.0   0.0   0.0   0.0   0.0   0.0   0.4   0.0   0.3   0.0   0.2
22471 0    61.0  41.9  49.4  30.2   9.1  21.1  12.3  23.0  30.9  29.1  50.9  48.4  46.6  22.6  37.5
22471 1-3  36.6  56.5  48.3  60.5  60.6  31.6  79.0  68.9  59.8  60.3  46.6  48.4  49.2  63.2  54.5
22471 4-6   2.4   1.6   2.3   9.3  27.3  47.4   8.8   8.1   9.3  10.6   2.5   3.2   4.3  13.8   7.9
22471 >6    0.0   0.0   0.0   0.0   3.0   0.0   0.0   0.0   0.0   0.0   0.0   0.0   0.0   0.5   0.2
22520 0     9.1  16.0  17.7  11.1   5.5   5.3   6.0  13.7   8.5  15.4   4.4  15.8  14.0   8.0  10.0
22520 1-3  87.9  80.0  72.9  77.8  65.6  67.1  49.3  66.3  75.6  69.2  71.1  76.3  75.4  64.9  68.4
22520 4-6   3.0   4.0   9.4  11.1  27.3  27.6  42.0  16.8  14.6  15.4  24.4   7.9  10.6  25.5  20.6
22520 >6    0.0   0.0   0.0   0.0   1.6   0.0   2.7   3.2   1.2   0.0   0.0   0.0   0.0   1.6   1.1
22550 0    37.6  36.6  33.1  25.8  27.1  23.0  29.7  28.6  25.8  21.1  29.4  32.9  30.4  26.7  28.5
22550 1-3  61.4  60.6  65.4  70.4  63.5  68.9  70.3  70.8  72.6  71.4  63.2  62.4  65.1  70.2  67.7
22550 4-6   1.0   2.8   1.5   2.5   8.2   8.2   0.0   0.6   1.6   7.4   6.6   4.7   4.4   2.8   3.6
22550 >6    0.0   0.0   0.0   1.3   1.2   0.0   0.0   0.0   0.0   0.0   0.7   0.0   0.1   0.4   0.3
22619 0    70.6  50.0  34.5  23.9  15.5  20.5  30.8  35.1  22.6  32.3  17.7  50.0  40.3  22.5  27.8
22619 1-3  23.5  50.0  65.5  70.2  76.2  66.7  61.5  62.2  75.5  58.1  64.7  43.8  53.2  71.0  65.7
22619 4-6   0.0   0.0   0.0   6.0   8.3  12.8   7.7   2.7   1.9   3.2  17.7   6.3   4.0   6.5   5.8
22619 >6    5.9   0.0   0.0   0.0   0.0   0.0   0.0   0.0   0.0   6.5   0.0   0.0   2.4   0.0   0.7
22641 0    73.5  54.9  71.8  55.3  32.5  38.9  66.7  56.6  51.5  39.5  53.8  67.4  60.6  51.1  56.7
22641 1-3  25.3  39.2  27.3  39.5  50.0  38.9  33.3  43.4  45.5  54.7  46.3  24.5  36.4  43.3  39.3
22641 4-6   1.2   5.9   0.9   5.3  17.5  16.7   0.0   0.0   3.0   5.8   0.0   8.2   3.1   5.3   4.0
22641 >6    0.0   0.0   0.0   0.0   0.0   5.6   0.0   0.0   0.0   0.0   0.0   0.0   0.0   0.3   0.1
22676 0    80.7  80.0  67.3  66.2  47.3  61.4  60.6  60.8  52.5  29.7  70.2  75.0  66.6  57.8  60.8
22676 1-3  16.5  20.0  32.7  32.4  50.9  38.6  39.4  38.3  46.6  67.6  23.4  23.1  31.0  41.4  37.9
22676 4-6   0.0   0.0   0.0   1.4   1.8   0.0   0.0   0.9   0.9   1.4   6.4   1.9   1.3   0.8   1.0
22676 >6    0.0   0.0   0.0   0.0   0.0   0.0   0.0   0.0   0.0   0.0   0.0   0.0   0.0   0.0   0.0
22768 0    68.9  85.7  47.5  26.5  42.6  44.0  56.3  48.5  38.3  30.4  34.4  58.3  45.2  41.2  42.8
22768 1-3  24.4  14.3  49.2  69.1  53.2  52.0  41.7  51.5  56.0  61.7  63.9  41.7  50.2  55.0  53.1
22768 4-6   4.4   0.0   3.4   4.4   4.3   4.0   2.1   0.0   5.7   7.8   1.6   0.0   4.3   3.8   4.0
22768 >6    0.0   0.0   0.0   0.0   0.0   0.0   0.0   0.0   0.0   0.0   0.0   0.0   0.0   0.0   0.0
22802 0    65.7  55.5  45.1  53.4  47.1  51.6  84.6  82.4  77.7  59.4  42.0  59.5  53.6  69.5  62.1
22802 1-3  29.8  39.8  48.4  45.2  49.6  43.3  14.5  17.2  21.0  37.9  39.7  39.2  40.1  28.9  34.2
22802 4-6   3.8   4.2   6.6   1.0   3.4   5.2   0.9   0.4   0.6   2.3  18.3   0.0   5.9   1.3   3.5
22802 >6    0.8   0.5   0.0   0.5   0.0   0.0   0.0   0.0   0.6   0.5   0.0   1.3   0.4   0.3   0.3
22820 0    23.3  18.8  13.8   7.6  11.6   9.8  30.0  34.8  14.0  23.6  37.8  31.3  23.0  15.0  18.1
22820 1-3  76.7  68.8  78.0  79.1  73.2  82.6  64.0  58.0  84.2  73.0  52.7  68.8  69.9  75.8  73.5
22820 4-6   0.0  12.5   8.3  12.7  15.2   7.6   6.0   7.3   1.8   3.4   9.5   0.0   7.1   9.1   8.3
22820 >6    0.0   0.0   0.0   0.6   0.0   0.0   0.0   0.0   0.0   0.0   0.0   0.0   0.0   0.2   0.1
22837 0    75.0  51.1  71.7  40.2  36.7  52.6  62.3  69.9  71.9  36.4  59.4  57.1  60.2  59.0  59.3
22837 1-3  25.0  46.8  28.3  52.9  58.3  40.4  36.2  30.1  28.2  57.6  40.6  37.1  37.9  38.4  38.2
22837 4-6   0.0   2.1   0.0   6.9   5.0   7.0   1.5   0.0   0.0   0.0   0.0   5.7   1.2   2.6   2.2
22837 >6    0.0   0.0   0.0   0.0   0.0   0.0   0.0   0.0   0.0   6.1   0.0   0.0   0.8   0.0   0.3
23022 0     8.3   6.8   1.5   3.3   2.6   1.4   1.7   3.7   2.2   3.7   4.8   0.0   3.9   2.3   2.5
23022 1-3  36.1  47.7  50.7  32.8  40.5  44.6  54.5  47.0  47.1  26.6  29.8  34.9  34.2  47.8  46.6
23022 4-6  38.9  29.6  26.1  33.6  33.2  36.4  34.5  33.7  35.4  50.0  46.4  48.8  43.0  34.7  35.4
23022 >6   16.7  13.6  20.3  30.3  22.2  15.3   9.2  12.3  14.1  19.3  19.1  16.3  18.4  13.5  13.9
23032 0    11.1  21.9  13.5   8.8   4.8   2.2   1.3   2.8   4.3   2.9   9.3  25.7   8.9   2.7   3.3
23032 1-3  33.3  53.1  54.1  36.7  38.9  34.4  37.0  41.9  40.2  27.8  35.1  42.9  36.0  38.2  38.0
23032 4-6  44.4  18.8  20.3  36.1  37.3  45.4  46.8  46.2  32.8  41.5  33.0  17.1  33.8  43.8  42.8
23032 >6   11.1   3.1  12.2  18.4  19.0  16.0  14.6   9.1  22.8  27.0  22.7  14.3  20.8  14.9  15.4
23058 0    28.6  25.0  20.6   9.9   6.5   5.3  10.0   8.0   8.1   5.7  11.6  32.4  11.9   7.2   8.5
23058 1-3  42.9  50.0  61.8  37.0  47.0  41.1  38.8  56.7  45.7  44.1  55.8  43.2  46.8  44.8  45.4
23058 4-6  19.1   8.3  14.7  33.3  31.6  39.9  43.8  29.3  41.0  42.3  25.6  18.9  33.6  36.9  36.0
23058 >6    9.5  16.7   0.0  16.1  12.1  11.2   7.5   4.0   4.3   7.2   7.0   5.4   7.1   9.0   8.5
23074 0    57.9  53.5  16.7  31.3  10.2  20.0  37.5  15.6  11.4  10.8  23.5  34.3  41.1  16.5  28.2
23074 1-3  38.2  34.9  66.7  43.8  50.9  55.4  50.0  77.8  75.0  67.6  76.5  62.9  50.5  61.2  56.1
23074 4-6   4.0   9.3  16.7  25.0  32.2  24.6  12.5   6.7  11.4  16.2   0.0   0.0   6.5  20.3  13.8
23074 >6    0.0   2.3   0.0   0.0   6.8   0.0   0.0   0.0   2.3   5.4   0.0   2.9   1.9   2.1   2.0
23205 0    46.8  47.4  29.8  21.7   7.7   4.9   9.2  17.8   8.7  12.8  33.7  42.0  33.5  12.0  22.0
23205 1-3  53.3  52.6  66.7  72.5  75.6  73.2  73.7  76.7  87.4  81.4  62.8  58.0  64.0  77.5  71.2
23205 4-6   0.0   0.0   3.5   5.8  16.7  22.0  17.1   5.6   3.9   4.7   3.5   0.0   2.3  10.5   6.7
23205 >6    0.0   0.0   0.0   0.0   0.0   0.0   0.0   0.0   0.0   1.2   0.0   0.0   0.3   0.0   0.1
23242 0    30.8  11.1  28.3  23.8  12.8   7.3  20.1  17.0  10.7  16.7  22.2  15.0  19.9  13.2  15.2
23242 1-3  33.9  55.6  54.7  38.1  50.4  51.4  42.8  42.2  49.3  34.2  50.0  38.3  39.4  47.4  45.1
23242 4-6  23.1   5.6  11.3  27.6  30.1  31.3  25.8  34.7  32.6  36.0  18.1  15.0  26.3  30.6  29.3
23242 >6   10.8  27.8   3.8  10.5   6.2  10.0  11.3   6.1   7.4  13.1   9.7  31.7  14.0   8.7  10.3
23256 0    21.9  32.4  14.1  17.2   7.2  11.4   6.7  11.9  16.1  11.2  13.8  15.7  14.6  12.1  13.1
23256 1-3  25.0  48.7  59.4  53.1  44.6  41.4  53.3  64.3  51.2  47.8  62.1  47.1  50.2  48.7  49.3
23256 4-6  25.0  13.5  20.3  25.8  37.4  34.6  36.7  19.1  24.4  29.1  16.1  25.5  24.1  30.3  27.9
23256 >6   28.1   5.4   6.3   3.9  10.8  12.7   3.3   4.8   8.3   7.6   8.1  11.8   9.0   8.9   8.9
23274 0    59.8  58.8  73.3  48.3  11.8  24.4  38.9  28.6  33.3   8.1  47.4  57.1  57.0  30.1  52.1
23274 1-3  39.7  41.2  26.7  51.7  73.5  57.8  55.6  70.2  61.5  48.7  51.8  42.6  41.5  63.4  45.5
23274 4-6   0.6   0.0   0.0   0.0  14.7  17.8   5.6   1.2   5.2  40.5   0.9   0.4   1.5   6.5   2.4
23274 >6    0.0   0.0   0.0   0.0   0.0   0.0   0.0   0.0   0.0   2.7   0.0   0.0   0.1   0.0   0.1
23324 0    34.2  54.3  17.3  20.7  10.7  27.3  17.5  13.8   8.1  17.1  24.2  45.2  27.4  14.1  19.5
23324 1-3  63.4  45.7  78.9  69.0  71.4  61.4  71.9  77.3  79.4  70.3  66.3  50.0  65.2  74.2  70.5
23324 4-6   2.4   0.0   3.9   5.2  15.5  11.4  10.5   9.0  12.5  11.7   6.3   4.8   6.4  10.8   9.0
23324 >6    0.0   0.0   0.0   5.2   2.4   0.0   0.0   0.0   0.0   0.9   3.2   0.0   1.1   0.9   1.0
23330 0    51.5  46.3  51.1  26.3  27.3  22.5  51.4  52.9  35.9  22.1  51.3  49.0  38.6  36.8  37.8
23330 1-3  47.0  53.7  44.7  57.9  67.3  57.1  45.7  46.0  57.3  54.8  47.5  49.0  50.8  55.2  52.8
23330 4-6   1.5   0.0   0.0  14.0   5.5  20.4   2.9   1.2   5.8   8.5   1.3   0.0   3.9   7.5   5.5
23330 >6    0.0   0.0   2.1   1.8   0.0   0.0   0.0   0.0   1.0   0.0   0.0   2.0   0.4   0.5   0.5
23383 0    83.3        66.7   0.0  45.5  75.6  85.1  80.4  80.7  47.6              56.7  79.9  78.5
23383 1-3   0.0         0.0   0.0  36.4  22.2  14.2  18.8  14.8  38.1              26.7  17.6  18.2
23383 4-6  16.7         0.0  50.0   9.1   2.2   0.7   0.7   4.6   9.5              10.0   2.1   2.6
23383 >6    0.0        33.3  50.0   9.1   0.0   0.0   0.0   0.0   4.8               6.7   0.4   0.8
23405 0    31.5  16.2  17.1  15.7   7.4  15.6   8.3  11.6  14.6  17.1  15.9  44.1  23.9  12.7  18.7
23405 1-3  60.5  75.7  77.1  68.6  66.7  62.5  72.9  72.3  72.4  67.9  66.4  54.8  65.2  70.8  67.7
23405 4-6   7.3   5.4   2.9  13.7  22.2  21.9  18.8  15.2  13.0  14.4  16.8   1.2  10.1  15.8  12.7
23405 >6    0.8   2.7   2.9   2.0   3.7   0.0   0.0   0.9   0.0   0.5   0.9   0.0   0.9   0.8   0.9
23445 0    12.5   0.0  18.2  14.3   7.4  17.1  36.0  36.1  23.7  11.5  45.2  43.5  23.0  22.2  22.5
23445 1-3  62.5  60.0  72.7  62.9  83.8  71.4  64.0  61.1  65.8  68.8  47.6  34.8  60.2  68.8  65.5
23445 4-6  12.5  40.0   4.6  14.3   8.8   8.6   0.0   2.8  10.5  16.7   2.4   4.4  11.2   7.7   9.1
23445 >6   12.5   0.0   0.0   8.6   0.0   2.9   0.0   0.0   0.0   3.1   2.4  17.4   4.6   1.3   2.6
23463 0                66.7  57.1  72.2  57.1  91.0  83.9  75.0  61.5  57.1 100.0  63.6  80.5  79.3
23463 1-3              33.3  42.9  25.0  42.9   9.0  16.1  25.0  38.5  14.3   0.0  31.8  19.3  20.2
23463 4-6               0.0   0.0   2.8   0.0   0.0   0.0   0.0   0.0  28.6   0.0   4.6   0.2   0.5
23463 >6                0.0   0.0   0.0   0.0   0.0   0.0   0.0   0.0   0.0   0.0   0.0   0.0   0.0
23472 0    33.3  68.0  33.3  25.0  10.0  18.2  33.3  20.8  20.7   4.1  20.0  37.9  23.3  19.1  20.5
23472 1-3  63.3  24.0  66.7  50.0  82.5  75.0  66.7  75.2  76.7  74.2  66.7  58.6  63.4  76.1  71.8
23472 4-6   3.3   4.0   0.0  12.5   7.5   6.8   0.0   4.0   2.6  20.6  13.3   0.0  11.9   4.5   7.0
23472 >6    0.0   4.0   0.0  12.5   0.0   0.0   0.0   0.0   0.0   1.0   0.0   3.5   1.5   0.3   0.7
23552 0     0.0  30.8  18.2   9.1   0.0  25.0  50.0  29.6  36.4  21.6   8.3   0.0  17.2  23.2  20.8
23552 1-3 100.0  69.2  81.8  90.9  96.6  75.0  50.0  70.5  63.6  73.0  91.7 100.0  80.5  76.0  77.8
23552 4-6   0.0   0.0   0.0   0.0   3.5   0.0   0.0   0.0   0.0   5.4   0.0   0.0   2.3   0.8   1.4
23552 >6    0.0   0.0   0.0   0.0   0.0   0.0   0.0   0.0   0.0   0.0   0.0   0.0   0.0   0.0   0.0
23631 0    25.4  24.4  18.8  18.0  27.3  29.4  28.0  28.1  15.6  19.1  28.6  41.0  25.9  22.2  24.6
23631 1-3  61.4  57.1  75.0  70.0  56.8  58.8  68.0  62.9  68.9  68.0  60.7  53.0  61.5  65.4  62.8
23631 4-6   9.7  18.6   6.3  12.0  15.9  11.8   4.0   9.0  14.8  10.1   7.1   2.0  10.2  12.1  10.9
23631 >6    3.5   0.0   0.0   0.0   0.0   0.0   0.0   0.0   0.8   1.1   3.6   4.0   2.0   0.3   1.4
23662 0    75.0  83.3  66.7  33.3  34.8  33.3  45.7  61.3  44.4  22.0  60.0 100.0  35.8  48.7  45.4
23662 1-3   0.0  16.7   0.0  66.7  52.2  66.7  50.0  37.8  54.6  70.7  20.0   0.0  55.1  49.1  50.6
23662 4-6   0.0   0.0   0.0   0.0  13.0   0.0   4.4   0.9   0.9   2.4  20.0   0.0   2.8   2.2   2.3
23662 >6   25.0   0.0  16.7   0.0   0.0   0.0   0.0   0.0   0.0   0.0   0.0   0.0   1.8   0.0   0.5
23678 0    63.9  16.7 100.0  57.1  28.9  25.7  40.8  30.9  22.6  16.2  33.3  45.8  40.0  30.1  32.6
23678 1-3  30.6  83.3   0.0  42.9  68.9  74.3  59.2  69.1  77.5  81.1  66.7  54.2  57.3  69.6  66.5
23678 4-6   5.6   0.0   0.0   0.0   0.0   0.0   0.0   0.0   0.0   2.7   0.0   0.0   2.7   0.0   0.7
23678 >6    0.0   0.0   0.0   0.0   2.2   0.0   0.0   0.0   0.0   0.0   0.0   0.0   0.0   0.3   0.2
23711 0    69.8  60.9  25.0  24.1  35.4  42.9  50.0  32.2  40.6  25.6  13.7  45.8  36.1  36.5  36.3
23711 1-3  28.6  39.1  75.0  72.2  53.9  53.6  50.0  64.4  57.0  61.3  72.6  54.2  55.9  59.7  57.8
23711 4-6   1.6   0.0   0.0   3.8  10.8   3.6   0.0   3.5   2.3  13.1  11.8   0.0   7.8   3.9   5.8
23711 >6    0.0   0.0   0.0   0.0   0.0   0.0   0.0   0.0   0.0   0.0   2.0   0.0   0.2   0.0   0.1
23724 0    50.0  40.0  60.0  50.0  35.9  51.2  63.6  61.4  45.5  60.0  61.9 100.0  60.8  52.2  53.5
23724 1-3  50.0  60.0  40.0  50.0  62.5  46.3  35.4  38.6  54.5  40.0  38.1   0.0  39.2  47.3  46.1
23724 4-6   0.0   0.0   0.0   0.0   1.6   2.4   1.0   0.0   0.0   0.0   0.0   0.0   0.0   0.5   0.5
23724 >6    0.0   0.0   0.0   0.0   0.0   0.0   0.0   0.0   0.0   0.0   0.0   0.0   0.0   0.0   0.0
23734 0    72.4  90.3  62.9  48.2  43.3  64.0  50.0  50.4  55.2  40.8  50.3  80.2  54.2  51.5  53.1
23734 1-3  25.0   6.5  28.6  48.2  52.2  28.0  36.4  48.2  43.3  52.2  46.2  19.8  40.9  45.5  42.9
23734 4-6   1.3   0.0   8.6   3.5   4.5   8.0  13.6   1.4   1.0   5.0   2.8   0.0   3.5   2.8   3.2
23734 >6    0.0   3.2   0.0   0.0   0.0   0.0   0.0   0.0   0.5   1.2   0.7   0.0   0.8   0.2   0.6
23867 0    90.0  80.0  90.9  33.3  33.3  52.4  75.5  66.0  68.3  34.0  85.7 100.0  63.6  64.9  64.7
23867 1-3  10.0  20.0   9.1  53.3  61.1  38.1  24.5  33.5  31.1  47.2  14.3   0.0  28.0  33.6  32.6
23867 4-6   0.0   0.0   0.0  13.3   5.6   9.5   0.0   0.5   0.6   9.4   0.0   0.0   4.2   1.5   2.0
23867 >6    0.0   0.0   0.0   0.0   0.0   0.0   0.0   0.0   0.0   0.0   0.0   0.0   0.0   0.0   0.0
23884 0    90.5  82.4  75.0  37.5  79.5  73.3  74.5  75.1  77.7  47.8  60.0  88.2  73.9  75.4  75.2
23884 1-3   9.5   5.9  25.0  62.5  20.5  26.7  25.5  24.9  22.3  52.2  20.0  11.8  21.7  24.6  24.4
23884 4-6   0.0   5.9   0.0   0.0   0.0   0.0   0.0   0.0   0.0   0.0  10.0   0.0   2.2   0.0   0.2
23884 >6    0.0   5.9   0.0   0.0   0.0   0.0   0.0   0.0   0.0   0.0   0.0   0.0   1.1   0.0   0.1
23891 0    96.6  97.3  65.0  61.5  62.4  65.3  69.6  74.1  74.7  69.2 100.0  94.5  92.0  72.0  77.9
23891 1-3   3.4   2.7  35.0  36.5  36.6  34.4  30.1  25.8  25.1  30.8   0.0   5.6   8.0  27.8  21.9
23891 4-6   0.0   0.0   0.0   1.9   1.0   0.3   0.3   0.2   0.2   0.0   0.0   0.0   0.0   0.3   0.2
23891 >6    0.0   0.0   0.0   0.0   0.0   0.0   0.0   0.0   0.0   0.0   0.0   0.0   0.0   0.0   0.0
23914 0     4.2  10.3  29.1  21.8  17.8  13.0  21.2  26.5  18.4  16.5  11.9  20.9  16.4  20.3  18.6
23914 1-3  50.0  69.0  54.6  64.0  65.4  75.4  68.2  66.9  74.2  67.4  53.4  61.2  62.7  68.9  66.2
23914 4-6  29.2  17.2  14.6  10.0  16.8  10.1   1.5   4.4   5.6  14.4  21.2  14.9  16.3   8.0  11.6
23914 >6    8.3   3.5   0.0   0.0   0.0   1.5   0.0   0.0   0.8   0.5   2.5   1.5   1.3   0.3   0.8
23921 0    87.7  81.4  89.3  75.3  70.6  75.9  71.1  76.1  74.5  76.1  69.8  80.2  79.4  74.3  76.8
23921 1-3  12.3  17.4  10.7  24.7  29.4  24.1  28.9  23.2  25.0  22.7  30.2  15.1  19.2  25.4  22.4
23921 4-6   0.0   0.0   0.0   0.0   0.0   0.0   0.0   0.7   0.5   1.1   0.0   2.8   0.9   0.3   0.6
23921 >6    0.0   1.2   0.0   0.0   0.0   0.0   0.0   0.0   0.0   0.0   0.0   1.9   0.5   0.0   0.3
23933 0    16.1  27.8  38.5  14.6  24.0  25.0  41.7  32.2  26.1   9.1  16.3  37.3  18.2  26.0  21.2
23933 1-3  70.4  69.4  61.5  76.4  72.0  60.0  58.3  65.6  71.6  75.3  76.3  61.3  71.6  69.5  70.8
23933 4-6  13.6   2.8   0.0   7.3   4.0  15.0   0.0   2.2   2.3  13.2   7.5   1.3   9.3   4.1   7.3
23933 >6    0.0   0.0   0.0   1.8   0.0   0.0   0.0   0.0   0.0   0.9   0.0   0.0   0.4   0.3   0.4
23955 0    53.3  33.3  36.4  34.5  17.7  16.7  27.6  22.4  16.7  29.3  18.2  35.6  37.0  21.8  29.8
23955 1-3  44.0  61.9  59.1  58.6  67.7  83.3  69.0  75.0  79.2  62.7  77.3  64.4  58.7  73.0  65.5
23955 4-6   2.7   2.4   4.6   6.9  14.7   0.0   3.5   2.6   4.2   6.7   4.6   0.0   3.6   5.2   4.3
23955 >6    0.0   2.4   0.0   0.0   0.0   0.0   0.0   0.0   0.0   1.3   0.0   0.0   0.7   0.0   0.4
23966 0   100.0 100.0 100.0 100.0  73.3  93.1  97.2  91.6  82.7  85.7 100.0 100.0  90.9  90.6  90.6
23966 1-3   0.0   0.0   0.0   0.0  26.7   6.9   2.8   8.4  17.3   9.5   0.0   0.0   6.1   9.5   9.1
23966 4-6   0.0   0.0   0.0   0.0   0.0   0.0   0.0   0.0   0.0   0.0   0.0   0.0   0.0   0.0   0.0
23966 >6    0.0   0.0   0.0   0.0   0.0   0.0   0.0   0.0   0.0   0.0   0.0   0.0   0.0   0.0   0.0
23986 0    91.8 100.0  50.0  38.5  29.7  41.1  46.7  53.4  47.4  33.3  75.0  87.0  80.0  46.3  59.0
23986 1-3   8.2   0.0  50.0  53.9  59.4  40.0  44.2  35.2  45.8  42.9  18.2   8.7  14.3  43.1  32.3
23986 4-6   0.0   0.0   0.0   0.0  10.9  17.8   8.3  11.4   6.3  23.8   6.8   1.7   4.9  10.0   8.1
23986 >6    0.0   0.0   0.0   0.0   0.0   1.1   0.8   0.0   0.5   0.0   0.0   2.6   0.7   0.5   0.6
24125 0         100.0   0.0   0.0   0.0  19.1  12.5  26.3  21.5  31.3 100.0  72.7  50.9  21.4  26.6
24125 1-3         0.0   0.0  25.0  28.6  52.4  58.3  38.4  45.2  50.0   0.0  18.2  34.0  43.6  41.9
24125 4-6         0.0   0.0   0.0  14.3   4.8   8.3   1.0   8.6   9.4   0.0   0.0   5.7   5.2   5.3
24125 >6          0.0   0.0   0.0   0.0   0.0   0.0   0.0   1.1   0.0   0.0   0.0   0.0   0.4   0.3
24136 0     0.0   0.0        33.3  12.5  40.0  41.7  43.8  42.4  33.3 100.0   0.0  38.5  42.4  42.2
24136 1-3   0.0   0.0        33.3  50.0  50.0  35.4  32.0  43.7  26.7   0.0   0.0  15.4  36.8  35.7
24136 4-6   0.0   0.0         0.0   0.0   0.0   2.1   0.8   0.6   0.0   0.0   0.0   0.0   0.8   0.8
24136 >6    0.0   0.0         0.0   0.0   0.0   0.0   0.0   0.0   0.0   0.0   0.0   0.0   0.0   0.0
24143 0     0.0  16.7  33.3   0.0  11.1  31.3   0.0  22.0  13.5   8.3 100.0   0.0  11.1  16.3  15.1
24143 1-3   0.0   0.0   0.0   7.7  66.7  31.3  80.0  47.6  49.2  60.0   0.0   0.0  44.4  46.6  46.1
24143 4-6   0.0   0.0   0.0   0.0   0.0   0.0   0.0   4.9   2.4   3.3   0.0   0.0   2.5   2.8   2.7
24143 >6    0.0   0.0   0.0   0.0   0.0   0.0   0.0   0.0   0.0   1.7   0.0   0.0   1.2   0.0   0.3
24266 0    50.9  50.0  40.0   0.0  60.0  18.2  47.1  43.8  47.4  29.6  50.0  70.0  46.9  44.7  45.2
24266 1-3  13.2  10.0  40.0  25.0   0.0  36.4  32.4  33.6  34.9  35.2  50.0  13.3  23.2  33.8  31.3
24266 4-6   0.0   0.0   0.0   0.0   0.0   0.0   0.0   0.0   1.5   0.0   0.0   0.0   0.0   0.7   0.5
24266 >6    0.0   0.0   0.0   0.0   0.0   0.0   0.0   0.0   0.0   0.0   0.0   0.0   0.0   0.0   0.0
24329 0                     100.0  72.7  72.2  71.6  71.9  71.2  14.3 100.0        45.5  71.9  71.2
24329 1-3                     0.0   9.1  16.7  17.9  16.7  15.4  14.3   0.0         9.1  16.5  16.3
24329 4-6                     0.0   0.0   0.0   0.0   0.0   0.0   0.0   0.0         0.0   0.0   0.0
24329 >6                      0.0   0.0   0.0   0.0   0.0   0.0   0.0   0.0         0.0   0.0   0.0
24343 0    29.0   9.5   0.0  23.1  11.9   5.6  26.7  16.8  23.3  18.9  17.7  29.2  20.2  19.3  19.6
24343 1-3  22.6  33.3  25.0  26.9  47.6  55.6  63.3  46.3  56.0  42.3  17.7  33.3  35.1  50.5  44.5
24343 4-6   0.0   0.0   0.0   3.9  14.3   5.6   3.3   4.2   5.2   1.8   0.0   0.0   1.0   5.8   3.9
24343 >6    0.0   0.0   0.0   0.0   0.0   0.0   0.0   2.1   0.9   0.0   0.0   0.0   0.0   0.9   0.6
24382 0    78.1  63.8  45.0        37.5  33.3  71.4  61.8  46.0  57.6  36.0  78.0  71.8  53.9  70.3
24382 1-3   1.9   0.0   2.5        37.5  33.3  14.3   7.4   6.8   6.1   3.7   0.8   1.5   9.6   2.2
24382 4-6   0.0   0.0   0.0         0.0   0.0   0.0   0.0   0.0   0.0   0.0   0.0   0.0   0.0   0.0
24382 >6    0.0   0.0   0.0         0.0   0.0   0.0   0.0   0.0   0.0   0.0   0.0   0.0   0.0   0.0
24507 0    66.3  70.1  64.8  54.6  40.5  35.7  41.9  39.4  40.4  57.0  68.0  67.4  67.4  39.9  61.4
24507 1-3  33.2  29.7  34.5  27.3  59.5  62.4  57.3  59.5  58.9  40.7  31.1  31.3  31.8  59.0  37.8
24507 4-6   0.6   0.2   0.7  18.2   0.0   1.9   0.8   1.2   0.7   2.3   0.9   1.3   0.7   1.1   0.8
24507 >6    0.0   0.0   0.0   0.0   0.0   0.0   0.0   0.0   0.0   0.0   0.0   0.1   0.0   0.0   0.0
24606 0    95.1  92.5  60.0  33.3  73.3  92.5  91.5  82.6  83.8  78.3  92.9  98.5  93.1  85.0  86.5
24606 1-3   4.9   7.5  20.0  66.7  26.7   7.5   8.5  17.0  16.2  17.4   7.1   1.5   6.1  14.8  13.2
24606 4-6   0.0   0.0  20.0   0.0   0.0   0.0   0.0   0.4   0.0   0.0   0.0   0.0   0.4   0.2   0.2
24606 >6    0.0   0.0   0.0   0.0   0.0   0.0   0.0   0.0   0.0   4.4   0.0   0.0   0.4   0.0   0.1
24641 0    63.3  82.8 100.0        25.0        50.0  46.3  42.9  52.9  46.8  54.5  61.9  43.2  58.9
24641 1-3  36.7  17.2   0.0        75.0        50.0  53.7  52.4  47.1  46.8  44.6  37.0  55.4  40.0
24641 4-6   0.0   0.0   0.0         0.0         0.0   0.0   4.8   0.0   6.4   1.0   1.1   1.4   1.1
24641 >6    0.0   0.0   0.0         0.0         0.0   0.0   0.0   0.0   0.0   0.0   0.0   0.0   0.0
24661 0    98.3  94.1 100.0  50.0  83.3  85.7  75.0  92.3  82.4  81.8 100.0  89.3  93.5  83.6  90.5
24661 1-3   1.7   5.9   0.0   0.0  16.7   0.0  17.9   7.7  17.7   9.1   0.0  10.7   6.1  12.9   8.2
24661 4-6   0.0   0.0   0.0  50.0   0.0   0.0   3.6   0.0   0.0   0.0   0.0   0.0   0.0   1.7   0.5
24661 >6    0.0   0.0   0.0   0.0   0.0   0.0   0.0   0.0   0.0   9.1   0.0   0.0   0.4   0.0   0.3
24671 0    22.9   0.0   0.0  25.0  36.8  60.6  57.6  45.1  47.2  52.6   3.9  13.7  17.5  49.2  44.9
24671 1-3  62.5  95.2   0.0  25.0  63.2  38.5  42.4  53.6  51.9  42.1  96.2  84.3  75.9  49.7  53.3
24671 4-6  12.5   0.0   0.0  25.0   0.0   0.9   0.0   1.3   0.9   5.3   0.0   0.0   4.2   1.0   1.4
24671 >6    0.0   4.8 100.0  25.0   0.0   0.0   0.0   0.0   0.0   0.0   0.0   0.0   1.2   0.1   0.3
24688 0    97.7 100.0        71.4  66.7  61.4  73.6  66.9  71.2  75.0  88.9  96.8  92.6  68.9  74.6
24688 1-3   2.3   0.0        28.6  33.3  38.6  26.4  33.1  28.9  25.0  11.1   3.2   7.4  31.1  25.5
24688 4-6   0.0   0.0         0.0   0.0   0.0   0.0   0.0   0.0   0.0   0.0   0.0   0.0   0.0   0.0
24688 >6    0.0   0.0         0.0   0.0   0.0   0.0   0.0   0.0   0.0   0.0   0.0   0.0   0.0   0.0
24713 0    98.4 100.0  50.0  78.6  65.0  72.2  89.1  90.5  84.2  76.9  93.3  98.0  94.4  86.8  87.6
24713 1-3   0.0   0.0   0.0   0.0  25.0  14.3   7.5   7.5   9.7   0.0   0.0   0.0   0.0   8.7   7.8
24713 4-6   1.6   0.0  50.0   0.0   0.0   0.0   0.0   0.2   0.0   0.0   6.7   0.0   1.7   0.1   0.2
24713 >6    0.0   0.0   0.0   0.0   0.0   0.0   0.0   0.0   0.0   0.0   0.0   2.0   0.6   0.0   0.1
24738 0    55.8  72.9  65.2  37.5  37.5  53.9  73.3  62.1  62.7  80.0  63.6  52.9  58.8  61.9  59.3
24738 1-3  44.1  26.4  28.3  62.5  62.5  46.2  22.2  36.7  37.3  20.0  36.5  46.4  40.6  36.9  40.0
24738 4-6   0.1   0.7   6.5   0.0   0.0   0.0   0.0   0.6   0.0   0.0   0.0   0.8   0.6   0.3   0.5
24738 >6    0.0   0.0   0.0   0.0   0.0   0.0   0.0   0.0   0.0   0.0   0.0   0.0   0.0   0.0   0.0
24790 0    82.4  70.8  51.0  50.0  57.1  51.4  51.0  54.8  63.4  64.3  71.2  78.5  78.2  56.1  75.7
24790 1-3  17.5  29.2  49.0  50.0  42.9  46.0  46.9  43.0  32.4  35.7  28.8  21.5  21.8  41.1  24.0
24790 4-6   0.1   0.0   0.0   0.0   0.0   2.7   2.1   2.3   4.2   0.0   0.0   0.0   0.0   2.7   0.3
24790 >6    0.0   0.0   0.0   0.0   0.0   0.0   0.0   0.0   0.0   0.0   0.0   0.0   0.0   0.0   0.0
24817 0    88.6  87.2  63.6 100.0  60.0  77.8  70.4  77.2  79.7  73.9  87.3  90.2  88.1  76.5  84.4
24817 1-3  11.2  12.8  31.8   0.0  40.0  22.2  29.6  22.9  20.3  26.1  12.7   9.8  11.8  23.5  15.5
24817 4-6   0.2   0.0   4.6   0.0   0.0   0.0   0.0   0.0   0.0   0.0   0.0   0.0   0.2   0.0   0.1
24817 >6    0.0   0.0   0.0   0.0   0.0   0.0   0.0   0.0   0.0   0.0   0.0   0.0   0.0   0.0   0.0
24908 0    86.2  90.4 100.0  90.0  43.8  60.0  64.8  60.7  63.6  80.0  77.8  91.3  87.6  61.9  70.6
24908 1-3  13.8   5.5   0.0  10.0  56.3  40.0  35.2  39.4  36.4  20.0  22.2   8.7  11.9  38.1  29.2
24908 4-6   0.0   4.1   0.0   0.0   0.0   0.0   0.0   0.0   0.0   0.0   0.0   0.0   0.5   0.0   0.2
24908 >6    0.0   0.0   0.0   0.0   0.0   0.0   0.0   0.0   0.0   0.0   0.0   0.0   0.0   0.0   0.0
24959 0    60.9  62.7  73.7  62.5  50.0  60.0  42.1  40.5  43.6  43.8  54.8  55.8  59.0  44.5  58.8
24959 1-3  39.2  37.3  26.3  37.5  50.0  40.0  57.9  59.5  56.4  50.0  45.2  44.2  40.9  55.5  41.2
24959 4-6   0.0   0.1   0.0   0.0   0.0   0.0   0.0   0.0   0.0   6.3   0.0   0.1   0.1   0.0   0.1
24959 >6    0.0   0.0   0.0   0.0   0.0   0.0   0.0   0.0   0.0   0.0   0.0   0.0   0.0   0.0   0.0
24966 0    80.6  66.7 100.0  55.0  23.8  33.9  50.5  42.4  42.8  40.0  88.0  84.0  77.1  42.8  55.3
24966 1-3  19.4  28.6   0.0  45.0  71.4  66.1  48.5  57.6  56.7  60.0  12.0  16.0  22.6  56.7  44.3
24966 4-6   0.0   4.8   0.0   0.0   4.8   0.0   1.0   0.0   0.5   0.0   0.0   0.0   0.3   0.5   0.4
24966 >6    0.0   0.0   0.0   0.0   0.0   0.0   0.0   0.0   0.0   0.0   0.0   0.0   0.0   0.0   0.0
24967 0   100.0              77.8  82.7  87.2  83.4  86.7  85.5  89.3 100.0        90.9  85.5  85.6
24967 1-3   0.0              22.2  17.3  11.9  15.4  13.4  14.2  10.7   0.0         9.1  14.0  13.9
24967 4-6   0.0               0.0   0.0   0.9   1.0   0.0   0.0   0.0   0.0         0.0   0.4   0.4
24967 >6    0.0               0.0   0.0   0.0   0.0   0.0   0.0   0.0   0.0         0.0   0.0   0.0
25062 0    17.3   8.1   2.4   5.7   3.7   2.8   2.1   2.4   4.1  12.9   7.8   9.1  10.4   2.8   3.2
25062 1-3  42.3  21.6  48.8  34.7  27.7  22.0  23.6  23.8  21.6  28.2  39.0  40.9  35.5  23.6  24.2
25062 4-6   1.9  13.5  14.6  21.0  24.7  24.1  23.2  22.8  24.2  25.8  22.1  13.6  17.9  23.5  23.2
25062 >6    3.9  10.8   2.4   4.0  12.8  26.6  23.8  20.8  23.7  19.4   7.8   2.3  10.1  22.2  21.5
25138 0    62.5   0.0        50.0   0.0  10.0  35.5  40.4  41.2  52.9  50.0 100.0  56.3  39.1  41.3
25138 1-3  12.5   0.0        50.0   0.0  70.0  48.4  31.1  34.2  47.1  38.9   0.0  33.3  35.0  34.8
25138 4-6   0.0   0.0         0.0 100.0  10.0   6.5   8.1   4.4   0.0   5.6   0.0   2.1   7.2   6.5
25138 >6    0.0   0.0         0.0   0.0   0.0   3.2   0.6   0.0   0.0   0.0   0.0   0.0   0.6   0.5
25173 0    14.4   8.9  11.9   9.7   5.8   2.1   1.5   2.4   5.8  10.6  18.8  24.7  15.2   3.0   4.3
25173 1-3  15.4  16.5  16.8  27.4  37.7  36.8  35.8  32.7  34.8  31.8  32.3  17.2  21.2  35.1  33.6
25173 4-6   6.7  11.4  15.8  10.6  16.3  28.6  29.9  28.1  23.5   9.1  13.5   7.5  10.8  26.4  24.8
25173 >6    2.9   3.8   5.9   3.5   3.9   4.0   4.5   5.5   6.6   0.0   3.1   0.0   2.8   4.9   4.6
25206 0    20.7  41.1  24.3   0.0   0.0  11.1   8.3  20.2  12.8  20.0  36.4  47.9  34.8  14.6  28.5
25206 1-3  11.0  11.0   8.1  33.3  40.0  88.9  33.3  40.4  30.1  40.0   9.1  10.8  13.5  36.4  20.6
25206 4-6   0.0   0.0   0.0   0.0   0.0   0.0   0.0   0.0   0.8   0.0   0.0   0.0   0.0   0.4   0.1
25206 >6    0.0   0.0   0.0   0.0   0.0   0.0   0.0   0.0   0.0   0.0   0.0   0.0   0.0   0.0   0.0
25248 0    31.7  50.0   0.0  28.6   0.0 100.0  25.0  69.2  50.0  55.3  39.7  58.0  49.9  56.3  51.8
25248 1-3   7.3   0.0   0.0  14.3   0.0   0.0  31.3   7.7  17.9   5.3   4.1   3.7   3.7  13.8   6.7
25248 4-6   0.0   0.0   0.0   0.0   0.0   0.0   6.3   0.0   0.0   0.0   0.0   0.0   0.0   0.6   0.2
25248 >6    0.0   0.0   0.0   0.0   0.0   0.0   0.0   0.0   0.0   0.0   0.0   0.0   0.0   0.0   0.0
25282 0    15.1   8.5  29.0  15.9   7.1   3.5   2.8   3.2   1.5   1.3  12.5  12.5  11.0   3.4   3.9
25282 1-3  49.1  37.3  45.2  37.8  44.1  39.8  32.4  30.3  27.7  35.4  37.5  65.6  42.6  33.6  34.2
25282 4-6  17.0   6.8   3.2   9.8  18.1  33.1  31.0  31.5  32.1  25.3  16.1   3.1  14.2  30.3  29.3
25282 >6    3.8   0.0   0.0   2.4   4.7   6.7  14.0  14.1  14.9   1.3   7.1   0.0   2.3  11.8  11.2
25325 0     0.0             100.0 100.0  33.3  58.5  38.7  51.6  28.6   0.0        16.7  48.4  46.5
25325 1-3   0.0               0.0   0.0  66.7   7.3  38.7  35.9  57.1   0.0        33.3  30.7  30.8
25325 4-6   0.0               0.0   0.0   0.0   0.0   0.0   0.0   0.0   0.0         0.0   0.0   0.0
25325 >6    0.0               0.0   0.0   0.0   0.0   0.0   0.0   0.0   0.0         0.0   0.0   0.0
25356 0    38.9  57.7  76.5  76.5  42.2  75.0  56.3  64.8  40.5  51.2  66.7  55.6  56.9  57.1  57.0
25356 1-3  16.7   3.9  17.7  17.7   8.9  12.5   3.1  19.4   8.1   7.0  16.7   0.0   9.6  13.4  12.0
25356 4-6   0.0   0.0   0.0   0.0   0.0   0.0   0.0   0.9   0.0   0.0   0.0   0.0   0.0   0.4   0.3
25356 >6    0.0   0.0   0.0   0.0   0.0   0.0   0.0   0.0   0.0   0.0   0.0   0.0   0.0   0.0   0.0
25378 0    70.0  64.0  53.9  37.0  31.3  26.1  23.4  33.3  40.7  34.6  67.6  56.0  60.8  28.8  33.7
25378 1-3  23.3  32.0  38.5  59.3  42.8  50.5  41.4  38.4  46.5  57.7  29.7  40.0  33.9  45.6  43.8
25378 4-6   3.3   4.0   0.0   3.7  24.1  21.8  33.0  20.3  11.6   3.9   0.0   4.0   2.7  23.1  20.0
25378 >6    3.3   0.0   7.7   0.0   1.8   1.5   2.2   8.0   1.2   3.9   2.7   0.0   2.7   2.5   2.5
25399 0    41.7  46.7  28.8  27.0  13.3   8.3   8.4  13.5  15.1  11.5  17.5  34.4  30.8  11.7  13.4
25399 1-3  50.0  35.0  60.3  58.4  46.8  43.3  44.4  39.8  37.2  37.7  45.0  40.6  45.9  42.6  42.8
25399 4-6   4.2  11.7   8.2  13.5  25.5  25.6  25.0  28.4  23.8  23.0  25.0  12.5  13.0  25.5  24.4
25399 >6    4.2   3.3   2.7   1.1   7.0  20.2  19.3  15.7  21.3  27.9  12.5   9.4   9.5  17.0  16.4
25400 0    93.4  77.8  75.0  75.0   0.0   0.0  16.7  27.7  45.3  48.8  87.1  83.3  80.9  36.1  66.7
25400 1-3   6.6  11.1   6.3  25.0  80.0 100.0  83.3  71.3  52.5  43.9  12.9  14.3  15.9  62.0  30.6
25400 4-6   0.0   5.6   6.3   0.0  20.0   0.0   0.0   1.1   1.4   6.1   0.0   0.5   1.6   1.5   1.6
25400 >6    0.0   5.6   6.3   0.0   0.0   0.0   0.0   0.0   0.7   0.0   0.0   1.9   1.2   0.4   1.0
25428 0    97.1  96.6 100.0 100.0  80.0  82.4  84.2  78.4  77.6  79.0  97.9  98.2  95.7  79.6  85.7
25428 1-3   2.9   3.5   0.0   0.0  20.0  17.7  15.8  20.9  22.5  15.8   2.1   1.9   3.7  20.1  13.9
25428 4-6   0.0   0.0   0.0   0.0   0.0   0.0   0.0   0.8   0.0   0.0   0.0   0.0   0.0   0.3   0.2
25428 >6    0.0   0.0   0.0   0.0   0.0   0.0   0.0   0.0   0.0   0.0   0.0   0.0   0.0   0.0   0.0
25503 0     0.0       100.0  50.0  45.5  67.4  76.1  66.7  41.8  44.0  40.0        43.9  61.3  59.9
25503 1-3 100.0         0.0  50.0  54.6  32.6  23.9  28.9  54.2  50.0  60.0        50.9  35.5  36.7
25503 4-6   0.0         0.0   0.0   0.0   0.0   0.0   0.6   2.3   4.0   0.0         3.5   0.9   1.1
25503 >6    0.0         0.0   0.0   0.0   0.0   0.0   0.0   0.0   0.0   0.0         0.0   0.0   0.0
25538 0   100.0  85.7             100.0  63.2  82.1  60.9  70.7  42.9  87.5        75.0  67.7  68.7
25538 1-3   0.0  14.3               0.0  31.6  14.3  33.3  12.2  42.9  12.5        20.8  24.1  23.6
25538 4-6   0.0   0.0               0.0   0.0   0.0   0.0   0.0   0.0   0.0         0.0   0.0   0.0
25538 >6    0.0   0.0               0.0   0.0   0.0   0.0   0.0   0.0   0.0         0.0   0.0   0.0
25551 0    76.4  72.7  65.8  42.5  47.7  46.7  51.8  48.4  35.3  40.0  59.5  76.7  71.6  45.2  63.5
25551 1-3  22.8  27.1  34.2  56.2  50.0  52.0  47.5  51.6  64.2  50.4  38.8  23.1  27.3  54.0  35.5
25551 4-6   0.7   0.0   0.0   1.4   2.3   1.3   0.7   0.0   0.5   5.2   1.7   0.2   0.7   0.7   0.7
25551 >6    0.2   0.2   0.0   0.0   0.0   0.0   0.0   0.0   0.0   4.4   0.0   0.0   0.4   0.0   0.3
25563 0    22.2  14.5  10.4  12.2  10.8   9.3   3.5   9.9   5.4   2.7  17.2  31.9  15.7   9.2  10.9
25563 1-3  42.6  27.5  42.9  43.9  35.5  28.3  26.6  27.3  41.4  42.5  28.0  31.9  36.7  32.5  33.6
25563 4-6  22.2  23.2  28.6  29.9  39.4  37.8  29.4  34.1  38.7  43.4  25.8  23.2  28.5  36.6  34.5
25563 >6   11.1  34.8  18.2  14.0  14.4  24.6  40.6  28.8  14.4  11.5  29.0  13.0  18.7  21.7  20.9
25594 0    68.8  52.4  38.2  38.6  32.1  40.0  30.5  44.8  58.0  33.3  66.7  46.7  47.5  37.6  38.3
25594 1-3  31.3  33.3  44.1  47.7  48.2  44.7  45.9  35.6  25.0  20.8  33.3  46.7  35.3  43.0  42.5
25594 4-6   0.0   9.5   2.9   6.8  15.2  10.5  17.3  12.1   8.0  45.8   0.0   6.7  12.3  13.4  13.3
25594 >6    0.0   4.8   5.9   0.0   0.0   1.1   1.5   0.4   0.0   0.0   0.0   0.0   2.5   0.9   1.0
25677 0    36.9  38.4  22.9  25.8  21.2  13.8  10.0   6.5   9.9  16.7   5.0  26.7  26.8  12.2  14.7
25677 1-3  23.8  27.3  30.1  18.2  38.5  35.8  27.0  22.0  16.0  19.7  11.3  10.0  21.5  29.1  27.8
25677 4-6  14.4  15.2  16.9  21.2  23.1  29.6  32.6  35.3  23.7  15.2  21.3  35.0  18.3  30.4  28.3
25677 >6   24.4  17.2  30.1  34.9  17.0  20.6  30.0  35.9  48.1  47.0  61.3  28.3  32.5  28.0  28.7
25705 0   100.0   0.0       100.0  50.0  48.0  49.4  38.9  36.1  46.6  66.7  23.5  45.5  39.5  40.8
25705 1-3   0.0  75.0         0.0  50.0  52.0  50.6  60.8  63.9  52.8  33.3  76.5  53.5  60.3  58.8
25705 4-6   0.0   0.0         0.0   0.0   0.0   0.0   0.3   0.0   0.6   0.0   0.0   0.5   0.1   0.2
25705 >6    0.0  25.0         0.0   0.0   0.0   0.0   0.0   0.0   0.0   0.0   0.0   0.5   0.0   0.1
25745 0    36.7   6.3 100.0  75.0  16.4  20.8  67.2  65.3  72.9  65.9  20.7  47.8  41.3  54.3  50.8
25745 1-3  26.7   6.3   0.0   8.3  29.5  33.3  19.0  25.6   9.4  18.2  17.2  26.1  19.6  22.1  21.4
25745 4-6  13.3  56.3   0.0   8.3  32.8  25.0   8.6   6.6   5.9   6.8  48.3  13.0  23.1  13.3  15.9
25745 >6   23.3  31.3   0.0   0.0   8.2   6.3   0.0   0.0   0.0   2.3  13.8  13.0  14.0   2.1   5.3
25927 0    25.0  70.0  33.3  43.6  21.4  17.4  23.5  18.5  15.8  61.9  33.3  50.0  44.1  22.0  23.1
25927 1-3  62.5  30.0  51.1  47.2  53.5  52.8  52.7  56.5  59.7  33.3  50.0  45.5  45.8  53.0  52.7
25927 4-6  12.5   0.0  13.3   8.1  20.4  26.1  20.4  17.5  17.5   4.8  16.7   4.6   9.3  20.8  20.2
25927 >6    0.0   0.0   2.2   1.2   4.8   2.8   3.5   7.5   7.0   0.0   0.0   0.0   0.9   3.9   3.7
25932 0   100.0   0.0  33.3  60.6  53.2  51.4  61.9  52.9  53.3  60.0   0.0        57.9  55.6  55.6
25932 1-3   0.0   0.0  66.7  36.4  36.0  34.4  27.3  33.3  33.9  40.0 100.0        36.8  31.9  32.0
25932 4-6   0.0   0.0   0.0   0.0   9.2  10.4   7.8  10.2   7.9   0.0   0.0         0.0   9.1   9.1
25932 >6    0.0 100.0   0.0   0.0   1.6   3.7   3.0   3.7   5.0   0.0   0.0         5.3   3.3   3.3
25954 0    60.0  66.7  50.0  27.8  42.9  29.9  30.7  24.6  47.1  16.7  14.3   0.0  35.5  35.2  35.3
25954 1-3   0.0   0.0  50.0  44.4  52.2  61.9  61.4  66.7  41.2  83.3  71.4 100.0  51.6  56.7  56.4
25954 4-6   0.0   0.0   0.0   5.6   0.6   7.2   5.7   1.8   5.9   0.0   0.0   0.0   0.0   3.7   3.5
25954 >6   40.0  33.3   0.0   0.0   0.0   0.0   0.0   0.0   0.0   0.0  14.3   0.0  12.9   0.0   0.8
25956 0    25.0        57.1  17.0  18.8  17.2  16.0  15.4  17.8  17.2  14.3   0.0  18.8  16.8  16.9
25956 1-3  25.0         0.0  61.7  56.9  55.9  50.4  54.7  50.9  24.1  20.0  40.0  21.3  54.1  52.7
25956 4-6  50.0         0.0  12.8  18.5  21.8  23.5  17.9  25.2  48.3  28.6  20.0  33.8  20.8  21.4
25956 >6    0.0         0.0   0.0   0.3   2.2   1.5   1.3   3.1  10.3  37.1  40.0  22.5   1.5   2.4
26063 0    15.0  34.8  20.8  30.7  11.1  41.7  25.0  60.6  47.1  48.3  20.6  17.1  26.8  36.4  30.1
26063 1-3  66.7  52.8  75.2  67.3  75.0  58.3  75.0  33.3  45.6  50.6  65.8  64.3  63.1  58.1  61.4
26063 4-6   8.3   3.4   0.8   1.0   2.8   0.0   0.0   0.0   0.0   0.0   0.0   7.1   2.8   0.8   2.1
26063 >6    0.0   0.0   0.0   0.0   0.0   0.0   0.0   0.0   0.0   0.0   0.0   0.0   0.0   0.0   0.0
26157 0    32.8  21.4  20.9  12.3  25.4  18.8  53.9  42.0  24.1  12.2  16.1  18.1  20.2  24.5  21.3
26157 1-3  61.6  57.3  60.7  78.7  61.0  75.0  46.2  56.5  73.5  70.6  63.5  64.6  63.0  69.1  64.5
26157 4-6   5.6  19.3  17.9   9.0  13.6   6.3   0.0   1.5   2.4  17.2  20.0  16.8  16.2   6.4  13.8
26157 >6    0.0   2.1   0.5   0.0   0.0   0.0   0.0   0.0   0.0   0.0   0.4   0.0   0.5   0.0   0.4
26275 0    44.7  32.1  26.6  22.2  50.0  49.1  59.0  50.8  48.3  33.3  26.4  38.1  32.4  47.0  39.4
26275 1-3  51.8  66.7  68.8  74.4  50.0  49.1  41.0  49.2  51.7  66.1  69.8  59.8  65.0  52.4  59.0
26275 4-6   2.4   1.2   4.6   3.3   0.0   1.8   0.0   0.0   0.0   0.6   3.9   2.1   2.5   0.6   1.6
26275 >6    1.2   0.0   0.0   0.0   0.0   0.0   0.0   0.0   0.0   0.0   0.0   0.0   0.1   0.0   0.1
26359 0    13.7  10.9   6.1   9.2  15.5  20.7  22.0  22.4  26.4   9.3  11.0  11.2  10.2  20.7  14.0
26359 1-3  74.3  80.3  82.5  82.5  78.6  77.2  76.1  75.3  72.7  86.4  83.6  78.3  81.8  76.3  79.8
26359 4-6  12.0   5.5  10.1   6.7   6.0   2.2   1.9   2.3   0.9   4.2   4.9   9.6   7.1   2.8   5.6
26359 >6    0.0   2.7   0.9   1.7   0.0   0.0   0.0   0.0   0.0   0.0   0.3   0.8   0.6   0.2   0.5
26781 0     9.8  12.1   9.9  20.9  27.9  32.9  34.9  46.9  34.4  22.8   7.9  10.3  11.8  32.9  17.0
26781 1-3  57.9  52.7  60.8  61.0  55.9  67.1  61.3  51.5  61.1  66.5  67.3  57.7  61.4  59.5  60.9
26781 4-6  26.2  28.0  25.9  17.0  11.8   0.0   3.8   1.5   4.5  10.2  20.9  27.7  22.8   7.1  18.9
26781 >6    6.1   7.2   3.5   1.2   4.4   0.0   0.0   0.0   0.0   0.6   3.9   4.3   4.1   0.6   3.2
26997 0     9.7  13.6  13.7  21.2  29.0  44.7  40.0  38.2  25.3  22.4  15.6  13.1  14.6  29.1  16.6
26997 1-3  79.7  71.8  79.4  67.4  67.7  48.9  56.9  60.5  71.5  73.5  74.9  76.6  76.1  64.9  74.5
26997 4-6   9.7  13.6   6.9  10.4   0.0   2.1   3.1   1.3   2.5   3.8   6.3   9.4   8.2   4.9   7.7
26997 >6    0.8   1.0   0.0   0.5   3.2   0.0   0.0   0.0   0.0   0.2   0.7   0.9   0.6   0.4   0.6
27037 0    59.4  48.9  38.5  28.2  45.7  48.4  56.8  40.4  52.8  33.7  33.8  33.9  39.7  46.1  43.3
27037 1-3  37.6  48.9  50.6  65.3  45.7  50.0  42.4  58.0  44.6  62.6  52.4  54.8  53.3  51.1  52.1
27037 4-6   3.0   2.3  11.0   6.5   8.7   1.6   0.8   1.6   2.6   3.3  13.8   9.7   6.7   2.8   4.6
27037 >6    0.0   0.0   0.0   0.0   0.0   0.0   0.0   0.0   0.0   0.4   0.0   1.6   0.3   0.0   0.1
27051 0    63.1  68.7  54.7  45.5  43.8  39.6  55.6  50.9  48.1  18.1  27.0  31.6  35.6  48.5  42.5
27051 1-3  35.4  31.3  45.3  49.1  53.1  60.4  43.3  49.1  51.5  78.0  62.6  61.4  60.0  50.2  54.8
27051 4-6   0.0   0.0   0.0   5.5   3.1   0.0   1.1   0.0   0.4   4.0   9.6   7.0   4.0   1.3   2.6
27051 >6    1.5   0.0   0.0   0.0   0.0   0.0   0.0   0.0   0.0   0.0   0.9   0.0   0.3   0.0   0.2
27333 0    10.7   7.7  10.4   7.9  22.2  22.2  18.6  22.1  11.2   9.2   4.7  20.7   9.7  14.3  11.3
27333 1-3  67.2  82.1  73.4  69.6  63.9  55.6  74.4  70.0  78.2  78.8  73.5  63.4  73.4  71.6  72.8
27333 4-6  18.3  10.3  15.0  13.1  11.1   2.8   7.0   4.3   6.8   9.5  20.1  10.4  14.5   8.1  12.2
27333 >6    3.1   0.0   1.2   1.6   0.0   0.0   0.0   0.0   0.0   1.1   0.9   0.6   1.1   0.5   0.9
27459 0    11.0  15.2  15.6   4.2   6.4   5.4  11.1  21.7  25.3   5.8   7.3   7.3   9.3  14.6  10.7
27459 1-3  74.4  73.7  75.4  74.1  72.3  70.3  73.3  73.5  64.7  80.9  78.5  74.5  76.9  70.4  75.2
27459 4-6  12.8  10.6   8.9  15.1  21.3  10.8  11.1   2.4   5.8  10.0  12.8  12.7  11.5  10.0  11.1
27459 >6    0.6   0.0   0.0   2.4   0.0   0.0   0.0   0.0   0.0   0.7   0.9   0.0   0.5   0.7   0.5
27595 0    48.2  44.1  44.0  24.8  16.7  66.7  66.7  40.9  27.3  36.2  29.7  25.6  35.3  31.7  34.6
27595 1-3  46.4  52.9  41.4  56.4  83.3  33.3  33.3  50.0  69.7  52.4  50.2  62.8  50.4  56.3  51.6
27595 4-6   5.4   2.9  10.3  18.8   0.0   0.0   0.0   0.0   3.0  10.5  17.4   9.0  12.0  10.9  11.8
27595 >6    0.0   0.0   4.3   0.0   0.0   0.0   0.0   9.1   0.0   1.0   2.7   2.6   2.2   1.1   2.0
27612 0    60.0  23.8  26.2  33.3  80.0  35.7  71.4  84.9  70.4  66.7  27.4  43.6  41.3  58.8  47.7
27612 1-3  34.3  76.2  72.3  62.5  20.0  64.3  28.6  15.2  29.6  31.0  66.7  53.2  55.0  39.8  49.5
27612 4-6   5.7   0.0   1.5   4.2   0.0   0.0   0.0   0.0   0.0   2.3   6.0   3.2   3.6   1.4   2.8
27612 >6    0.0   0.0   0.0   0.0   0.0   0.0   0.0   0.0   0.0   0.0   0.0   0.0   0.0   0.0   0.0
27648 0    27.0  31.2  16.8  17.8  44.7  59.2  49.3  45.4  43.7  37.2  21.6  24.6  25.7  38.1  29.1
27648 1-3  60.6  50.6  68.2  58.1  47.4  28.6  40.9  39.8  51.9  50.9  64.7  57.7  59.9  48.4  56.7
27648 4-6   8.8  10.6  14.6  13.1   7.9   2.0   0.0   5.6   3.3   8.5  13.3  15.7  12.3   6.4  10.7
27648 >6    2.2   5.3   0.0   0.0   0.0   0.0   0.0   0.0   0.0   0.6   0.2   1.6   1.1   0.0   0.8
27675 0    26.3  23.3  17.4  16.3  16.7  25.0  22.2  22.7  18.0  12.3   8.0  15.4  15.1  19.4  16.6
27675 1-3  56.6  61.6  56.5  68.5  79.2  71.9  75.6  65.2  71.2  70.1  66.2  59.0  62.9  70.6  65.6
27675 4-6  13.2  14.0  22.6  15.2   4.2   3.1   2.2  10.6  10.1  16.2  21.9  22.2  19.1   9.6  15.8
27675 >6    4.0   1.2   3.5   0.0   0.0   0.0   0.0   0.0   0.7   1.3   2.5   3.4   2.5   0.3   1.7
27707 0    16.8  14.5  14.9  14.8  19.0  48.0  41.9  39.9  33.2  18.1  15.3  17.9  16.2  29.1  19.2
27707 1-3  44.1  52.1  53.5  60.9  60.3  46.7  54.7  55.6  57.3  61.8  55.7  51.0  53.1  57.3  54.1
27707 4-6  33.5  29.5  29.0  22.4  20.7   5.3   3.5   4.5   8.6  18.1  23.2  26.7  26.4  12.7  23.1
27707 >6    5.7   4.0   2.7   2.0   0.0   0.0   0.0   0.0   0.9   2.1   3.3   4.5   3.7   0.9   3.1
27823 0    18.0  15.5  19.3  18.0  40.0  22.5  35.9  40.3  31.0  21.6  15.2  13.6  16.7  26.7  18.4
27823 1-3  45.1  44.6  49.3  52.9  50.0  60.0  52.8  44.4  57.7  52.9  50.6  50.2  49.3  53.5  50.0
27823 4-6  26.3  25.5  21.7  18.7  10.0  15.0   5.7  13.9  10.7  16.5  26.9  25.1  24.2  14.4  22.5
27823 >6    9.7  12.6   8.3   3.1   0.0   2.5   0.0   0.0   0.6   2.0   6.4   7.0   7.4   1.7   6.4
27857 0    29.3  24.3  34.7  34.4  44.4  53.3  50.0  63.4  49.5  33.3  24.1  20.6  27.9  45.8  32.8
27857 1-3  46.5  53.7  50.7  51.5  47.2  46.7  47.2  35.2  45.6  56.3  52.1  60.0  53.5  46.5  51.6
27857 4-6  23.2  16.2  13.6  13.5   8.3   0.0   2.8   1.4   4.9  10.4  18.5  17.0  15.9   7.6  13.6
27857 >6    1.0   5.9   0.9   0.6   0.0   0.0   0.0   0.0   0.0   0.0   1.1   2.4   1.6   0.2   1.2
27995 0    38.5  38.1  35.0  16.8  60.0  20.0  39.1  66.7  38.1  35.9  30.4  30.8  34.1  31.5  33.7
27995 1-3  58.3  56.4  58.5  75.3  33.3  60.0  52.2  33.3  54.0  62.3  65.8  64.2  61.4  60.8  61.3
27995 4-6   3.1   5.6   6.1   5.0   6.7   0.0   0.0   0.0   0.0   1.9   3.3   4.4   4.2   2.7   3.9
27995 >6    0.0   0.0   0.4   0.0   0.0   0.0   0.0   0.0   0.0   0.0   0.0   0.6   0.2   0.0   0.2
28009 0    73.1  67.7  68.5  40.6  61.1  67.3  70.2  70.4  59.4  32.7  40.5  70.6  49.2  62.4  57.9
28009 1-3  21.2  26.5  24.1  48.1  38.9  29.0  28.0  29.6  38.8  58.7  51.7  29.4  43.9  34.8  37.9
28009 4-6   0.0   2.9   5.6   5.3   0.0   1.9   0.0   0.0   0.5   6.6   3.4   0.0   4.2   1.1   2.2
28009 >6    1.9   2.9   0.0   0.0   0.0   0.0   0.0   0.0   0.0   0.0   1.1   0.0   0.6   0.0   0.2
28064 0          35.0  87.5  41.3  31.3  54.6  55.6  47.8  35.6  47.5  43.3  75.0  49.6  42.5  44.9
28064 1-3        65.0  12.5  54.4  62.5  45.5  44.4  47.8  58.6  52.5  50.0  25.0  48.8  53.2  51.7
28064 4-6         0.0   0.0   4.4   6.3   0.0   0.0   4.5   5.8   0.0   6.7   0.0   1.6   4.3   3.4
28064 >6          0.0   0.0   0.0   0.0   0.0   0.0   0.0   0.0   0.0   0.0   0.0   0.0   0.0   0.0
28138 0    24.6  24.4  16.1  26.7  26.4  27.2  39.8  43.0  20.6  13.8  14.0  11.9  14.6  29.5  21.6
28138 1-3  36.2  57.8  42.0  48.7  49.1  54.4  47.2  44.4  62.0  58.1  51.5  54.3  53.5  51.8  52.7
28138 4-6  31.9   6.7  40.7  22.3  22.6  16.8  11.2  12.6  17.5  27.7  31.7  30.5  29.6  17.6  23.9
28138 >6    7.3  11.1   1.2   2.3   1.9   1.6   1.9   0.0   0.0   0.5   2.7   2.7   2.2   1.2   1.7
28224 0    83.3  91.1  66.7  50.0  52.9  67.4  71.2  74.1  70.0  68.2  71.4  66.7  74.7  67.6  71.1
28224 1-3  16.7   6.7  33.3  45.8  29.4  32.6  28.9  25.9  30.0  29.4  23.8  25.0  22.8  30.8  26.9
28224 4-6   0.0   0.0   0.0   4.2  17.7   0.0   0.0   0.0   0.0   2.4   4.8   8.3   2.1   1.6   1.8
28224 >6    0.0   2.2   0.0   0.0   0.0   0.0   0.0   0.0   0.0   0.0   0.0   0.0   0.4   0.0   0.2
28255 0    34.2  34.6  52.8  56.8  27.8  61.5  54.2  48.4  35.6  33.7  10.8  44.4  33.4  46.8  40.4
28255 1-3  47.4  34.6  44.4  29.6  55.6  30.8  39.6  48.4  54.8  58.7  67.7  46.0  53.1  45.1  49.0
28255 4-6  13.2  11.5   0.0   6.8  16.7   2.6   4.2   1.1   6.7   5.4   4.6   3.2   5.6   4.9   5.3
28255 >6    0.0  15.4   2.8   0.0   0.0   0.0   0.0   0.0   0.0   0.0   3.1   1.6   2.5   0.0   1.2
28275 0    42.9  51.5  52.9  36.4  66.7  54.2  80.0  66.4  64.0  54.0  27.1  63.4  48.1  62.5  55.8
28275 1-3  54.3  45.5  41.2  40.9  33.3  37.5  17.5  32.8  33.7  32.2  55.9  31.7  42.2  32.6  37.1
28275 4-6   0.0   0.0   5.9  18.2   0.0   8.3   2.5   0.8   2.3   9.2  17.0   4.9   7.6   4.2   5.8
28275 >6    2.9   3.0   0.0   4.6   0.0   0.0   0.0   0.0   0.0   0.0   0.0   0.0   0.7   0.6   0.7
28418 0    51.4  45.9  41.0  33.3  26.1  41.9  28.1  50.0  39.3  23.5  19.0  28.2  28.7  36.2  30.8
28418 1-3  40.0  47.5  48.7  61.0  73.9  58.1  62.5  50.0  54.2  67.7  68.4  57.8  60.5  58.8  60.0
28418 4-6   7.1   4.9   6.0   2.8   0.0   0.0   0.0   0.0   2.8   6.5  10.0  10.6   8.1   1.9   6.3
28418 >6    1.4   1.6   0.9   0.7   0.0   0.0   0.0   0.0   0.0   0.0   0.0   0.0   0.3   0.3   0.3
28434 0    95.8  98.3  93.8  83.9  77.8  88.7  84.4  88.0  87.1  77.1  62.0  88.1  86.2  86.2  86.2
28434 1-3   4.2   1.7   5.2  16.1  22.2  11.3  15.6  12.0  12.9  22.9  38.0  11.9  13.6  13.8  13.8
28434 4-6   0.0   0.0   1.0   0.0   0.0   0.0   0.0   0.0   0.0   0.0   0.0   0.0   0.2   0.0   0.1
28434 >6    0.0   0.0   0.0   0.0   0.0   0.0   0.0   0.0   0.0   0.0   0.0   0.0   0.0   0.0   0.0
28493 0    53.3  41.4  26.1  32.6  50.0  44.4  47.7  53.8  48.3  35.8  19.2  63.3  40.6  48.5  44.4
28493 1-3  42.9  51.7  73.9  60.5  50.0  55.6  52.3  45.6  50.9  56.7  79.5  34.2  55.2  50.2  52.8
28493 4-6   3.9   5.2   0.0   4.7   0.0   0.0   0.0   0.6   0.9   5.0   1.4   1.3   3.1   1.0   2.1
28493 >6    0.0   1.7   0.0   2.3   0.0   0.0   0.0   0.0   0.0   0.8   0.0   1.3   0.7   0.2   0.5
28552 0    61.7  47.8  30.8  26.1  35.3  63.2  54.9  54.5  44.9  44.4  35.9  44.4  43.9  47.9  46.1
28552 1-3  36.2  30.4  67.3  60.9  52.9  36.8  40.9  44.6  53.9  55.6  46.2  52.4  50.2  48.2  49.1
28552 4-6   0.0   4.4   0.0   8.7  11.8   0.0   1.4   0.0   1.3   0.0   5.1   1.6   1.5   2.4   2.0
28552 >6    0.0   8.7   0.0   0.0   0.0   0.0   0.0   0.0   0.0   0.0   0.0   0.0   0.7   0.0   0.3
28573 0    50.0  57.5  45.5  34.7  71.4  80.8  69.1  63.3  61.5  29.3  15.9  42.4  36.9  63.5  53.1
28573 1-3  40.4  34.0  45.5  52.8  26.5  19.2  31.0  36.7  37.0  63.2  59.8  50.9  51.7  34.7  41.3
28573 4-6   7.7   6.4   9.1  11.1   2.0   0.0   0.0   0.0   0.7   3.8  23.2   3.4   9.2   1.6   4.6
28573 >6    1.9   2.1   0.0   1.4   0.0   0.0   0.0   0.0   0.0   0.0   1.2   1.7   1.0   0.2   0.5
28666 0    35.1  28.3  23.7  13.7  45.5  45.5  37.0  51.7  32.0  16.3  10.3  23.9  20.2  29.8  23.2
28666 1-3  56.8  67.4  65.9  56.5  36.4  54.6  48.2  43.1  66.0  53.5  52.9  64.6  59.1  53.9  57.5
28666 4-6   1.4   4.4   8.9  24.4   0.0   0.0   7.4   1.7   2.0  16.3  17.7   6.2  10.9  12.0  11.3
28666 >6    1.4   0.0   0.0   3.1   9.1   0.0   0.0   0.0   0.0   1.2   3.4   0.9   1.5   1.7   1.6
28698 0    32.4  36.7  28.7  25.5  66.7  64.7  52.2  51.2  56.4  37.3  10.5  28.4  28.0  50.0  35.2
28698 1-3  64.1  63.3  69.1  66.7  33.3  35.3  47.8  46.3  42.6  55.9  84.7  68.8  68.4  47.9  61.7
28698 4-6   2.8   0.0   2.2   7.8   0.0   0.0   0.0   2.4   1.0   4.9   4.8   2.8   3.2   2.2   2.8
28698 >6    0.7   0.0   0.0   0.0   0.0   0.0   0.0   0.0   0.0   1.0   0.0   0.0   0.3   0.0   0.2
28704 0    38.3  48.9  41.5  40.9  41.7  60.6  64.8  65.5  50.5  43.2  22.3  27.5  37.0  53.9  44.3
28704 1-3  54.3  43.6  42.9  47.7  50.0  39.4  34.3  34.5  46.0  46.7  54.8  45.0  47.8  42.1  45.4
28704 4-6   4.9   6.4  14.6  11.4   8.3   0.0   0.9   0.0   3.6   9.2  16.2  18.8  12.2   4.0   8.7
28704 >6    2.5   1.1   0.9   0.0   0.0   0.0   0.0   0.0   0.0   0.9   4.6   8.8   2.6   0.0   1.5
28722 0    46.1  51.6  40.9  58.2  33.3  75.0  79.2  55.6  72.6  57.0  61.8  56.1  53.0  64.5  56.2
28722 1-3  50.0  48.4  56.3  37.3  66.7  25.0  20.8  44.4  27.4  43.0  36.4  43.9  45.6  34.1  42.3
28722 4-6   2.0   0.0   2.8   4.5   0.0   0.0   0.0   0.0   0.0   0.0   0.9   0.0   0.9   1.4   1.1
28722 >6    2.0   0.0   0.0   0.0   0.0   0.0   0.0   0.0   0.0   0.0   0.9   0.0   0.6   0.0   0.4
28748 0    74.9  80.0  63.0  49.3  60.0  54.6  60.0  53.3  42.3  55.3  45.2  64.6  65.0  50.7  62.6
28748 1-3  21.9  17.5  31.9  37.3  40.0  45.5  40.0  46.7  50.0  29.0  40.9  28.5  28.2  41.7  30.5
28748 4-6   1.6   2.5   5.1  10.5   0.0   0.0   0.0   0.0   3.9   7.9   2.6   5.7   3.8   5.6   4.1
28748 >6    0.0   0.0   0.0   0.0   0.0   0.0   0.0   0.0   0.0   0.0   2.6   0.0   0.4   0.0   0.4
29111 0    62.5  60.0  54.6   7.1  43.5  51.4  63.4  65.4  55.7  47.8  50.0  63.4  56.1  58.0  57.4
29111 1-3  35.0  40.0  36.4  85.7  56.5  48.7  36.6  34.6  43.5  50.7  40.0  36.6  41.8  41.5  41.6
29111 4-6   2.5   0.0   9.1   7.1   0.0   0.0   0.0   0.0   0.9   1.5   0.0   0.0   1.5   0.5   0.8
29111 >6    0.0   0.0   0.0   0.0   0.0   0.0   0.0   0.0   0.0   0.0  10.0   0.0   0.5   0.0   0.2
29231 0    79.6  87.5  75.6  23.1  29.4  59.1  60.7  63.3  57.9  47.3  61.5  81.4  72.1  55.5  64.1
29231 1-3  19.7  12.5  24.4  76.9  61.8  40.9  35.7  36.7  38.8  45.1  34.6  18.6  25.7  42.2  33.7
29231 4-6   0.0   0.0   0.0   0.0   8.8   0.0   3.6   0.0   3.3   7.7   3.9   0.0   1.9   2.3   2.1
29231 >6    0.8   0.0   0.0   0.0   0.0   0.0   0.0   0.0   0.0   0.0   0.0   0.0   0.2   0.0   0.1
29263 0    84.5  88.5  85.1  68.8  47.6  64.3  82.2  69.8  67.7  52.2  72.4  67.1  79.2  70.1  76.5
29263 1-3  15.5  11.5  14.9  31.3  52.4  35.7  17.8  30.2  32.3  47.8  27.6  32.7  20.8  29.9  23.5
29263 4-6   0.0   0.0   0.0   0.0   0.0   0.0   0.0   0.0   0.0   0.0   0.0   0.3   0.1   0.0   0.1
29263 >6    0.0   0.0   0.0   0.0   0.0   0.0   0.0   0.0   0.0   0.0   0.0   0.0   0.0   0.0   0.0
29282 0    86.7  91.6  88.4  92.3  71.9  71.2  56.2  62.5  65.1  70.4  97.9  86.2  86.9  64.6  80.8
29282 1-3  13.3   8.2  11.6   7.7  28.1  28.9  43.8  37.1  34.1  28.9   2.1  13.5  13.0  34.9  19.0
29282 4-6   0.0   0.2   0.0   0.0   0.0   0.0   0.0   0.3   0.8   0.7   0.0   0.3   0.2   0.4   0.2
29282 >6    0.0   0.0   0.0   0.0   0.0   0.0   0.0   0.0   0.0   0.0   0.0   0.0   0.0   0.0   0.0
29313 0    58.3 100.0  90.0  40.0  53.1  71.2  68.1  70.5  60.8  27.7  55.6  88.2  50.4  65.4  61.9
29313 1-3  33.3   0.0  10.0  60.0  46.9  28.9  31.9  29.5  38.1  70.8  44.4  11.8  47.9  34.4  37.5
29313 4-6   0.0   0.0   0.0   0.0   0.0   0.0   0.0   0.0   1.0   1.5   0.0   0.0   0.8   0.3   0.4
29313 >6    0.0   0.0   0.0   0.0   0.0   0.0   0.0   0.0   0.0   0.0   0.0   0.0   0.0   0.0   0.0
29328 0    50.0  53.5  46.7  37.5  16.7  52.2  46.6  50.0  37.9  21.1  36.0  62.5  45.9  44.4  45.1
29328 1-3  47.9  46.5  46.7  50.0  75.0  47.8  53.5  46.8  59.1  76.3  44.0  37.5  50.2  52.9  51.7
29328 4-6   2.1   0.0   6.7  12.5   8.3   0.0   0.0   3.2   3.0   2.6  20.0   0.0   3.8   2.7   3.2
29328 >6    0.0   0.0   0.0   0.0   0.0   0.0   0.0   0.0   0.0   0.0   0.0   0.0   0.0   0.0   0.0
29379 0   100.0  88.9 100.0  50.0  46.2  82.8  79.7  82.9  69.1  62.5  50.0  83.3  89.9  76.9  80.3
29379 1-3   0.0  11.1   0.0  50.0  53.9  17.2  20.3  17.1  31.0  37.5  50.0  16.7  10.1  23.1  19.7
29379 4-6   0.0   0.0   0.0   0.0   0.0   0.0   0.0   0.0   0.0   0.0   0.0   0.0   0.0   0.0   0.0
29379 >6    0.0   0.0   0.0   0.0   0.0   0.0   0.0   0.0   0.0   0.0   0.0   0.0   0.0   0.0   0.0
29570 0    75.4  84.4  50.0  83.3  63.6  78.6  84.6  80.9  81.4  82.0  76.5  91.1  79.6  80.3  79.9
29570 1-3  22.9  15.6  20.0  16.7  36.4  21.4  15.4  19.2  18.6  18.0  20.6   8.9  18.6  19.7  19.2
29570 4-6   1.7   0.0  30.0   0.0   0.0   0.0   0.0   0.0   0.0   0.0   0.0   0.0   1.5   0.0   0.8
29570 >6    0.0   0.0   0.0   0.0   0.0   0.0   0.0   0.0   0.0   0.0   2.9   0.0   0.3   0.0   0.2
29594 0    81.2  74.7  61.9  83.3  75.0  65.5  69.2  75.0  61.4  60.6  74.1  87.3  78.0  68.7  73.3
29594 1-3  17.1  24.1  33.3  16.7  25.0  34.6  29.3  25.0  36.6  36.4  18.5  11.4  19.8  30.3  25.1
29594 4-6   1.2   0.0   0.0   0.0   0.0   0.0   1.5   0.0   0.0   0.0   7.4   1.3   1.2   0.5   0.9
29594 >6    0.6   0.0   4.8   0.0   0.0   0.0   0.0   0.0   0.0   0.0   0.0   0.0   0.5   0.0   0.2
29612 0    40.8  36.3  26.7  14.5  27.8  33.3  35.4  27.5  27.0  19.0  16.2  31.7  27.3  26.4  26.9
29612 1-3  55.1  50.0  59.3  60.2  72.2  66.7  63.1  69.7  72.2  66.1  66.9  59.6  60.3  67.6  63.2
29612 4-6   2.0  11.3  13.3  19.3   0.0   0.0   1.5   2.8   0.9  14.1  16.2   5.8  10.9   4.9   8.5
29612 >6    2.0   2.5   0.7   6.0   0.0   0.0   0.0   0.0   0.0   0.8   0.8   2.9   1.5   1.1   1.4
29645 0    84.2  80.9  72.7  69.8  61.8  66.7  74.1  77.0  76.4  64.0  72.8  79.8  77.6  74.8  76.2
29645 1-3  14.2  18.6  25.8  30.2  38.2  33.3  25.9  22.4  23.0  34.4  26.2  18.3  21.0  24.8  22.8
29645 4-6   0.8   0.5   0.8   0.0   0.0   0.0   0.0   0.6   0.6   1.6   1.0   1.6   1.1   0.4   0.8
29645 >6    0.4   0.0   0.8   0.0   0.0   0.0   0.0   0.0   0.0   0.0   0.0   0.4   0.3   0.0   0.2
29752 0    66.7  55.6  50.0  40.4  33.3  52.5  56.3  55.6  48.9  33.3  38.0  33.3  37.5  49.0  47.4
29752 1-3  33.3  33.3  26.9  27.2  32.5  36.9  39.0  33.0  32.3  24.8  30.0   0.0  26.3  33.9  32.8
29752 4-6   0.0  11.1  11.5  21.9  18.0   8.1   4.7   7.7  13.1  26.2  26.0  66.7  24.1  11.2  13.0
29752 >6    0.0   0.0  11.5  10.5  16.2   2.5   0.0   3.7   5.7  15.6   6.0   0.0  12.1   5.9   6.8
29789 0   100.0 100.0       100.0  97.0  92.5  85.0  88.4  88.1 100.0   0.0 100.0  95.0  88.3  88.4
29789 1-3   0.0   0.0         0.0   3.0   7.5  15.0  11.4  11.9   0.0 100.0   0.0   5.0  11.7  11.5
29789 4-6   0.0   0.0         0.0   0.0   0.0   0.0   0.3   0.0   0.0   0.0   0.0   0.0   0.1   0.1
29789 >6    0.0   0.0         0.0   0.0   0.0   0.0   0.0   0.0   0.0   0.0   0.0   0.0   0.0   0.0
29866 0    96.0  96.0  97.5  75.0 100.0  75.0  91.3  82.3  90.5  94.4  86.3  94.2  93.6  87.2  92.3
29866 1-3   4.0   3.4   2.5  25.0   0.0  25.0   8.7  17.7   9.5   5.2  13.7   5.8   6.2  12.8   7.6
29866 4-6   0.0   0.7   0.0   0.0   0.0   0.0   0.0   0.0   0.0   0.4   0.0   0.0   0.2   0.0   0.1
29866 >6    0.0   0.0   0.0   0.0   0.0   0.0   0.0   0.0   0.0   0.0   0.0   0.0   0.0   0.0   0.0
29939 0    66.3  66.1  52.5  45.4  55.6  62.5  72.6  67.5  61.0  52.8  58.0  67.7  60.0  61.4  60.7
29939 1-3  25.8  30.7  46.7  50.5  44.4  37.5  23.2  30.9  36.6  42.9  38.3  32.4  36.9  36.1  36.5
29939 4-6   1.1   1.6   0.0   0.0   0.0   0.0   0.0   0.8   0.8   3.3   2.5   0.0   1.3   0.4   0.8
29939 >6    1.1   1.6   0.0   0.0   0.0   0.0   0.0   0.0   0.0   0.0   0.0   0.0   0.4   0.0   0.2
30054 0    93.9  95.4  91.7  64.7  62.6  67.6  75.7  70.2  67.5  63.4  89.1  94.4  92.5  69.6  81.3
30054 1-3   5.9   4.6   8.3  32.4  37.4  30.3  23.3  28.5  31.8  35.4  11.0   5.3   7.2  29.3  18.0
30054 4-6   0.1   0.0   0.0   2.9   0.0   2.1   1.0   1.3   0.8   1.2   0.0   0.3   0.2   1.1   0.7
30054 >6    0.0   0.0   0.0   0.0   0.0   0.0   0.0   0.0   0.0   0.0   0.0   0.0   0.0   0.0   0.0
30089 0   100.0 100.0 100.0  88.2  63.6  56.8  64.0  60.0  57.7  62.0  90.0 100.0  66.1  60.2  60.4
30089 1-3   0.0   0.0   0.0  11.8  36.4  42.6  35.7  39.8  41.8  38.0  10.0   0.0  33.9  39.4  39.3
30089 4-6   0.0   0.0   0.0   0.0   0.0   0.6   0.3   0.2   0.5   0.0   0.0   0.0   0.0   0.3   0.3
30089 >6    0.0   0.0   0.0   0.0   0.0   0.0   0.0   0.0   0.0   0.0   0.0   0.0   0.0   0.0   0.0
30230 0    96.1  96.5  87.9  81.4  66.7  80.6  73.4  79.0  80.3  78.2  82.5  94.9  92.5  78.0  83.9
30230 1-3   3.9   3.5  12.1  18.6  31.2  19.4  26.6  20.4  18.7  21.8  17.5   5.0   7.5  21.4  15.8
30230 4-6   0.0   0.0   0.0   0.0   1.4   0.0   0.0   0.3   0.1   0.0   0.0   0.0   0.0   0.2   0.1
30230 >6    0.0   0.0   0.0   0.0   0.7   0.0   0.0   0.0   0.0   0.0   0.0   0.2   0.1   0.0   0.0
30252 0    70.7  76.1  82.6  50.0  66.7  70.6  75.0  64.5  58.7  60.0  74.2  72.0  72.2  65.5  71.1
30252 1-3  29.2  23.8  17.4  50.0  33.3  29.4  25.0  23.7  41.3  38.7  25.9  28.0  27.7  30.2  28.1
30252 4-6   0.0   0.0   0.0   0.0   0.0   0.0   0.0   0.0   0.0   1.3   0.0   0.0   0.0   0.0   0.0
30252 >6    0.0   0.0   0.0   0.0   0.0   0.0   0.0   0.0   0.0   0.0   0.0   0.0   0.0   0.0   0.0
30309 0    37.1  48.9  47.1  52.9  37.7  32.0  34.3  26.7  30.5  23.5  40.5  28.7  38.2  31.8  35.0
30309 1-3  58.1  48.2  49.4  41.2  49.3  64.0  63.6  72.7  64.2  70.6  51.2  60.9  56.0  63.8  59.9
30309 4-6   4.0   2.9   3.5   5.9  13.0   4.0   2.0   0.7   5.3   5.9   7.1  10.4   5.5   4.4   5.0
30309 >6    0.8   0.0   0.0   0.0   0.0   0.0   0.0   0.0   0.0   0.0   1.2   0.0   0.3   0.0   0.2
30372 0    93.4  95.2  89.5 100.0  69.8  69.4  77.8  77.0  72.7  57.9  92.0  91.4  92.7  75.3  89.1
30372 1-3   6.7   4.8  10.5   0.0  30.2  30.6  22.2  23.0  27.3  42.1   8.0   8.7   7.3  24.7  10.9
30372 4-6   0.0   0.0   0.0   0.0   0.0   0.0   0.0   0.0   0.0   0.0   0.0   0.0   0.0   0.0   0.0
30372 >6    0.0   0.0   0.0   0.0   0.0   0.0   0.0   0.0   0.0   0.0   0.0   0.0   0.0   0.0   0.0
30385 0    98.5        50.0 100.0  88.9  95.2  94.6  93.9  92.8  90.9 100.0 100.0  96.5  93.8  94.0
30385 1-3   1.5         0.0   0.0  11.1   4.8   5.4   6.1   7.2   9.1   0.0   0.0   2.9   6.2   5.9
30385 4-6   0.0        50.0   0.0   0.0   0.0   0.0   0.0   0.0   0.0   0.0   0.0   0.6   0.0   0.1
30385 >6    0.0         0.0   0.0   0.0   0.0   0.0   0.0   0.0   0.0   0.0   0.0   0.0   0.0   0.0
30393 0    92.5  94.6  83.3  70.0  47.4  57.3  61.9  62.2  61.8  60.5  75.0  93.1  81.1  60.4  65.0
30393 1-3   7.5   5.4  16.7  20.0  49.1  39.1  38.1  35.3  36.5  34.2  25.0   3.5  16.7  37.6  32.9
30393 4-6   0.0   0.0   0.0   0.0   3.5   3.6   0.0   2.1   1.8   4.0   0.0   0.0   1.3   1.8   1.7
30393 >6    0.0   0.0   0.0  10.0   0.0   0.0   0.0   0.4   0.0   1.3   0.0   3.5   0.9   0.3   0.4
30433 0          14.3  69.2  34.8  44.2  50.4  62.3  61.2  73.0  23.8  66.7        38.6  56.6  55.0
30433 1-3        85.7  30.8  60.9  50.0  44.4  34.4  36.5  27.0  76.2  33.3        61.4  39.8  41.7
30433 4-6         0.0   0.0   4.4   5.8   4.3   3.3   2.4   0.0   0.0   0.0         0.0   3.4   3.1
30433 >6          0.0   0.0   0.0   0.0   0.9   0.0   0.0   0.0   0.0   0.0         0.0   0.2   0.2
30521 0    96.3  92.1 100.0  66.7  46.4  65.3  62.5  58.1  59.3  60.0  77.3  92.7  87.9  59.8  66.7
30521 1-3   3.7   7.9   0.0  26.7  53.6  34.7  37.4  41.7  40.6  40.0  22.7   7.3  12.1  40.0  33.1
30521 4-6   0.0   0.0   0.0   0.0   0.0   0.0   0.2   0.2   0.1   0.0   0.0   0.0   0.0   0.1   0.1
30521 >6    0.0   0.0   0.0   6.7   0.0   0.0   0.0   0.0   0.0   0.0   0.0   0.0   0.0   0.0   0.0
30554 0    94.6  95.6 100.0  75.0  69.0  70.5  71.5  71.9  70.1  78.8 100.0  97.1  95.2  71.3  80.1
30554 1-3   5.4   4.4   0.0  25.0  31.0  28.5  28.1  28.0  29.9  21.2   0.0   2.9   4.8  28.4  19.7
30554 4-6   0.0   0.0   0.0   0.0   0.0   1.0   0.4   0.1   0.0   0.0   0.0   0.0   0.0   0.3   0.2
30554 >6    0.0   0.0   0.0   0.0   0.0   0.0   0.0   0.0   0.0   0.0   0.0   0.0   0.0   0.0   0.0
30612 0    36.8  39.1  16.4  14.8   8.6  18.3  20.2  22.0  27.0  17.7  22.5  25.6  23.5  21.8  22.5
30612 1-3  63.2  58.0  82.0  77.8  84.5  77.9  79.2  77.2  71.5  79.7  75.4  70.5  74.2  76.3  75.4
30612 4-6   0.0   2.9   1.6   7.4   6.9   3.8   0.6   0.9   1.6   2.7   2.1   2.6   2.2   1.9   2.0
30612 >6    0.0   0.0   0.0   0.0   0.0   0.0   0.0   0.0   0.0   0.0   0.0   1.3   0.1   0.0   0.1
30636 0    92.3  72.7  66.7  20.0   0.0  75.0  65.0  71.0  63.9  76.0  66.7  80.7  79.5  63.3  73.4
30636 1-3   7.7  18.2  33.3  80.0 100.0  25.0  35.0  29.0  36.1  24.0  30.6  19.4  19.3  36.7  25.9
30636 4-6   0.0   9.1   0.0   0.0   0.0   0.0   0.0   0.0   0.0   0.0   2.8   0.0   1.2   0.0   0.8
30636 >6    0.0   0.0   0.0   0.0   0.0   0.0   0.0   0.0   0.0   0.0   0.0   0.0   0.0   0.0   0.0
30650 0    96.5  84.0 100.0  73.7  85.0  90.1  92.6  91.5  88.0  91.8  91.8 100.0  94.7  90.8  91.3
30650 1-3   3.5  12.0   0.0  26.3  15.0   9.5   6.5   8.4  10.8   6.1   8.2   0.0   4.7   8.7   8.2
30650 4-6   0.0   4.0   0.0   0.0   0.0   0.4   0.5   0.1   1.2   2.0   0.0   0.0   0.7   0.4   0.4
30650 >6    0.0   0.0   0.0   0.0   0.0   0.0   0.0   0.0   0.0   0.0   0.0   0.0   0.0   0.0   0.0
30673 0    92.1  93.9 100.0  81.3  87.7  81.0  78.4  74.8  78.5  86.4  94.3  97.6  94.1  77.4  82.1
30673 1-3   4.3   5.4   0.0  18.8  10.8  18.1  21.2  23.3  20.3  13.6   5.7   2.4   4.0  21.3  16.5
30673 4-6   0.6   0.7   0.0   0.0   0.0   1.0   0.4   0.3   0.6   0.0   0.0   0.0   0.4   0.4   0.4
30673 >6    0.0   0.0   0.0   0.0   1.5   0.0   0.0   0.1   0.0   0.0   0.0   0.0   0.0   0.1   0.1
30710 0    32.6  26.2  25.0  18.2   2.6   9.6  19.7  17.5  16.0  18.9  17.8  22.7  24.3  16.5  21.1
30710 1-3  67.2  73.8  75.0  72.7  94.7  88.3  78.2  82.5  82.9  80.0  81.0  77.2  75.3  82.4  78.2
30710 4-6   0.2   0.0   0.0   9.1   2.6   0.0   0.4   0.0   1.1   1.1   1.2   0.2   0.5   0.6   0.5
30710 >6    0.0   0.0   0.0   0.0   0.0   0.0   0.0   0.0   0.0   0.0   0.0   0.0   0.0   0.0   0.0
30758 0    81.1  76.2  20.0  50.0  28.6  29.7  45.4  51.5  34.2  72.4  73.7  81.0  79.2  43.7  62.8
30758 1-3  18.9  22.6  60.0  50.0  71.4  70.3  54.6  48.5  65.8  27.6  26.3  18.1  20.3  56.4  36.9
30758 4-6   0.0   1.2  20.0   0.0   0.0   0.0   0.0   0.0   0.0   0.0   0.0   0.0   0.4   0.0   0.2
30758 >6    0.0   0.0   0.0   0.0   0.0   0.0   0.0   0.0   0.0   0.0   0.0   0.9   0.2   0.0   0.1
30777 0    64.6  90.6  77.8  90.0  54.0  72.9  70.9  69.9  72.0  56.9  90.0  69.4  68.5  70.4  70.3
30777 1-3  34.4   9.4  22.2  10.0  39.1  25.7  26.7  28.7  26.5  41.4  10.0  30.7  30.7  27.7  28.0
30777 4-6   1.0   0.0   0.0   0.0   5.8   1.5   2.3   1.4   1.3   1.7   0.0   0.0   0.8   1.7   1.6
30777 >6    0.0   0.0   0.0   0.0   1.2   0.0   0.2   0.1   0.2   0.0   0.0   0.0   0.0   0.2   0.1
30844 0    68.7  66.7  33.3  58.3  57.8  63.2  61.8  56.3  56.4  71.3 100.0  63.6  69.1  58.4  59.5
30844 1-3  26.9  19.4  50.0  41.7  37.8  32.6  36.7  40.0  37.9  24.1   0.0  36.4  25.5  38.0  36.7
30844 4-6   4.5  13.9  16.7   0.0   4.4   4.2   1.6   3.5   5.7   4.6   0.0   0.0   5.4   3.6   3.8
30844 >6    0.0   0.0   0.0   0.0   0.0   0.0   0.0   0.1   0.0   0.0   0.0   0.0   0.0   0.0   0.0
30879 0    96.3  90.0  91.7 100.0  66.7  80.0  87.9  88.0  88.7  92.3  95.2 100.0  95.5  87.1  89.6
30879 1-3   3.7  10.0   8.3   0.0  33.3  20.0  12.1  12.0  11.3   7.7   4.8   0.0   4.5  12.9  10.5
30879 4-6   0.0   0.0   0.0   0.0   0.0   0.0   0.0   0.0   0.0   0.0   0.0   0.0   0.0   0.0   0.0
30879 >6    0.0   0.0   0.0   0.0   0.0   0.0   0.0   0.0   0.0   0.0   0.0   0.0   0.0   0.0   0.0
30925 0    83.3 100.0  60.0  50.0        40.0  57.1  59.1  65.0  65.4  57.1  50.0  65.8  58.9  62.8
30925 1-3  16.7   0.0  40.0   0.0        60.0  42.9  36.4  30.0  34.6  42.9  50.0  34.3  35.7  34.9
30925 4-6   0.0   0.0   0.0  50.0         0.0   0.0   0.0   5.0   0.0   0.0   0.0   0.0   3.6   1.6
30925 >6    0.0   0.0   0.0   0.0         0.0   0.0   4.6   0.0   0.0   0.0   0.0   0.0   1.8   0.8
30935 0    94.3  95.0  72.7  88.9  70.3  75.7  74.4  74.8  79.4  83.6  92.6  93.9  91.0  76.2  78.7
30935 1-3   5.7   5.0  27.3  11.1  29.7  23.7  25.2  24.9  20.2  15.6   7.4   3.0   8.6  23.5  20.9
30935 4-6   0.0   0.0   0.0   0.0   0.0   0.6   0.4   0.3   0.4   0.8   0.0   3.0   0.4   0.4   0.4
30935 >6    0.0   0.0   0.0   0.0   0.0   0.0   0.0   0.0   0.0   0.0   0.0   0.0   0.0   0.0   0.0
30949 0   100.0 100.0  80.0  37.5  88.2  83.8  84.7  82.3  82.5  90.0  80.0 100.0  94.3  82.6  83.5
30949 1-3   0.0   0.0  20.0  50.0  11.8  16.2  15.3  17.7  17.5  10.0   0.0   0.0   3.8  17.3  16.2
30949 4-6   0.0   0.0   0.0   0.0   0.0   0.0   0.0   0.0   0.0   0.0   0.0   0.0   0.0   0.0   0.0
30949 >6    0.0   0.0   0.0  12.5   0.0   0.0   0.0   0.0   0.0   0.0  20.0   0.0   1.9   0.2   0.3
30965 0    48.6  22.7  80.0  33.3  33.3 100.0  66.7  35.3  33.3   0.0  41.7  40.0  40.7  41.5  41.0
30965 1-3  51.4  72.7  20.0  66.7  66.7   0.0  33.3  64.7  61.1 100.0  58.3  60.0  58.2  56.6  57.6
30965 4-6   0.0   0.0   0.0   0.0   0.0   0.0   0.0   0.0   5.6   0.0   0.0   0.0   0.0   1.9   0.7
30965 >6    0.0   4.6   0.0   0.0   0.0   0.0   0.0   0.0   0.0   0.0   0.0   0.0   1.1   0.0   0.7
31004 0    84.1  80.0        50.0  71.4  30.4  30.3  38.9  42.4  42.3  80.0  88.5  78.4  38.3  47.5
31004 1-3  14.5  20.0        50.0  28.6  66.3  63.1  58.7  52.8  53.9  20.0   9.6  19.8  57.9  49.2
31004 4-6   1.5   0.0         0.0   0.0   3.3   6.6   1.8   4.8   0.0   0.0   0.0   0.6   3.7   3.0
31004 >6    0.0   0.0         0.0   0.0   0.0   0.0   0.6   0.0   3.9   0.0   1.9   1.2   0.2   0.4
31088 0     0.0   0.0  19.4  12.3  12.2   8.8  10.2   9.5   8.3  11.1   0.0        14.3  10.2  10.3
31088 1-3 100.0  50.0  77.4  75.3  63.3  63.5  65.4  72.7  68.8  74.1  50.0        74.6  66.4  66.5
31088 4-6   0.0  50.0   3.2   9.6  19.9  23.5  20.0  15.8  19.4  11.1   0.0         7.9  19.6  19.3
31088 >6    0.0   0.0   0.0   2.7   4.6   4.2   4.4   2.0   3.5   3.7  50.0         3.2   3.9   3.9
31137 0    81.8  85.7 100.0  66.7  94.1  95.0  94.7  92.1  91.9  88.5       100.0  88.7  93.1  92.8
31137 1-3  13.6  14.3   0.0  11.1   5.9   4.0   4.4   7.7   6.7  11.5         0.0   9.9   6.0   6.3
31137 4-6   0.0   0.0   0.0   0.0   0.0   1.0   0.9   0.3   1.5   0.0         0.0   0.0   0.7   0.7
31137 >6    0.0   0.0   0.0   0.0   0.0   0.0   0.0   0.0   0.0   0.0         0.0   0.0   0.0   0.0
31168 0                10.5  11.3   7.0   6.5   9.0  11.8  14.4  37.5   0.0        16.7   8.7   8.7
31168 1-3              63.2  56.1  52.9  41.4  46.1  49.3  56.9  37.5  33.3        53.3  47.5  47.6
31168 4-6              15.8  28.5  34.9  44.1  37.8  35.4  27.2  25.0  66.7        23.3  37.7  37.6
31168 >6               10.5   4.1   5.3   8.1   7.2   3.5   1.5   0.0   0.0         6.7   6.1   6.1
31174 0   100.0 100.0  61.5  45.0  44.5  40.8  45.8  43.8  42.3  33.3 100.0        63.2  43.8  44.0
31174 1-3   0.0   0.0  38.5  51.3  52.2  55.9  51.6  53.5  57.7  66.7   0.0        36.8  53.4  53.2
31174 4-6   0.0   0.0   0.0   3.7   2.2   2.9   2.0   2.5   0.0   0.0   0.0         0.0   2.4   2.4
31174 >6    0.0   0.0   0.0   0.0   0.0   0.0   0.0   0.0   0.0   0.0   0.0         0.0   0.0   0.0
31253 0    80.9  73.3  77.8  64.0  54.6  70.8  64.6  65.9  74.0  66.7  75.0  89.3  78.7  67.2  69.6
31253 1-3  19.2  26.7  22.2  36.0  44.2  28.3  34.3  33.0  25.6  33.3  25.0  10.7  21.3  31.9  29.7
31253 4-6   0.0   0.0   0.0   0.0   1.3   0.9   1.1   1.1   0.5   0.0   0.0   0.0   0.0   0.9   0.7
31253 >6    0.0   0.0   0.0   0.0   0.0   0.0   0.0   0.0   0.0   0.0   0.0   0.0   0.0   0.0   0.0
31329 0    75.0 100.0  40.0  58.3  42.6  46.2  48.9  53.7  48.1  40.7  83.3 100.0  43.4  49.6  49.3
31329 1-3  25.0   0.0  60.0  38.9  55.3  53.0  50.6  45.7  50.6  57.5  16.7   0.0  55.0  49.4  49.7
31329 4-6   0.0   0.0   0.0   2.8   2.2   0.9   0.1   0.6   1.0   1.8   0.0   0.0   1.6   0.8   0.8
31329 >6    0.0   0.0   0.0   0.0   0.0   0.0   0.0   0.0   0.0   0.0   0.0   0.0   0.0   0.0   0.0
31369 0    28.6   0.0   9.4   2.6   8.3  30.4  24.1  31.1  20.5  17.8  30.0  37.5  18.8  16.0  16.6
31369 1-3  71.4  92.3  40.6  35.7  36.2  55.4  60.8  62.3  74.6  67.8  57.5  50.0  62.8  52.0  54.3
31369 4-6   0.0   7.7  43.8  46.5  43.7  14.3  13.9   6.6   4.9  14.4  12.5  12.5  17.4  25.6  23.9
31369 >6    0.0   0.0   6.3  15.3  11.8   0.0   1.3   0.0   0.0   0.0   0.0   0.0   0.9   6.4   5.2
31416 0    89.0  79.5  50.0  37.0  52.7  48.6  46.1  53.6  58.8  46.3  78.4  84.6  80.1  53.3  64.4
31416 1-3  11.0  20.5  50.0  63.0  45.5  50.0  53.1  46.2  41.0  52.2  21.6  15.0  19.6  46.2  35.2
31416 4-6   0.0   0.0   0.0   0.0   1.8   1.5   0.9   0.2   0.2   1.5   0.0   0.5   0.3   0.5   0.4
31416 >6    0.0   0.0   0.0   0.0   0.0   0.0   0.0   0.0   0.0   0.0   0.0   0.0   0.0   0.0   0.0
31439 0   100.0   0.0        73.7  70.6  56.9  71.4  68.0  63.6  54.9  60.7 100.0  56.4  65.6  63.6
31439 1-3   0.0   0.0        26.3  20.6  41.4  28.6  32.0  36.0  44.4  32.1   0.0  40.8  33.6  35.2
31439 4-6   0.0  50.0         0.0   0.0   1.7   0.0   0.0   0.3   0.7   7.1   0.0   2.2   0.3   0.7
31439 >6    0.0  50.0         0.0   0.0   0.0   0.0   0.0   0.0   0.0   0.0   0.0   0.6   0.0   0.1
31478 0    81.8   0.0         0.0  55.2  52.4  46.3  36.7  39.1  47.8 100.0 100.0  70.0  42.0  44.2
31478 1-3  18.2 100.0       100.0  44.8  47.6  53.7  62.9  59.6  52.2   0.0   0.0  30.0  57.5  55.4
31478 4-6   0.0   0.0         0.0   0.0   0.0   0.0   0.5   1.3   0.0   0.0   0.0   0.0   0.5   0.5
31478 >6    0.0   0.0         0.0   0.0   0.0   0.0   0.0   0.0   0.0   0.0   0.0   0.0   0.0   0.0
31707 0    80.0 100.0  83.3  77.4  77.1  63.6  70.8  70.8  70.3  85.5  80.0 100.0  84.9  70.5  72.8
31707 1-3  20.0   0.0  16.7  17.0  20.0  35.0  26.9  27.9  28.2  13.1  17.1   0.0  13.7  27.7  25.4
31707 4-6   0.0   0.0   0.0   3.8   2.9   1.4   2.3   1.3   1.5   1.4   0.0   0.0   1.0   1.8   1.7
31707 >6    0.0   0.0   0.0   1.9   0.0   0.0   0.0   0.0   0.0   0.0   2.9   0.0   0.5   0.1   0.2
31770 0     0.0  40.0  63.3  40.9  36.3  43.4  48.9  52.2  51.4  32.4  33.3   0.0  44.2  45.1  45.1
31770 1-3   0.0  60.0  36.7  54.6  58.8  52.3  48.7  45.2  43.1  67.7  66.7 100.0  54.6  51.3  51.3
31770 4-6   0.0   0.0   0.0   3.6   4.1   4.1   2.3   2.6   5.6   0.0   0.0   0.0   0.0   3.3   3.2
31770 >6  100.0   0.0   0.0   0.3   0.9   0.1   0.0   0.0   0.0   0.0   0.0   0.0   1.3   0.2   0.2
31829 0           0.0  10.9  10.0   9.8  10.2  12.8  11.3  16.4  10.3   0.0   0.0   9.3  11.1  11.0
31829 1-3        25.0  34.0  28.0  32.4  35.8  33.2  32.5  33.3  33.3  40.0   0.0  34.0  33.1  33.1
31829 4-6         0.0  20.4  29.0  32.2  30.9  31.8  33.9  30.4  18.0  40.0 100.0  21.4  31.6  31.4
31829 >6         75.0  23.1  20.6  20.6  18.8  15.0  15.9  17.5  38.5  15.0   0.0  27.0  17.9  18.1
31960 0     3.0   2.0   1.9   1.5   1.2   0.9   1.0   1.4   0.0   1.6   2.0   2.3   1.9   1.1   1.2
31960 1-3  60.6  22.2  23.8  19.7  22.6  19.9  20.5  24.9  37.1  29.2  28.8  31.4  27.8  21.7  22.4
31960 4-6   6.1  34.3  28.8  28.6  32.5  38.2  40.8  40.3  36.6  36.5  33.8  40.7  32.4  36.9  36.4
31960 >6   30.3  41.4  44.2  47.5  41.3  39.4  34.5  31.2  26.3  31.3  33.8  24.4  36.7  38.0  37.8
31961 0    60.0  35.7  25.0  35.8  35.6  16.7  34.2  55.7  65.7  45.4  32.9  43.6  39.4  44.5  43.0
31961 1-3  20.0  42.9  38.9  32.8  35.6  49.0  27.9  35.0  29.0  45.4  36.8  25.6  37.9  34.2  35.3
31961 4-6  13.3  21.4  16.7  22.4  19.5  26.0  24.3   6.4   0.0   4.1  22.4   5.1  12.3  13.9  13.4
31961 >6    0.0   0.0   5.6   3.0   1.2   5.2   0.9   0.0   0.0   0.0   5.3   0.0   2.2   1.3   1.6
31989 0    22.2  34.6  22.9  15.8  15.3  18.1  22.1  24.0  14.7  15.5  16.0  27.3  20.5  19.1  19.2
31989 1-3  77.8  61.8  62.7  61.9  64.3  65.0  63.0  62.4  56.5  60.5  69.6  54.6  63.2  63.5  63.4
31989 4-6   0.0   3.6  13.7  14.9  11.2  11.2   7.2   6.8  19.0  18.0  12.0  13.6  13.6  10.1  10.4
31989 >6    0.0   0.0   0.0   0.8   0.5   0.8   0.2   0.2   0.5   1.0   0.0   4.6   0.5   0.5   0.5
32027 0    54.6  31.6  19.2   8.7   5.0   4.5   8.5  11.8  12.0  18.7  15.7  42.4  25.3   6.7   9.2
32027 1-3  30.3  47.4  49.2  26.8  32.3  19.4  24.3  40.9  66.0  53.3  74.5  36.4  50.6  29.2  32.1
32027 4-6   6.1  15.8  23.1  27.5  37.4  29.3  34.8  18.1  18.0  24.0   7.8   0.0  16.7  32.0  29.9
32027 >6    9.1   5.3   6.9  36.1  23.8  46.3  32.0  22.8   4.0   2.7   2.0   0.0   4.7  30.7  27.3
32061 0     0.0         0.0  16.5  16.5  10.3  15.0  14.1   0.0   0.0   0.0         0.0  13.9  13.6
32061 1-3 100.0       100.0  68.2  69.4  82.1  78.8  82.8 100.0  83.3  83.3        90.0  76.9  77.2
32061 4-6   0.0         0.0  14.1  13.5   7.2   6.2   3.1   0.0  16.7  16.7        10.0   8.8   8.8
32061 >6    0.0         0.0   1.2   0.6   0.5   0.0   0.0   0.0   0.0   0.0         0.0   0.4   0.4
32076 0     0.0  16.7  29.7  30.8  27.4  36.9  38.4  39.8  40.5  37.9  69.2  40.0  37.6  36.3  36.3
32076 1-3   0.0  50.0  56.8  58.7  60.8  55.6  52.3  53.4  43.6  41.4  23.1   0.0  42.3  54.5  54.1
32076 4-6   0.0   0.0  10.8   8.6   7.3   5.6   4.6   5.3   6.5  11.5   0.0  40.0  10.7   5.7   5.9
32076 >6    0.0  16.7   2.7   0.6   0.4   0.3   0.9   0.3   2.3   6.9   7.7   0.0   6.0   0.6   0.8
32098 0     0.0  12.0   8.8  15.0  10.7  12.0  13.3  15.0  11.0  15.2   5.6   6.9  10.7  12.8  12.6
32098 1-3  90.9  84.0  85.7  70.7  67.3  66.6  67.6  73.7  77.9  69.2  85.6  65.5  77.9  69.7  70.6
32098 4-6   4.6   0.0   3.9  11.4  14.4  15.8  13.0   9.1   7.4  11.2   6.7  17.2   7.9  12.5  12.0
32098 >6    4.6   4.0   1.7   1.7   2.6   2.6   2.4   1.0   2.4   4.0   2.2  10.3   3.3   2.2   2.3
32099 0    22.9   7.8   8.4   2.9   2.6   3.6   4.1   3.7   3.2   5.5  10.0   5.1   7.5   3.6   3.7
32099 1-3  45.7  56.9  38.1  24.3  21.5  23.3  24.2  25.1  19.1  17.3  26.7  23.1  27.2  23.4  23.6
32099 4-6  20.0  29.4  37.6  41.9  41.3  44.8  44.2  40.8  42.8  39.8  35.6  33.3  37.1  43.0  42.7
32099 >6    5.7   5.9  15.9  28.4  30.5  26.8  24.5  28.3  31.6  37.3  27.8  38.5  27.8  27.5  27.5
32150 0    68.8  34.4  41.9  26.2  23.1  26.3  31.9  42.2  52.6  54.3  34.0  27.8  45.3  34.3  36.1
32150 1-3  31.3  53.1  53.2  58.3  59.6  63.3  59.6  54.9  40.1  38.6  54.0  58.3  46.4  56.2  54.6
32150 4-6   0.0   0.0   4.8   7.1   7.1   6.1   4.3   1.2   1.4   2.6   0.0   5.6   2.6   4.3   4.0
32150 >6    0.0   0.0   0.0   2.4   1.8   0.0   0.0   0.0   0.0   0.0   0.0   0.0   0.0   0.5   0.4
32165 0     0.0   3.6   4.1   3.3   4.8   5.7   6.7   7.4   7.2   5.9   2.8   3.5   4.1   6.0   5.9
32165 1-3  53.3  50.0  53.1  58.5  62.1  68.0  70.6  68.0  61.7  43.5  55.6  58.6  51.1  66.4  65.5
32165 4-6  46.7  32.1  31.7  28.5  27.5  22.1  20.6  20.8  22.4  41.2  25.0  24.1  33.3  23.0  23.5
32165 >6    0.0  14.3   9.7   9.6   5.6   4.0   2.1   3.8   8.7   9.4  16.7  13.8  10.9   4.6   4.9
32213 0     0.0   0.0   5.9   4.8   5.5   4.2   5.2   6.6   8.0  14.5   2.2   0.0  10.3   5.6   5.9
32213 1-3  12.5  15.4   2.9  15.7  20.7  16.9  18.3  22.8  24.3  28.0  20.4  40.0  24.2  19.8  20.1
32213 4-6  50.0  46.2  35.3  31.4  26.4  23.2  24.7  26.2  31.0  25.6  40.9  10.0  30.2  25.9  26.1
32213 >6   37.5  38.5  38.2  41.8  43.4  48.7  44.2  37.7  27.7  30.5  34.4  30.0  32.2  41.8  41.3
32252 0     3.7  10.0  17.4  12.2  13.6  11.4  13.0  10.2   7.2  16.7   1.8   0.0   8.3  11.8  11.6
32252 1-3  40.7  70.0  60.9  54.7  52.1  50.7  57.4  49.0  47.4  47.2  41.8  42.9  48.8  52.7  52.5
32252 4-6  44.4  20.0  21.7  15.5  11.5  17.2  16.2  18.5  30.7  25.0  38.2  28.6  31.6  17.1  17.7
32252 >6    0.0   0.0   0.0   1.4   3.4   3.2   2.7   4.2   2.4   5.6   3.6   0.0   2.4   3.1   3.1
32287 0    50.0  45.5  37.1  17.2  22.0  22.6  16.6  21.8  16.2   5.9  16.0  44.4  27.0  19.7  20.1
32287 1-3  50.0  54.6  51.4  63.2  48.7  42.9  57.5  54.5  59.7  47.1  68.0  22.2  51.6  52.9  52.9
32287 4-6   0.0   0.0   8.6  10.3  16.4  24.6  18.9  18.0  19.1  20.6  12.0  11.1  11.1  19.4  18.9
32287 >6    0.0   0.0   0.0   3.5   2.6   2.7   0.4   0.3   0.0   5.9   0.0  11.1   2.4   1.3   1.3
32389 0    51.6  47.0  29.6  40.0   0.0  20.0  19.3  25.4  21.5  35.9  39.2  53.5  48.1  22.5  41.5
32389 1-3  43.1  46.1  65.9  60.0  75.0  80.0  77.2  65.5  72.0  57.7  50.0  41.9  45.8  70.5  52.2
32389 4-6   2.1   0.9   2.3   0.0   0.0   0.0   3.5   2.1   1.9   2.6   6.1   0.5   2.0   2.1   2.0
32389 >6    0.3   0.0   0.0   0.0   0.0   0.0   0.0   0.0   0.0   0.0   0.0   0.3   0.2   0.0   0.1
32477 0    19.2  35.6  26.4  23.9  17.2  20.0  25.9  25.8  33.4  40.2  40.4  33.3  32.7  23.8  24.7
32477 1-3  59.6  60.3  67.2  57.5  65.0  64.4  63.1  58.6  55.5  46.4  47.4  58.3  57.3  61.7  61.2
32477 4-6   0.0   2.7   4.0  10.1  10.1   7.7   4.0   6.3   4.7   3.1   5.3   2.1   3.1   6.7   6.3
32477 >6    2.1   1.4   0.0   2.1   1.0   0.6   0.4   0.5   0.4   0.0   0.0   2.1   0.7   0.6   0.6
32509 0    11.1  45.0  35.3  42.4  40.6  34.3  36.9  34.9  36.4  45.1   7.7  14.3  33.9  36.7  36.6
32509 1-3  22.2  15.0  64.7  24.7  38.2  44.6  43.5  39.9  39.0  31.4  76.9  21.4  36.3  41.2  41.0
32509 4-6  44.4   5.0   0.0   6.5   8.3   7.2   4.4   5.4  11.0   9.8  15.4   7.1  10.5   6.2   6.4
32509 >6   22.2   0.0   0.0   3.5   2.0   0.6   0.5   0.6   0.9   5.9   0.0  42.9   8.9   1.0   1.2
32562 0    32.4  22.5  31.5  15.3  13.6  17.3  18.5  16.3  24.0  19.6  23.4  30.4  25.7  17.5  18.4
32562 1-3  59.3  54.2  50.6  38.4  50.4  48.0  49.3  46.3  45.1  53.9  53.3  55.4  54.0  47.5  48.2
32562 4-6   2.8  11.7  15.2  31.0  23.0  20.8  20.8  22.9  19.2  14.2  13.1  10.7  12.1  21.9  20.8
32562 >6    0.9   4.2   2.3   7.7   8.8   8.3   6.9   7.9   8.4   7.3   7.3   0.0   4.3   7.9   7.5
32618 0    13.3   0.0   7.9   2.5   2.3   3.2   3.1   2.1   3.7   2.9   5.6   4.0   4.9   2.9   3.0
32618 1-3  20.0  27.8  29.0  13.8  20.1  23.2  23.4  23.4  20.6  10.3  16.7  22.0  19.1  22.6  22.4
32618 4-6   6.7  22.2  31.6  18.8  26.1  27.4  29.8  28.6  28.4  39.7  11.1  30.0  28.0  28.2  28.2
32618 >6   60.0  27.8  31.6  51.3  39.3  38.8  32.1  35.7  45.8  41.2  66.7  44.0  44.4  36.7  36.9
34110 0     7.8  10.4  15.5  14.3  28.6  43.5  30.4  35.3  31.6  22.1  11.8  12.3  12.5  23.0  13.6
34110 1-3  68.2  59.7  61.1  60.5  66.7  39.1  69.6  52.9  60.5  56.9  57.8  62.1  61.1  59.4  60.9
34110 4-6  21.7  25.3  20.9  22.4   4.8  17.4   0.0  11.8   7.9  20.6  24.0  20.9  22.4  16.0  21.7
34110 >6    2.3   4.6   2.5   2.9   0.0   0.0   0.0   0.0   0.0   0.4   2.7   4.8   3.2   1.6   3.0
34123 0    20.1  19.2  30.0  23.6  70.0  45.5  47.1  66.7  47.0  40.5  20.8  16.4  23.9  39.2  26.5
34123 1-3  60.4  62.6  63.9  66.7  30.0  45.5  52.9  33.3  50.0  53.3  62.1  65.6  61.8  55.1  60.7
34123 4-6  18.2  18.2   5.8   4.9   0.0   0.0   0.0   0.0   3.0   6.2  14.7  17.1  13.2   3.2  11.5
34123 >6    0.7   0.0   0.4   0.0   0.0   0.0   0.0   0.0   0.0   0.0   2.4   1.0   1.0   0.0   0.8
34152 0     7.5  12.9  18.4  20.6  63.2  36.4  21.4  20.0  19.1  11.9   6.9   9.3  10.5  24.1  11.8
34152 1-3  61.7  54.9  53.9  63.2  36.8  63.6  78.6  71.1  69.8  72.4  57.2  56.6  58.3  64.9  58.9
34152 4-6  22.5  24.5  22.6  13.2   0.0   0.0   0.0   4.4   7.9  14.9  24.8  26.7  23.7   8.4  22.2
34152 >6    7.8   7.7   5.1   1.5   0.0   0.0   0.0   0.0   1.6   0.8   5.3   7.4   6.0   1.0   5.6
34163 0    15.6  13.8  14.1  11.6  38.5  39.1  23.1  30.8  26.7  21.7   9.9   9.9  12.9  20.2  14.0
34163 1-3  45.4  46.7  46.0  52.0  61.5  47.8  64.1  46.2  46.7  61.5  55.8  50.0  51.3  51.7  51.4
34163 4-6  31.7  34.1  28.3  23.2   0.0   8.7   7.7  10.3  13.3  15.0  27.7  30.1  28.2  16.8  26.5
34163 >6    5.4   5.4  11.2   3.0   0.0   0.0   0.0   2.6   4.0   1.8   6.7  10.1   7.4   2.6   6.7
34186 0     9.3   7.9   9.8   8.6  19.1  28.0   0.0  29.4  18.3  12.5   5.3   5.2   7.5  13.1   7.9
34186 1-3  37.8  35.7  43.8  53.3  52.4  60.0  82.4  41.2  56.7  49.2  39.8  44.3  41.4  55.2  42.4
34186 4-6  37.5  41.7  34.9  30.5  28.6  12.0  17.7  23.5  18.3  32.2  42.4  36.3  38.1  25.8  37.2
34186 >6   14.6  14.3  11.1   4.1   0.0   0.0   0.0   5.9   3.3   6.1  10.2  14.2  12.3   3.3  11.6
34579 0     5.4   6.1   5.5   5.3  25.0   0.0   0.0   0.0  21.7   8.2   6.1   5.7   5.9  11.7   6.1
34579 1-3  67.8  57.9  68.8  73.7  75.0   0.0 100.0 100.0  65.2  73.6  62.3  58.6  63.0  72.7  63.3
34579 4-6  25.4  33.4  24.3  21.1   0.0 100.0   0.0   0.0  13.0  18.2  30.0  34.1  29.6  15.6  29.1
34579 >6    1.3   2.5   1.5   0.0   0.0   0.0   0.0   0.0   0.0   0.0   1.6   1.6   1.6   0.0   1.6
34720 0     9.3  12.9   6.5   7.1  17.7   0.0         0.0  13.2   9.2   8.5   9.0   9.2   9.2   9.2
34720 1-3  73.0  71.5  71.4  60.3  82.4 100.0       100.0  81.6  79.9  75.9  70.8  73.1  67.4  72.9
34720 4-6  15.6  14.4  18.7  26.2   0.0   0.0         0.0   5.3   9.2  15.3  17.5  15.7  19.0  15.8
34720 >6    2.1   1.3   3.5   6.4   0.0   0.0         0.0   0.0   1.7   0.4   2.8   2.0   4.4   2.1
34740 0    13.1  12.5  16.9  13.1  25.0  33.3  14.3  46.7  37.9  23.7  10.2   5.9  11.5  24.7  12.4
34740 1-3  57.4  61.8  53.4  67.2  70.8  66.7  85.7  53.3  58.6  70.5  67.5  63.1  62.3  65.5  62.5
34740 4-6  27.2  23.2  25.4  18.0   4.2   0.0   0.0   0.0   0.0   4.3  16.1  27.3  22.6   8.5  21.7
34740 >6    2.4   2.5   4.2   1.6   0.0   0.0   0.0   0.0   3.5   1.4   6.1   3.7   3.6   1.4   3.5
34866 0     9.8  10.0   8.1  11.8   0.0  50.0         0.0  18.9  18.3  15.0   6.7  10.3  14.3  10.5
34866 1-3  64.2  68.5  72.6  70.6  75.0   0.0       100.0  79.3  74.0  66.4  73.6  69.6  74.8  69.8
34866 4-6  24.2  17.9  16.5  13.7  12.5  50.0         0.0   1.9   7.2  15.3  16.1  17.2   8.4  16.9
34866 >6    1.8   3.7   2.8   3.9  12.5   0.0         0.0   0.0   0.4   3.3   3.6   2.9   2.5   2.8
34880 0     7.1  10.5  10.4  16.1  38.1  75.0   0.0  42.9  18.2  18.5  11.3   7.6  10.3  22.8  11.7
34880 1-3  81.5  77.9  77.7  82.3  61.9  25.0 100.0  57.1  80.4  80.4  81.8  83.2  80.9  76.1  80.4
34880 4-6  10.6  11.6  11.4   1.6   0.0   0.0   0.0   0.0   1.4   1.1   6.9   9.1   8.5   1.2   7.7
34880 >6    0.8   0.0   0.5   0.0   0.0   0.0   0.0   0.0   0.0   0.0   0.0   0.0   0.2   0.0   0.2
34927 0    41.4  50.0  61.0  53.7  66.7  66.7  75.0 100.0  72.1  62.8  55.9  43.2  50.4  68.5  52.5
34927 1-3  57.8  48.0  37.8  41.5  31.1  33.3  25.0   0.0  26.5  37.2  42.4  54.5  48.1  29.4  45.9
34927 4-6   0.8   2.0   1.2   4.9   2.2   0.0   0.0   0.0   1.5   0.0   1.5   2.3   1.4   2.2   1.5
34927 >6    0.0   0.0   0.0   0.0   0.0   0.0   0.0   0.0   0.0   0.0   0.0   0.0   0.0   0.0   0.0
34949 0     8.6   6.7   3.8   3.3   8.8   0.0   9.1  11.1   6.7   2.4   4.6   5.7   5.4   5.3   5.4
34949 1-3  36.5  32.4  27.5  39.9  43.9  48.0  27.3  50.0  50.0  37.4  31.4  40.5  34.3  43.2  35.1
34949 4-6  35.1  41.9  42.5  42.5  42.1  44.0  45.5  38.9  33.3  49.4  42.0  41.3  41.5  40.7  41.4
34949 >6   19.8  19.0  26.2  14.4   5.3   8.0  18.2   0.0  10.0  10.9  22.1  12.4  18.8  10.8  18.0
35011 0    24.8  27.4  22.1  24.8  30.8  53.9  44.4  42.1  38.5  22.1  15.1  24.9  21.4  33.0  23.1
35011 1-3  62.8  47.8  63.1  65.4  61.5  46.2  55.6  57.9  61.5  71.4  65.5  56.9  62.3  61.6  62.2
35011 4-6   8.0  19.5  13.3   6.9   7.7   0.0   0.0   0.0   0.0   5.7  14.2  12.2  12.5   3.9  11.2
35011 >6    2.7   3.5   1.5   0.0   0.0   0.0   0.0   0.0   0.0   0.7   3.4   6.1   3.0   0.0   2.5
36038 0    67.1  82.9  63.2  65.2  80.0  61.5  62.5  85.7  84.6  52.0  57.7  60.0  65.0  74.0  68.4
36038 1-3  11.4  17.1  36.8  34.8  20.0  38.5  37.5  14.3  15.4  48.0  30.8  10.0  23.9  26.0  24.7
36038 4-6   2.9   0.0   0.0   0.0   0.0   0.0   0.0   0.0   0.0   0.0   3.9   3.3   1.7   0.0   1.0
36038 >6   18.6   0.0   0.0   0.0   0.0   0.0   0.0   0.0   0.0   0.0   7.7  26.7   9.5   0.0   5.9
36064 0     0.0 100.0 100.0  54.7  67.2  75.5  76.6  83.3   0.0 100.0              75.0  71.7  71.8
36064 1-3   0.0   0.0   0.0  39.1  32.8  23.6  21.5  16.7 100.0   0.0               0.0  26.7  26.5
36064 4-6 100.0   0.0   0.0   3.1   0.0   0.0   0.0   0.0   0.0   0.0              25.0   0.4   0.5
36064 >6    0.0   0.0   0.0   0.0   0.0   0.0   0.0   0.0   0.0   0.0               0.0   0.0   0.0
36096 0    56.1  36.7  36.4 100.0   0.0 100.0   0.0        14.3  47.1  53.2  41.4  48.8  27.3  48.5
36096 1-3  41.5  54.8  63.6   0.0 100.0   0.0 100.0        85.7  52.9  46.8  58.6  48.2  72.7  48.5
36096 4-6   0.0   0.0   0.0   0.0   0.0   0.0   0.0         0.0   0.0   0.0   0.0   0.0   0.0   0.0
36096 >6    0.0   0.0   0.0   0.0   0.0   0.0   0.0         0.0   0.0   0.0   0.0   0.0   0.0   0.0
36229 0    99.2  97.7  77.8 100.0 100.0  68.8  93.9  90.9  95.1  90.5  99.4  96.9  97.8  91.2  96.3
36229 1-3   0.8   2.3  11.1   0.0   0.0  31.3   6.1   9.1   4.9   9.5   0.6   1.3   1.5   8.8   3.1
36229 4-6   0.0   0.0  11.1   0.0   0.0   0.0   0.0   0.0   0.0   0.0   0.0   0.6   0.4   0.0   0.3
36229 >6    0.0   0.0   0.0   0.0   0.0   0.0   0.0   0.0   0.0   0.0   0.0   1.3   0.4   0.0   0.3
36259 0    81.3  87.4  75.0 100.0        33.3        66.7 100.0  79.0  86.5  50.0  79.8  75.0  79.6
36259 1-3  18.8  10.3  25.0   0.0        66.7        33.3   0.0  10.5  13.5  50.0  19.1  25.0  19.4
36259 4-6   0.0   0.0   0.0   0.0         0.0         0.0   0.0  10.5   0.0   0.0   0.6   0.0   0.5
36259 >6    0.0   2.3   0.0   0.0         0.0         0.0   0.0   0.0   0.0   0.0   0.6   0.0   0.5
36307 0    46.2  44.9  50.0  48.3                         100.0  76.9  35.7  50.0  46.2  48.9  46.5
36307 1-3  53.8  55.1  50.0  49.4                           0.0  23.1  61.9  50.0  53.6  48.9  53.1
36307 4-6   0.0   0.0   0.0   2.3                           0.0   0.0   2.4   0.0   0.2   2.3   0.4
36307 >6    0.0   0.0   0.0   0.0                           0.0   0.0   0.0   0.0   0.0   0.0   0.0
37001 0     0.0   2.2   0.0   0.0   2.4  12.5   0.0 100.0   0.0   7.4  15.6   1.8   3.7   2.2   3.0
37001 1-3  56.3  53.3  63.5  63.3  54.3  62.5 100.0   0.0 100.0  70.4  65.6  56.4  60.1  59.6  59.8
37001 4-6  37.5  35.6  17.3  22.8  39.4  12.5   0.0   0.0   0.0  18.5  12.5  30.9  25.9  30.7  28.2
37001 >6    6.3   8.9  19.2  13.9   3.9  12.5   0.0   0.0   0.0   3.7   6.3  10.9  10.3   7.6   9.0
37061 0    14.5  15.3  14.6  19.4  54.2  14.3  42.9  14.3  29.1  24.0  19.0  13.5  15.9  26.1  16.4
37061 1-3  69.8  63.4  63.1  62.1  45.8  85.7  42.9  76.2  65.8  67.7  63.7  70.6  67.0  63.1  66.8
37061 4-6  14.1  18.8  20.5  17.5   0.0   0.0  14.3   9.5   5.1   8.1  16.2  14.0  15.4  10.4  15.2
37061 >6    1.6   2.5   1.9   1.0   0.0   0.0   0.0   0.0   0.0   0.3   1.2   2.0   1.7   0.4   1.6
37107 0    69.0  62.8  64.5  41.9  50.0  62.5  73.7  74.1  50.0  60.7  54.9  65.4  64.2  51.5  60.6
37107 1-3  30.6  35.2  34.7  58.1  50.0  37.5  26.3  25.9  45.0  39.3  45.1  34.2  35.1  48.3  38.9
37107 4-6   0.5   2.0   0.8   0.0   0.0   0.0   0.0   0.0   5.0   0.0   0.0   0.4   0.7   0.2   0.6
37107 >6    0.0   0.0   0.0   0.0   0.0   0.0   0.0   0.0   0.0   0.0   0.0   0.0   0.0   0.0   0.0
37126 0    17.5  21.5  20.1  17.5  12.7  13.3  17.9  11.3  13.2  16.3  23.2  19.5  19.2  14.3  15.7
37126 1-3  56.9  50.3  49.0  46.6  49.6  50.6  52.2  52.8  55.7  56.3  54.3  54.4  53.6  51.3  52.0
37126 4-6  18.3  22.0  24.4  28.1  27.7  28.5  23.7  27.9  24.2  20.4  19.0  18.2  20.8  26.6  25.0
37126 >6    7.3   6.2   6.5   7.8  10.1   7.6   6.1   8.1   6.9   7.0   3.5   7.8   6.4   7.8   7.4
37228 0    23.3  22.3  18.8  16.7   6.3  11.1   0.0  20.0  20.0  21.4  33.3  22.2  24.1  14.7  23.6
37228 1-3  76.5  76.5  79.9  78.2  93.8  77.8 100.0  80.0  80.0  78.6  65.5  75.4  74.7  81.4  75.1
37228 4-6   0.0   0.9   1.3   5.1   0.0  11.1   0.0   0.0   0.0   0.0   1.2   2.2   1.1   3.9   1.3
37228 >6    0.0   0.3   0.0   0.0   0.0   0.0   0.0   0.0   0.0   0.0   0.0   0.2   0.1   0.0   0.1
37470 0    42.6  30.1  35.1  29.4  42.3  11.1  50.0   0.0  64.3  48.5  37.5  30.2  34.6  33.1  34.0
37470 1-3  43.5  60.9  57.6  61.9  49.2  66.7  50.0   0.0  35.7  45.5  50.0  65.9  57.0  58.1  57.4
37470 4-6  13.0   9.1   7.2   8.1   6.2  22.2   0.0 100.0   0.0   3.0  11.4   4.0   8.2   8.0   8.1
37470 >6    0.9   0.0   0.0   0.5   2.3   0.0   0.0   0.0   0.0   3.0   1.1   0.0   0.3   0.9   0.5
37472 0    22.6  18.5  16.9  14.4  18.8  40.0   5.9  25.0  23.1  32.2  21.1  20.2  19.6  16.4  18.7
37472 1-3  60.0  56.5  53.3  40.5  54.5  56.0  82.4  75.0  61.5  57.6  64.0  63.8  57.8  46.0  54.5
37472 4-6  14.0  22.6  25.1  34.6  22.3   4.0  11.8   0.0  15.4  10.2   7.9  13.6  19.0  29.4  21.9
37472 >6    3.4   2.5   4.8  10.5   4.5   0.0   0.0   0.0   0.0   0.0   7.0   2.3   3.6   8.2   4.9
37663 0    27.7  27.2  22.6  24.3  28.3  53.3  25.0  35.7  53.3  41.0  33.7  26.4  28.6  30.8  29.0
37663 1-3  51.4  54.2  52.6  47.5  54.4  33.3  75.0  64.3  42.7  50.2  51.7  50.8  52.0  48.8  51.4
37663 4-6  14.5  15.1  20.2  21.0  13.0  13.3   0.0   0.0   2.7   8.0  11.7  18.5  15.5  15.3  15.5
37663 >6    6.4   3.5   4.6   7.3   4.4   0.0   0.0   0.0   1.3   0.4   2.0   4.1   3.7   5.2   4.0
31152 0    63.6  80.0        83.3  42.0  38.5  41.9  46.1  47.3  39.2  90.9  75.7  61.4  44.8  46.6
31152 1-3  29.6  20.0        16.7  56.0  60.8  56.9  53.7  51.7  60.8   9.1  10.8  33.3  54.4  52.1
31152 4-6   4.6   0.0         0.0   2.0   0.8   1.2   0.0   1.0   0.0   0.0  10.8   3.9   0.7   1.1
31152 >6    0.0   0.0         0.0   0.0   0.0   0.0   0.0   0.0   0.0   0.0   0.0   0.0   0.0   0.0
